Gurobi_out3.txt 7 5 10 0 -2.275 0 0.45000000000000007 5
Gurobi_out1.txt 7 1 10 0 -0.4642857142857143 0 0.07142857142857142 1
Gurobi_out5.txt 7 9 10 0 -4.275 0 0.45000000000000007 9
Gurobi_out9.txt 7 19 10 0 -8.637499999999996 0 0.7250000000000086 18
Gurobi_out6.txt 7 12 10 0 -5.771428571428571 0 0.45714285714285713 12
Gurobi_out10.txt 7 20 10 0 -9.133916440216382 0 0.7321671195672346 19
Gurobi_out2.txt 7 2 10 0 -0.775 0 0.45 2
Gurobi_out4.txt 7 7 10 0 -3.275 0 0.45000000000000007 7
Gurobi_out8.txt 7 17 10 0 -7.6375 0 0.725 16
Gurobi_out7.txt 7 15 10 0 -7.0125 0 0.975 15
