demand: 280:31,31,31,31,31,24,:1,4,7,5,6,3,
demand: 923:36,36,36,36,1,1,1,31,:4,3,2,5,1,7,6,0,
demand: 137:27,27,27,18,25,:6,3,4,0,0,
demand: 290:29,29,20,12,3,25,13,21,:7,4,0,0,0,0,0,0,
demand: 266:34,34,34,34,25,:5,1,3,2,7,
demand: 660:28,28,18,3,12,20,29,:4,3,1,0,0,0,0,
demand: 813:36,25,33,:7,0,0,
demand: 148:25,25,17,17,9,1,5,13,22,:7,5,3,1,0,0,0,0,0,
demand: 694:25,1,13,21,:1,0,0,0,
demand: 556:26,26,17,31,:2,4,0,0,
demand: 620:30,20,12,3,33,:7,0,0,0,0,
demand: 987:27,27,18,18,3,12,20,29,:1,2,3,4,0,0,0,0,
demand: 239:33,24,:2,0,
demand: 761:25,25,2,2,2,34,34,:6,3,5,1,4,2,7,
demand: 549:22,22,22,13,13,36,:1,7,5,2,6,0,
demand: 424:23,14,25,13,21,:6,0,0,0,0,
demand: 935:25,32,32,:0,1,6,
demand: 177:23,23,23,14,33,:5,3,4,0,0,
demand: 383:22,13,13,5,5,1,11,19,27,:0,4,7,6,3,5,0,0,0,
demand: 416:34,34,34,34,17,17,36,:7,6,5,4,2,1,0,
demand: 648:29,20,12,3,25,1,13,21,:4,0,0,0,0,0,0,0,
demand: 115:23,15,15,15,24,24,24,3,31,:4,5,6,1,2,7,3,0,0,
demand: 499:26,17,34,25,24,:5,0,0,0,0,
demand: 381:24,24,5,31,34,:1,3,6,0,0,
demand: 498:25,17,17,9,9,1,1,7,15,23,:0,1,7,6,5,2,4,3,0,0,
demand: 118:36,31,32,32,32,:7,4,6,3,5,
demand: 2:31,11,11,11,19,19,19,27,:0,6,3,4,7,5,2,0,
demand: 492:32,32,32,6,6,6,31,13,22,:5,1,7,6,4,3,0,0,0,
demand: 662:34,1,2,31,18,24,:6,4,3,0,0,0,
demand: 30:30,30,30,20,20,20,12,3,5,13,22,:5,1,4,6,3,7,2,0,0,0,0,
demand: 655:23,14,14,5,5,13,17,26,:4,5,6,1,7,0,0,0,
demand: 302:27,18,18,14,14,23,:2,6,5,1,4,0,
demand: 875:36,2,13,22,:0,1,0,0,
demand: 878:34,13,13,33,33,:0,7,6,1,2,
demand: 253:34,31,5,5,33,33,:0,0,6,7,4,1,
demand: 342:28,14,14,3,12,20,29,:1,5,2,0,0,0,0,
demand: 263:31,33,:2,1,
demand: 622:31,14,11,3,12,20,29,:0,2,7,0,0,0,0,
demand: 999:25,16,16,8,3,12,20,30,:7,6,3,5,0,0,0,0,
demand: 659:29,29,29,20,12,12,3,33,:3,4,5,6,1,2,0,0,
demand: 158:26,26,17,25,:6,2,0,0,
demand: 699:22,13,5,32,3,12,20,30,:0,0,0,4,0,0,0,0,
demand: 682:31,3,3,5,2,2,26,:0,3,1,7,4,6,2,
demand: 876:33,24,25,16,26,:0,5,0,0,0,
demand: 332:22,21,:7,4,
demand: 211:24,24,6,3,12,20,30,:1,6,0,0,0,0,0,
demand: 568:29,20,12,12,3,3,6,25,17,26,:0,0,5,2,7,4,3,0,0,0,
demand: 422:24,11,11,25,31,:0,1,5,7,0,
Average Delay: 4.717391304347826
Runtime (mS): 69Acceptation rate: 0.6571428571428571