demand: 137:27,27,18,10,3,8,16,25,:6,3,4,0,0,0,0,0,
demand: 290:29,29,20,12,3,10,18,27,19,11,1,5,13,21,:7,4,0,0,0,0,0,0,0,0,0,0,0,0,
demand: 660:28,28,18,10,3,12,20,29,:4,3,1,0,0,0,0,0,
demand: 148:25,25,17,17,9,1,5,13,22,:7,5,3,1,0,0,0,0,0,
demand: 694:25,17,9,1,5,13,21,:1,0,0,0,0,0,0,
demand: 987:27,27,18,18,10,3,12,20,29,:1,2,3,4,0,0,0,0,0,
demand: 424:23,15,7,1,5,13,21,:6,0,0,0,0,0,0,
demand: 383:22,22,13,13,5,1,11,19,27,:4,7,6,3,5,0,0,0,0,
demand: 648:29,20,12,3,10,18,27,19,11,1,5,13,21,:4,0,0,0,0,0,0,0,0,0,0,0,0,
demand: 499:26,17,9,1,7,15,24,:5,0,0,0,0,0,0,
demand: 498:25,17,17,9,9,1,1,1,7,15,23,:0,1,7,6,5,2,4,3,0,0,0,
Average Delay: 8.090909090909092
Runtime (mS): 70Acceptation rate: 0.36666666666666664