demand: 137:27,27,18,10,3,8,16,25,:6,3,4,0,0,0,0,0,
demand: 290:29,29,20,12,3,10,18,27,19,11,1,5,13,21,:7,4,0,0,0,0,0,0,0,0,0,0,0,0,
demand: 660:28,28,18,10,3,12,20,29,:4,3,1,0,0,0,0,0,
demand: 148:25,25,17,17,9,1,5,13,22,:7,5,3,1,0,0,0,0,0,
demand: 694:25,17,9,1,5,13,21,:1,0,0,0,0,0,0,
demand: 987:27,27,18,18,10,3,12,20,29,:1,2,3,4,0,0,0,0,0,
demand: 424:23,15,7,1,5,13,21,:6,0,0,0,0,0,0,
demand: 383:22,22,13,13,5,1,11,19,27,:4,7,6,3,5,0,0,0,0,
demand: 648:29,20,12,3,10,18,27,19,11,1,5,13,21,:4,0,0,0,0,0,0,0,0,0,0,0,0,
demand: 499:26,17,9,1,7,15,24,:5,0,0,0,0,0,0,
demand: 498:25,17,17,9,9,1,1,1,7,15,23,:0,1,7,6,5,2,4,3,0,0,0,
demand: 30:30,30,20,20,12,12,3,10,18,27,19,11,1,5,13,22,:5,1,4,6,3,7,2,0,0,0,0,0,0,0,0,0,
demand: 655:23,23,15,15,7,1,9,17,26,:4,5,6,1,7,0,0,0,0,
demand: 302:27,19,19,11,11,1,7,15,23,:2,6,5,1,4,0,0,0,0,
demand: 342:28,18,18,10,3,12,20,29,:1,5,2,0,0,0,0,0,
demand: 6:28,19,19,11,11,1,5,13,22,:0,5,6,4,7,1,0,0,0,
demand: 999:25,16,16,8,3,12,20,30,:7,6,3,5,0,0,0,0,
demand: 158:26,26,17,25,:6,2,0,0,
Average Delay: 7.777777777777778
Runtime (mS): 73Acceptation rate: 0.36