demand: 280:31,31,31,31,31,24,:1,4,7,5,6,3,
demand: 137:27,27,27,18,25,:6,3,4,0,0,
demand: 290:29,29,20,12,3,5,13,21,:7,4,0,0,0,0,0,0,
demand: 660:28,28,18,3,12,20,29,:4,3,1,0,0,0,0,
demand: 148:25,25,17,17,9,1,5,13,22,:7,5,3,1,0,0,0,0,0,
demand: 694:25,5,13,21,:1,0,0,0,
demand: 556:26,26,17,25,31,:2,4,0,0,0,
demand: 620:30,20,12,3,33,:7,0,0,0,0,
demand: 987:27,27,18,18,3,12,20,29,:1,2,3,4,0,0,0,0,
demand: 239:33,24,:2,0,
demand: 424:23,14,5,13,21,:6,0,0,0,0,
demand: 935:25,32,:1,6,
demand: 177:23,23,23,14,33,:5,3,4,0,0,
demand: 383:22,22,13,13,5,1,11,19,27,:4,7,6,3,5,0,0,0,0,
demand: 648:29,20,12,3,5,13,21,:4,0,0,0,0,0,0,
demand: 115:23,15,15,15,24,24,24,3,31,:4,5,6,1,2,7,3,0,0,
demand: 499:26,17,25,24,:5,0,0,0,
demand: 498:25,17,17,9,9,1,1,1,7,15,23,:0,1,7,6,5,2,4,3,0,0,0,
demand: 2:31,5,5,5,18,18,18,27,:0,6,3,4,7,5,2,0,
demand: 30:30,30,20,20,12,12,3,33,5,13,22,:5,1,4,6,3,7,2,0,0,0,0,
demand: 655:23,14,14,14,25,17,26,:4,5,6,1,7,0,0,
demand: 302:27,19,19,19,11,14,23,:2,6,5,1,4,0,0,
demand: 342:28,3,3,12,20,29,:1,5,2,0,0,0,
demand: 263:31,33,:2,1,
demand: 622:31,11,3,12,20,29,:2,7,0,0,0,0,
demand: 6:28,18,6,6,13,13,22,:0,0,5,6,4,7,1,
demand: 999:25,16,16,8,3,12,20,30,:7,6,3,5,0,0,0,0,
demand: 659:29,29,29,20,20,20,12,3,24,33,:3,4,5,6,1,2,0,0,0,0,
demand: 158:26,26,17,25,:6,2,0,0,
demand: 788:33,33,6,31,:4,1,0,0,
demand: 467:32,32,32,32,14,14,14,31,:6,7,5,1,4,2,3,0,
demand: 543:22,13,5,24,24,16,16,26,:0,0,0,4,6,7,1,2,
demand: 699:22,13,5,14,3,12,20,30,:0,0,0,4,0,0,0,0,
demand: 993:31,18,11,11,17,26,:0,4,2,7,1,0,
demand: 876:33,5,25,17,26,:5,0,0,0,0,
demand: 332:22,21,:7,4,
demand: 211:24,24,32,3,12,20,30,:1,6,0,0,0,0,0,
demand: 142:24,24,11,11,19,19,27,:6,5,2,4,7,3,0,
demand: 278:22,13,5,11,14,23,:0,0,0,6,0,0,
demand: 568:29,20,12,12,3,6,6,25,17,26,:0,0,5,2,7,4,3,0,0,0,
demand: 422:24,11,32,32,31,:0,1,5,7,0,
demand: 322:32,32,32,19,19,19,28,:6,7,5,1,4,2,0,
Average Delay: 4.951219512195122
Runtime (mS): 96Acceptation rate: 0.5857142857142857