demand: 280:31,31,31,31,31,24,:1,4,7,5,6,3,
demand: 137:27,27,27,18,25,:6,3,4,0,0,
demand: 290:29,29,20,12,3,5,13,21,:7,4,0,0,0,0,0,0,
demand: 660:28,28,18,3,12,20,29,:4,3,1,0,0,0,0,
demand: 148:25,25,17,17,9,1,5,13,22,:7,5,3,1,0,0,0,0,0,
demand: 694:25,5,13,21,:1,0,0,0,
demand: 556:26,26,17,25,31,:2,4,0,0,0,
demand: 620:30,20,12,3,33,:7,0,0,0,0,
demand: 987:27,27,18,18,3,12,20,29,:1,2,3,4,0,0,0,0,
demand: 239:33,24,:2,0,
demand: 424:23,14,5,13,21,:6,0,0,0,0,
demand: 935:25,32,:1,6,
demand: 177:23,23,23,14,33,:5,3,4,0,0,
demand: 383:22,22,13,13,5,1,11,19,27,:4,7,6,3,5,0,0,0,0,
demand: 648:29,20,12,3,5,13,21,:4,0,0,0,0,0,0,
demand: 115:23,15,15,15,24,24,24,3,31,:4,5,6,1,2,7,3,0,0,
demand: 499:26,17,25,24,:5,0,0,0,
demand: 498:25,17,17,9,9,1,1,1,7,15,23,:0,1,7,6,5,2,4,3,0,0,0,
demand: 2:31,11,11,11,19,19,19,27,:0,6,3,4,7,5,2,0,
demand: 492:32,32,32,5,5,5,13,22,:5,1,7,6,4,3,0,0,
demand: 30:30,30,20,20,12,12,3,33,5,13,22,:5,1,4,6,3,7,2,0,0,0,0,
demand: 655:23,14,14,14,25,17,26,:4,5,6,1,7,0,0,
demand: 302:27,18,18,14,14,23,:2,6,5,1,4,0,
demand: 342:28,3,3,12,20,29,:1,5,2,0,0,0,
demand: 263:31,33,:2,1,
demand: 622:31,32,3,12,20,29,:2,7,0,0,0,0,
demand: 999:25,16,16,8,3,12,20,30,:7,6,3,5,0,0,0,0,
demand: 659:29,29,29,20,20,20,12,3,24,33,:3,4,5,6,1,2,0,0,0,0,
demand: 158:26,26,17,25,:6,2,0,0,
demand: 606:31,32,32,32,5,13,22,:0,3,5,4,7,1,0,
demand: 788:33,33,6,31,:4,1,0,0,
demand: 543:22,24,24,16,16,26,:4,6,7,1,2,0,
demand: 699:22,13,5,11,3,12,20,30,:0,0,0,4,0,0,0,0,
demand: 993:31,14,14,11,11,25,16,26,:0,4,2,7,1,0,0,0,
demand: 490:22,13,6,6,6,32,32,:0,2,4,6,3,5,7,
demand: 682:31,3,8,8,8,16,26,:0,3,1,7,4,6,2,
demand: 876:33,5,25,17,26,:5,0,0,0,0,
demand: 332:22,21,:7,4,
demand: 211:24,24,6,25,3,12,20,30,:1,6,0,0,0,0,0,0,
demand: 142:24,24,11,11,19,19,27,:6,5,2,4,7,3,0,
demand: 568:29,20,12,12,6,6,11,33,25,17,26,:0,0,5,2,7,4,3,0,0,0,0,
demand: 409:23,15,7,7,1,1,5,18,27,19,28,:0,0,6,4,2,7,0,0,0,0,0,
demand: 904:31,5,1,1,1,7,7,7,15,23,:0,7,2,3,1,4,6,5,0,0,
demand: 28:31,14,11,19,19,27,:0,0,0,1,4,0,
demand: 516:23,14,32,11,1,5,13,22,:0,0,7,0,0,0,0,0,
demand: 452:21,21,5,1,9,17,26,:2,4,7,3,1,0,0,
demand: 665:30,30,20,12,12,6,18,31,:5,7,4,2,1,6,0,0,
demand: 960:29,20,12,12,3,11,24,:0,0,5,3,0,0,0,
demand: 396:30,30,20,12,12,6,14,23,:3,7,4,6,2,1,0,0,
demand: 806:26,26,8,8,10,10,10,18,33,:3,2,6,7,4,1,5,0,0,
demand: 399:31,6,3,14,23,:0,6,0,0,0,
Average Delay: 5.24
Runtime (mS): 87Acceptation rate: 0.5