18, 33, 32, 25, 
20, 12, 3, 33, 5, 13, 21, 
18, 33, 32, 3, 12, 20, 29, 
36, 17, 25, 16, 8, 3, 12, 20, 30, 20, 29, 20, 30, 20, 12, 3, 10, 18, 27, 19, 11, 1, 5, 13, 22, 
18, 5, 13, 21, 
17, 25, 16, 8, 3, 12, 20, 30, 20, 12, 3, 11, 33, 
18, 6, 33, 14, 32, 24, 33, 24, 3, 12, 20, 29, 
31, 24, 
33, 13, 21, 13, 5, 25, 33, 14, 11, 5, 13, 21, 
33, 14, 6, 3, 12, 20, 30, 20, 29, 13, 21, 13, 5, 1, 11, 19, 27, 18, 10, 3, 12, 20, 30, 20, 29, 20, 30, 20, 29, 20, 12, 3, 10, 18, 27, 
13, 5, 1, 11, 19, 27, 18, 10, 3, 12, 20, 30, 20, 29, 20, 30, 20, 12, 3, 10, 18, 28, 18, 10, 3, 12, 20, 30, 20, 12, 3, 10, 18, 28, 20, 12, 3, 5, 13, 21, 
14, 18, 3, 25, 33, 17, 25, 24, 
11, 25, 33, 17, 25, 16, 8, 3, 12, 20, 30, 20, 12, 3, 10, 18, 28, 18, 10, 3, 12, 20, 30, 20, 29, 20, 30, 20, 29, 20, 12, 3, 6, 14, 23, 
36, 36, 36, 36, 11, 25, 33, 13, 5, 31, 25, 33, 20, 12, 3, 25, 33, 14, 6, 3, 12, 20, 30, 20, 12, 3, 10, 18, 28, 18, 10, 3, 12, 20, 30, 20, 12, 3, 10, 18, 28, 18, 10, 3, 8, 16, 26, 
18, 11, 33, 11, 32, 25, 33, 25, 32, 3, 14, 23, 
36, 18, 24, 11, 6, 32, 31, 3, 12, 20, 29, 
18, 32, 18, 32, 18, 3, 12, 20, 29, 
36, 18, 27, 18, 28, 18, 10, 3, 12, 20, 29, 20, 30, 20, 12, 3, 10, 18, 27, 19, 11, 1, 5, 13, 22, 
17, 9, 1, 11, 19, 28, 18, 27, 18, 10, 3, 8, 16, 26, 16, 8, 3, 12, 20, 30, 
20, 12, 3, 11, 32, 11, 31, 5, 32, 5, 31, 5, 32, 16, 8, 3, 12, 20, 29, 20, 12, 3, 8, 16, 25, 
11, 32, 11, 31, 5, 32, 5, 31, 5, 13, 22, 
20, 12, 3, 10, 18, 27, 18, 28, 18, 10, 3, 8, 16, 26, 16, 25, 16, 8, 3, 10, 18, 27, demand: 137:27,18,33,32,25,:0,6,3,4,0,
demand: 290:29,20,12,3,33,5,13,21,:0,7,0,0,4,0,0,0,
demand: 660:28,18,33,32,3,12,20,29,:0,4,3,1,0,0,0,0,
demand: 148:25,17,25,16,8,3,12,20,30,20,29,20,30,20,12,3,10,18,27,19,11,1,5,13,22,:0,7,0,0,0,0,0,0,5,0,3,0,1,0,0,0,0,0,0,0,0,0,0,0,0,
demand: 694:25,18,5,13,21,:0,1,0,0,0,
demand: 620:30,20,12,3,11,33,:0,7,0,0,0,0,
demand: 987:27,18,6,33,14,32,24,33,24,3,12,20,29,:0,1,0,2,0,3,0,4,0,0,0,0,0,
demand: 239:33,31,24,:0,2,0,
demand: 424:23,14,11,5,13,21,:0,0,6,0,0,0,
demand: 383:22,13,21,13,5,1,11,19,27,18,10,3,12,20,30,20,29,20,30,20,29,20,12,3,10,18,27,:0,0,4,0,0,0,0,0,0,0,0,0,0,0,7,0,6,0,3,0,5,0,0,0,0,0,0,
demand: 648:29,20,12,3,5,13,21,:0,4,0,0,0,0,0,
demand: 499:26,17,25,24,:0,5,0,0,
demand: 498:25,17,25,16,8,3,12,20,30,20,12,3,10,18,28,18,10,3,12,20,30,20,29,20,30,20,29,20,12,3,6,14,23,:0,1,0,0,0,0,0,0,7,0,0,0,0,0,6,0,0,0,0,0,5,0,2,0,4,0,3,0,0,0,0,0,0,
demand: 655:23,14,6,3,12,20,30,20,12,3,10,18,28,18,10,3,12,20,30,20,12,3,10,18,28,18,10,3,8,16,26,:0,4,0,0,0,0,5,0,0,0,0,0,6,0,0,0,0,0,1,0,0,0,0,0,7,0,0,0,0,0,0,
demand: 302:27,18,11,33,11,32,25,33,25,32,3,14,23,:0,2,0,6,0,5,0,1,0,4,0,0,0,
demand: 342:28,18,24,11,6,32,31,3,12,20,29,:0,0,0,1,0,5,2,0,0,0,0,
demand: 622:31,18,32,18,3,12,20,29,:0,2,7,0,0,0,0,0,
demand: 6:28,18,27,18,28,18,10,3,12,20,29,20,30,20,12,3,10,18,27,19,11,1,5,13,22,:0,0,5,0,6,0,0,0,0,0,4,0,7,0,0,0,0,0,1,0,0,0,0,0,0,
demand: 999:25,17,9,1,11,19,28,18,27,18,10,3,8,16,26,16,8,3,12,20,30,:0,7,0,0,0,0,6,0,3,0,0,0,0,0,5,0,0,0,0,0,0,
demand: 158:26,16,8,3,12,20,29,20,12,3,8,16,25,:0,6,0,0,0,0,2,0,0,0,0,0,0,
demand: 606:31,11,32,11,31,5,32,5,31,5,13,22,:0,3,5,0,4,0,7,0,1,0,0,0,
Average Delay: 13.523809523809524
Runtime (mS): 95Acceptation rate: 0.42