36 7 50 2
5.18 40.31 13.4;2.33 20.76 3.83;3.75 29.24 6.53;3.29 45.47 2.1;3.1 47.48 17.46;2.81 24.26 18.03;1.7 4.35 12.85;
280;31;24;12.06090006063379;43.20840642597395;150.0;1.468633941787274;1 4 7 5 6 3 ;31 5 6 18 3 32 14 11 25 33 24 ;1 4 0 0 7 0 5 6 3 0 0 
923;36;31;12.47144048871867;17.282621339235156;150.0;0.6278839535493819;4 3 2 5 1 7 6 ;36 13 17 2 1 34 25 31 ;4 3 2 5 1 7 6 0 
137;27;25;19.677052145384913;41.435351457263764;50.0;4.354144190537211;6 3 4 
290;29;21;19.677052145384913;27.97814012954138;100.0;0.9829307235665269;7 4 
266;34;25;19.677052145384913;44.80607900085522;100.0;1.729785061674412;5 1 3 2 7 
319;33;27;19.677052145384913;27.866084475467567;200.0;1.862148540756654;2 
660;28;29;19.677052145384913;10.058461168994858;50.0;4.219802268025335;4 3 1 
813;36;33;19.677052145384913;10.080149457174798;150.0;0.9949407459683562;7 
148;25;22;19.677052145384913;1.6966172767942267;200.0;1.407897321814312;7 5 3 1 
694;25;21;19.677052145384913;22.855213045586797;100.0;2.061394655600133;1 
379;34;30;19.677052145384913;15.024643315129438;200.0;1.2808087062160562;5 3 6 7 4 2 
556;26;31;19.677052145384913;29.926543006917072;150.0;2.908245556487386;2 4 
620;30;33;19.677052145384913;17.44951892086977;50.0;2.4652842317363053;7 
366;35;30;19.677052145384913;41.92239271950891;50.0;0.5867368424267461;5 4 
987;27;29;19.677052145384913;49.25897304521838;100.0;2.929372263635852;1 2 3 4 
239;33;24;19.677052145384913;7.351031973450095;100.0;1.1290709300634254;2 
761;25;34;19.677052145384913;36.11033149394102;100.0;3.9447166973384498;6 3 5 1 4 2 7 
549;22;36;19.677052145384913;31.20457419277764;100.0;1.0938853548682697;1 7 5 2 6 
424;23;21;19.677052145384913;22.315004976815413;50.0;0.06915526105574055;6 
935;25;32;19.677052145384913;46.12438139365753;100.0;2.4881353744378747;1 6 
177;23;33;19.677052145384913;38.90296395752551;150.0;1.4111168359584558;5 3 4 
383;22;27;19.677052145384913;19.57610461694153;200.0;0.549445293832066;4 7 6 3 5 
416;34;36;19.677052145384913;40.39778319819509;100.0;2.9825739539733442;7 6 5 4 2 1 
818;21;36;19.677052145384913;22.630205517648;200.0;0.12692424857876805;7 1 5 4 6 3 2 
648;29;21;19.677052145384913;11.345735767694116;50.0;1.7478449505183553;4 
115;23;31;19.677052145384913;24.667637744977434;100.0;0.9163526331093036;4 5 6 1 2 7 3 
499;26;24;19.677052145384913;32.86494122876306;50.0;4.261571321827909;5 
381;24;34;19.677052145384913;16.41826037071132;100.0;4.782481989908557;1 3 6 
498;25;23;19.677052145384913;40.23756525411725;200.0;1.1608227974124068;1 7 6 5 2 4 3 
118;36;32;19.677052145384913;38.41406054730813;150.0;2.8883240342145458;7 4 6 3 5 
2;31;27;19.677052145384913;47.45420325633997;150.0;2.0625529249515835;6 3 4 7 5 2 
492;32;22;19.677052145384913;22.52946128226893;100.0;4.71174961308935;5 1 7 6 4 3 
662;34;24;19.677052145384913;24.445529955748345;150.0;4.9609654437137705;6 4 3 
42;21;22;19.677052145384913;20.923340115414728;100.0;4.381998111142368;1 7 3 2 4 6 5 
30;30;22;19.677052145384913;28.188726779870372;100.0;3.0526045522124194;5 1 4 6 3 7 2 
655;23;26;19.677052145384913;6.329743262839122;150.0;3.894792342426931;4 5 6 1 7 
302;27;23;19.677052145384913;1.9684377108339812;50.0;1.6752822036262387;2 6 5 1 4 
875;36;22;19.677052145384913;3.9839709414147215;150.0;0.060553727873626784;1 
878;34;33;19.677052145384913;7.516026948499649;100.0;0.4992838020348711;7 6 1 2 
253;34;33;19.677052145384913;25.262124340125812;50.0;2.503637423715091;6 7 4 1 
342;28;29;19.677052145384913;33.672043451213774;100.0;0.015433933447637216;1 5 2 
263;31;33;19.677052145384913;6.150222386171467;100.0;4.091886807455179;2 1 
306;33;29;19.677052145384913;10.280529260730836;200.0;3.5173978941396964;6 1 4 7 5 2 3 
622;31;29;19.677052145384913;26.117737800259704;100.0;1.1570428289147416;2 7 
727;36;24;19.677052145384913;30.953678883924358;200.0;1.3479163911506316;3 
6;28;22;19.677052145384913;47.42685102906981;150.0;0.7837899941603277;5 6 4 7 1 
999;25;30;19.677052145384913;1.2456059379704898;200.0;1.647953353812619;7 6 3 5 
659;29;33;19.677052145384913;19.714109563206666;50.0;0.49396940030935477;3 4 5 6 1 2 
158;26;25;19.677052145384913;16.857381991222415;150.0;0.7764458347525638;6 2 
606;31;22;19.677052145384913;42.67983495671708;50.0;4.972526590858935;3 5 4 7 1 
788;33;31;19.677052145384913;29.126381748269853;100.0;3.735043947004012;4 1 
7;29;34;19.677052145384913;34.07580270959127;150.0;3.1328064700699985;4 6 7 1 5 2 
0.44
32 640 60 ;1.68 
32 640 244 ;2.66 
36 116 48000 ;5.52 
36 116 48000 ;5.52 
36 116 48000 ;5.52 
32 640 244 ;2.66 
32 640 60 ;1.68 
32 640 244 ;2.66 
36 116 48000 ;5.52 
32 640 244 ;2.66 
32 640 60 ;1.68 
32 640 244 ;2.66 
36 116 48000 ;5.52 
32 640 60 ;1.68 
36 116 48000 ;5.52 
32 640 60 ;1.68 
32 640 60 ;1.68 
32 640 60 ;1.68 
32 640 244 ;2.66 
32 640 60 ;1.68 
32 640 60 ;1.68 
36 116 48000 ;5.52 
32 640 60 ;1.68 
32 640 244 ;2.66 
36 116 48000 ;5.52 
32 640 60 ;1.68 
32 640 60 ;1.68 
36 116 48000 ;5.52 
32 640 60 ;1.68 
32 640 244 ;2.66 
32 640 60 ;1.68 
32 640 244 ;2.66 
32 640 60 ;1.68 
32 640 244 ;2.66 
32 640 244 ;2.66 
36 116 48000 ;5.52 
0 0 0 0 5000 0 5000 0 5000 0 5000 0 0 0 0 0 0 0 0 0 0 0 0 0 0 0 0 0 0 0 0 0 0 0 0 0 
0 0 0 0 5000 0 5000 0 5000 0 5000 0 0 0 0 0 0 0 0 0 0 0 0 0 0 0 0 0 0 0 0 0 0 0 0 0 
0 0 0 0 0 5000 0 5000 0 5000 0 5000 0 0 0 0 0 0 0 0 0 0 0 0 0 0 0 0 0 0 0 0 0 0 0 0 
0 0 0 0 0 5000 0 5000 0 5000 0 5000 0 0 0 0 0 0 0 0 0 0 0 0 0 0 0 0 0 0 0 0 0 0 0 0 
5000 5000 0 0 0 0 0 0 0 0 0 0 5000 0 0 0 0 0 0 0 0 0 0 0 0 0 0 0 0 0 0 0 0 0 0 0 
0 0 5000 5000 0 0 0 0 0 0 0 0 0 5000 0 0 0 0 0 0 0 0 0 0 0 0 0 0 0 0 0 0 0 0 0 0 
5000 5000 0 0 0 0 0 0 0 0 0 0 0 0 5000 0 0 0 0 0 0 0 0 0 0 0 0 0 0 0 0 0 0 0 0 0 
0 0 5000 5000 0 0 0 0 0 0 0 0 0 0 0 5000 0 0 0 0 0 0 0 0 0 0 0 0 0 0 0 0 0 0 0 0 
5000 5000 0 0 0 0 0 0 0 0 0 0 0 0 0 0 5000 0 0 0 0 0 0 0 0 0 0 0 0 0 0 0 0 0 0 0 
0 0 5000 5000 0 0 0 0 0 0 0 0 0 0 0 0 0 5000 0 0 0 0 0 0 0 0 0 0 0 0 0 0 0 0 0 0 
5000 5000 0 0 0 0 0 0 0 0 0 0 0 0 0 0 0 0 5000 0 0 0 0 0 0 0 0 0 0 0 0 0 0 0 0 0 
0 0 5000 5000 0 0 0 0 0 0 0 0 0 0 0 0 0 0 0 5000 0 0 0 0 0 0 0 0 0 0 0 0 0 0 0 0 
0 0 0 0 5000 0 0 0 0 0 0 0 0 0 0 0 0 0 0 0 5000 5000 0 0 0 0 0 0 0 0 0 0 0 0 0 0 
0 0 0 0 0 5000 0 0 0 0 0 0 0 0 0 0 0 0 0 0 0 0 5000 5000 0 0 0 0 0 0 0 0 0 0 0 0 
0 0 0 0 0 0 5000 0 0 0 0 0 0 0 0 0 0 0 0 0 0 0 5000 5000 0 0 0 0 0 0 0 0 0 0 0 0 
0 0 0 0 0 0 0 5000 0 0 0 0 0 0 0 0 0 0 0 0 0 0 0 0 5000 5000 0 0 0 0 0 0 0 0 0 0 
0 0 0 0 0 0 0 0 5000 0 0 0 0 0 0 0 0 0 0 0 0 0 0 0 5000 5000 0 0 0 0 0 0 0 0 0 0 
0 0 0 0 0 0 0 0 0 5000 0 0 0 0 0 0 0 0 0 0 0 0 0 0 0 0 5000 5000 0 0 0 0 0 0 0 0 
0 0 0 0 0 0 0 0 0 0 5000 0 0 0 0 0 0 0 0 0 0 0 0 0 0 0 5000 5000 0 0 0 0 0 0 0 0 
0 0 0 0 0 0 0 0 0 0 0 5000 0 0 0 0 0 0 0 0 0 0 0 0 0 0 0 0 5000 5000 0 0 0 0 0 0 
0 0 0 0 0 0 0 0 0 0 0 0 5000 0 0 0 0 0 0 0 0 0 0 0 0 0 0 0 0 0 0 0 0 0 0 0 
0 0 0 0 0 0 0 0 0 0 0 0 5000 0 0 0 0 0 0 0 0 0 0 0 0 0 0 0 0 0 0 0 0 0 0 0 
0 0 0 0 0 0 0 0 0 0 0 0 0 5000 5000 0 0 0 0 0 0 0 0 0 0 0 0 0 0 0 0 0 0 0 0 0 
0 0 0 0 0 0 0 0 0 0 0 0 0 5000 5000 0 0 0 0 0 0 0 0 0 0 0 0 0 0 0 0 0 0 0 0 0 
0 0 0 0 0 0 0 0 0 0 0 0 0 0 0 5000 5000 0 0 0 0 0 0 0 0 0 0 0 0 0 0 0 0 0 0 0 
0 0 0 0 0 0 0 0 0 0 0 0 0 0 0 5000 5000 0 0 0 0 0 0 0 0 0 0 0 0 0 0 0 0 0 0 0 
0 0 0 0 0 0 0 0 0 0 0 0 0 0 0 0 0 5000 5000 0 0 0 0 0 0 0 0 0 0 0 0 0 0 0 0 0 
0 0 0 0 0 0 0 0 0 0 0 0 0 0 0 0 0 5000 5000 0 0 0 0 0 0 0 0 0 0 0 0 0 0 0 0 0 
0 0 0 0 0 0 0 0 0 0 0 0 0 0 0 0 0 0 0 5000 0 0 0 0 0 0 0 0 0 0 0 0 0 0 0 0 
0 0 0 0 0 0 0 0 0 0 0 0 0 0 0 0 0 0 0 5000 0 0 0 0 0 0 0 0 0 0 0 0 0 0 0 0 
0 0 0 0 0 0 0 0 0 0 0 0 0 0 0 0 0 0 0 0 0 0 0 0 0 0 0 0 0 0 0 0 0 0 0 0 
0 0 0 0 0 0 0 0 0 0 0 0 0 0 0 0 0 0 0 0 0 0 0 0 0 0 0 0 0 0 0 0 0 0 0 0 
0 0 0 0 0 0 0 0 0 0 0 0 0 0 0 0 0 0 0 0 0 0 0 0 0 0 0 0 0 0 0 0 0 0 0 0 
0 0 0 0 0 0 0 0 0 0 0 0 0 0 0 0 0 0 0 0 0 0 0 0 0 0 0 0 0 0 0 0 0 0 0 0 
0 0 0 0 0 0 0 0 0 0 0 0 0 0 0 0 0 0 0 0 0 0 0 0 0 0 0 0 0 0 0 0 0 0 0 0 
0 0 0 0 0 0 0 0 0 0 0 0 0 0 0 0 0 0 0 0 0 0 0 0 0 0 0 0 0 0 0 0 0 0 0 0 
