18, 10, 3, 12, 20, 30, 20, 29, 20, 12, 3, 8, 16, 25, 
20, 30, 20, 12, 3, 10, 18, 27, 19, 11, 1, 5, 13, 21, 
18, 10, 3, 12, 20, 30, 20, 29, 
36, 17, 25, 16, 8, 3, 12, 20, 30, 20, 29, 20, 30, 20, 12, 3, 10, 18, 27, 19, 11, 1, 5, 13, 22, 
17, 9, 1, 5, 13, 21, 
17, 25, 16, 8, 3, 12, 20, 30, 20, 18, 10, 3, 12, 20, 30, 20, 29, 20, 30, 20, 29, 
17, 25, 16, 8, 3, 12, 20, 30, 20, 29, 20, 12, 3, 10, 18, 28, 18, 10, 3, 12, 20, 30, 20, 29, 20, 12, 3, 10, 18, 28, 13, 21, 13, 5, 1, 11, 19, 27, 18, 10, 3, 12, 20, 30, 20, 29, 20, 30, 20, 12, 3, 10, 18, 28, 14, 23, 15, 7, 1, 5, 13, 21, 
17, 25, 16, 8, 3, 12, 20, 30, 14, 6, 3, 12, 20, 30, 20, 29, 13, 21, 13, 5, 1, 11, 19, 27, 18, 10, 3, 12, 20, 30, 20, 29, 20, 30, 20, 12, 3, 10, 18, 28, 18, 27, 
13, 5, 1, 11, 19, 27, 18, 10, 3, 12, 20, 29, 20, 12, 3, 10, 18, 28, 18, 27, 18, 10, 3, 8, 16, 26, 16, 8, 3, 10, 18, 27, 18, 28, 20, 12, 3, 10, 18, 27, 19, 11, 1, 5, 13, 21, 
14, 6, 3, 10, 18, 28, 18, 27, 18, 10, 3, 12, 20, 29, 20, 12, 3, 10, 18, 28, 18, 10, 3, 12, 20, 30, 20, 12, 3, 10, 18, 27, 17, 9, 1, 7, 15, 24, 
14, 6, 3, 12, 20, 29, 20, 12, 3, 10, 18, 28, 17, 25, 16, 8, 3, 12, 20, 30, 20, 12, 3, 10, 18, 28, 18, 27, 18, 10, 3, 12, 20, 29, 20, 12, 3, 10, 18, 27, 18, 10, 3, 12, 20, 29, 20, 12, 3, 6, 14, 23, 
36, 36, 36, 36, 13, 5, 1, 11, 19, 28, 18, 27, 18, 28, 18, 10, 3, 12, 20, 29, 20, 12, 3, 10, 18, 27, 18, 10, 3, 8, 16, 26, 17, 9, 1, 5, 13, 22, 
20, 12, 3, 10, 18, 27, 18, 10, 3, 8, 16, 26, 17, 25, 17, 26, 16, 8, 3, 10, 18, 28, 18, 10, 3, 8, 16, 26, 17, 9, 1, 5, 13, 22, 
14, 6, 3, 8, 16, 26, 17, 25, 16, 8, 3, 6, 14, 24, 14, 6, 3, 10, 18, 28, 18, 10, 3, 8, 16, 26, 
18, 10, 3, 8, 16, 25, 16, 8, 3, 6, 14, 24, 14, 6, 3, 8, 16, 25, 16, 8, 3, 10, 18, 27, 18, 10, 3, 6, 14, 23, 
36, 18, 10, 3, 6, 14, 24, 14, 6, 3, 8, 16, 26, 16, 8, 3, 12, 20, 29, 
36, 19, 11, 1, 7, 15, 24, 14, 6, 3, 8, 16, 26, 16, 8, 3, 10, 18, 28, 18, 10, 3, 6, 14, 24, 15, 7, 1, 5, 13, 22, 
16, 8, 3, 6, 14, 24, 14, 6, 3, 8, 16, 26, 16, 8, 3, 6, 14, 24, 14, 6, 3, 12, 20, 30, 
20, 12, 3, 6, 14, 24, 14, 23, 14, 24, 14, 23, 15, 7, 1, 5, 13, 22, 16, 8, 3, 6, 14, 24, 14, 6, 3, 8, 16, 25, 
20, 12, 3, 6, 14, 24, 14, 6, 3, 10, 18, 28, 18, 10, 3, 6, 14, 23, 15, 7, 1, 5, 13, 22, 13, 5, 1, 7, 15, 23, 13, 21, 13, 5, 1, 7, 15, 24, 14, 6, 3, 10, 18, 28, 18, 10, 3, 6, 14, 23, 15, 7, 1, 5, 13, 22, 13, 5, 1, 9, 17, 26, 
13, 21, 13, 5, 1, 11, 19, 27, 18, 10, 3, 12, 20, 30, 
13, 21, 13, 5, 1, 7, 15, 23, 15, 7, 1, 5, 13, 22, 13, 5, 1, 7, 15, 23, 15, 7, 1, 5, 13, 22, 13, 5, 1, 7, 15, 23, 20, 12, 3, 6, 14, 23, 16, 8, 3, 6, 14, 23, 13, 21, 13, 5, 1, 7, 15, 23, 15, 7, 1, 5, 13, 21, 
14, 23, 14, 6, 3, 12, 20, 30, 
14, 23, 15, 7, 1, 5, 13, 22, 13, 5, 1, 7, 15, 23, 15, 7, 1, 5, 13, 22, 13, 5, 1, 7, 15, 23, 14, 6, 3, 10, 18, 27, 
13, 21, 13, 5, 1, 7, 15, 23, 
20, 12, 3, 10, 18, 27, 19, 11, 1, 5, 13, 22, 13, 21, 13, 22, 13, 21, 13, 5, 1, 9, 17, 26, 
18, 27, 19, 27, 18, 10, 3, 8, 16, 8, 3, 10, 18, 27, 19, 11, 1, 5, 13, 21, 13, 5, 1, 11, 19, 27, 18, 10, 3, 12, 20, 12, 3, 10, 18, 27, 19, 15, 7, 1, 11, 19, 27, 18, 10, 3, 8, 16, demand: 137:27,18,10,3,12,20,30,20,29,20,12,3,8,16,25,:0,6,0,0,0,0,3,0,4,0,0,0,0,0,0,
demand: 290:29,20,30,20,12,3,10,18,27,19,11,1,5,13,21,:0,7,4,0,0,0,0,0,0,0,0,0,0,0,0,
demand: 660:28,18,10,3,12,20,30,20,29,:0,4,0,0,0,0,3,0,1,
demand: 148:25,17,25,16,8,3,12,20,30,20,29,20,30,20,12,3,10,18,27,19,11,1,5,13,22,:0,7,0,0,0,0,0,0,5,0,3,0,1,0,0,0,0,0,0,0,0,0,0,0,0,
demand: 694:25,17,9,1,5,13,21,:0,1,0,0,0,0,0,
demand: 987:27,18,10,3,12,20,30,20,29,20,30,20,29,:0,1,0,0,0,0,2,0,3,0,4,0,0,
demand: 424:23,14,23,15,7,1,5,13,21,:0,6,0,0,0,0,0,0,0,
demand: 383:22,13,21,13,5,1,11,19,27,18,10,3,12,20,30,20,29,20,30,20,12,3,10,18,28,18,27,:0,0,4,0,0,0,0,0,0,0,0,0,0,0,7,0,6,0,3,0,0,0,0,0,5,0,0,
demand: 648:29,20,12,3,10,18,27,19,11,1,5,13,21,:0,4,0,0,0,0,0,0,0,0,0,0,0,
demand: 499:26,17,9,1,7,15,24,:0,5,0,0,0,0,0,
demand: 498:25,17,25,16,8,3,12,20,30,20,12,3,10,18,28,18,27,18,10,3,12,20,29,20,12,3,10,18,27,18,10,3,12,20,29,20,12,3,6,14,23,:0,1,0,0,0,0,0,0,7,0,0,0,0,0,6,0,5,0,0,0,0,0,2,0,0,0,0,0,4,0,0,0,0,0,3,0,0,0,0,0,0,
demand: 42:21,13,5,1,11,19,28,18,27,18,28,18,10,3,12,20,29,20,12,3,10,18,27,18,10,3,8,16,26,17,9,1,5,13,22,:0,0,0,1,0,0,7,0,3,0,2,0,0,0,0,0,4,0,0,0,0,0,6,0,0,0,0,0,5,0,0,0,0,0,0,
demand: 30:30,20,12,3,10,18,27,18,10,3,8,16,26,17,25,17,26,16,8,3,10,18,28,18,10,3,8,16,26,17,9,1,5,13,22,:0,5,0,0,0,0,1,0,0,0,0,0,4,0,6,0,3,0,0,0,0,0,7,0,0,0,0,0,2,0,0,0,0,0,0,
demand: 655:23,14,6,3,8,16,26,17,25,16,8,3,6,14,24,14,6,3,10,18,28,18,10,3,8,16,26,:0,4,0,0,0,0,5,0,6,0,0,0,0,0,1,0,0,0,0,0,7,0,0,0,0,0,0,
demand: 302:27,18,10,3,8,16,25,16,8,3,6,14,24,14,6,3,8,16,25,16,8,3,10,18,27,18,10,3,6,14,23,:0,2,0,0,0,0,6,0,0,0,0,0,5,0,0,0,0,0,1,0,0,0,0,0,4,0,0,0,0,0,0,
demand: 342:28,18,10,3,6,14,24,14,6,3,8,16,26,16,8,3,12,20,29,:0,1,0,0,0,0,5,0,0,0,0,0,2,0,0,0,0,0,0,
demand: 6:28,19,11,1,7,15,24,14,6,3,8,16,26,16,8,3,10,18,28,18,10,3,6,14,24,15,7,1,5,13,22,:0,0,5,0,0,0,6,0,0,0,0,0,4,0,0,0,0,0,7,0,0,0,0,0,1,0,0,0,0,0,0,
demand: 999:25,16,8,3,6,14,24,14,6,3,8,16,26,16,8,3,6,14,24,14,6,3,12,20,30,:0,7,0,0,0,0,6,0,0,0,0,0,3,0,0,0,0,0,5,0,0,0,0,0,0,
demand: 158:26,16,8,3,6,14,24,14,6,3,8,16,25,:0,6,0,0,0,0,2,0,0,0,0,0,0,
demand: 543:22,13,21,13,5,1,7,15,24,14,6,3,10,18,28,18,10,3,6,14,23,15,7,1,5,13,22,13,5,1,9,17,26,:0,0,4,0,0,0,0,0,6,0,0,0,0,0,7,0,0,0,0,0,1,0,0,0,0,0,2,0,0,0,0,0,0,
demand: 699:22,13,21,13,5,1,11,19,27,18,10,3,12,20,30,:0,0,4,0,0,0,0,0,0,0,0,0,0,0,0,
demand: 332:22,13,21,13,5,1,7,15,23,15,7,1,5,13,21,:0,0,7,0,0,0,0,0,4,0,0,0,0,0,0,
demand: 211:24,14,23,14,6,3,12,20,30,:0,1,6,0,0,0,0,0,0,
demand: 142:24,14,23,15,7,1,5,13,22,13,5,1,7,15,23,15,7,1,5,13,22,13,5,1,7,15,23,14,6,3,10,18,27,:0,6,5,0,0,0,0,0,2,0,0,0,0,0,4,0,0,0,0,0,7,0,0,0,0,0,3,0,0,0,0,0,0,
demand: 278:22,13,21,13,5,1,7,15,23,:0,0,6,0,0,0,0,0,0,
demand: 568:29,20,12,3,10,18,27,19,11,1,5,13,22,13,21,13,22,13,21,13,5,1,9,17,26,:0,5,0,0,0,0,0,0,0,0,0,0,2,0,7,0,4,0,3,0,0,0,0,0,0,
Average Delay: 20.615384615384617
Runtime (mS): 85Acceptation rate: 0.37142857142857144