18, 10, 3, 12, 20, 30, 20, 29, 20, 12, 3, 8, 16, 25, 
20, 30, 20, 12, 3, 10, 18, 27, 19, 11, 1, 5, 13, 21, 
18, 10, 3, 12, 20, 30, 20, 29, 
36, 17, 25, 16, 8, 3, 12, 20, 30, 20, 29, 20, 30, 20, 12, 3, 10, 18, 27, 19, 11, 1, 5, 13, 22, 
17, 9, 1, 5, 13, 21, 
17, 25, 16, 8, 3, 12, 20, 30, 20, 18, 10, 3, 12, 20, 30, 20, 29, 20, 30, 20, 29, 
17, 25, 16, 8, 3, 12, 20, 30, 20, 29, 20, 12, 3, 10, 18, 28, 18, 10, 3, 12, 20, 30, 20, 29, 20, 12, 3, 10, 18, 28, 13, 21, 13, 5, 1, 11, 19, 27, 18, 10, 3, 12, 20, 30, 20, 29, 20, 30, 20, 12, 3, 10, 18, 28, 14, 23, 15, 7, 1, 5, 13, 21, 
17, 25, 16, 8, 3, 12, 20, 30, 14, 6, 3, 12, 20, 30, 20, 29, 13, 21, 13, 5, 1, 11, 19, 27, 18, 10, 3, 12, 20, 30, 20, 29, 20, 30, 20, 12, 3, 10, 18, 28, 18, 27, 
13, 5, 1, 11, 19, 27, 18, 10, 3, 12, 20, 29, 20, 12, 3, 10, 18, 28, 18, 27, 18, 10, 3, 8, 16, 26, 16, 8, 3, 10, 18, 27, 18, 28, 20, 12, 3, 10, 18, 27, 19, 11, 1, 5, 13, 21, 
14, 6, 3, 10, 18, 28, 18, 27, 18, 10, 3, 12, 20, 29, 20, 12, 3, 10, 18, 28, 18, 10, 3, 12, 20, 30, 20, 12, 3, 10, 18, 27, 17, 9, 1, 7, 15, 24, 
14, 6, 3, 12, 20, 29, 20, 12, 3, 10, 18, 28, 17, 25, 16, 8, 3, 12, 20, 30, 20, 12, 3, 10, 18, 28, 18, 27, 18, 10, 3, 12, 20, 29, 20, 12, 3, 10, 18, 27, 18, 10, 3, 12, 20, 29, 20, 12, 3, 6, 14, 23, 
36, 36, 36, 36, demand: 137:27,18,10,3,12,20,30,20,29,20,12,3,8,16,25,:0,6,0,0,0,0,3,0,4,0,0,0,0,0,0,
demand: 290:29,20,30,20,12,3,10,18,27,19,11,1,5,13,21,:0,7,4,0,0,0,0,0,0,0,0,0,0,0,0,
demand: 660:28,18,10,3,12,20,30,20,29,:0,4,0,0,0,0,3,0,1,
demand: 148:25,17,25,16,8,3,12,20,30,20,29,20,30,20,12,3,10,18,27,19,11,1,5,13,22,:0,7,0,0,0,0,0,0,5,0,3,0,1,0,0,0,0,0,0,0,0,0,0,0,0,
demand: 694:25,17,9,1,5,13,21,:0,1,0,0,0,0,0,
demand: 987:27,18,10,3,12,20,30,20,29,20,30,20,29,:0,1,0,0,0,0,2,0,3,0,4,0,0,
demand: 424:23,14,23,15,7,1,5,13,21,:0,6,0,0,0,0,0,0,0,
demand: 383:22,13,21,13,5,1,11,19,27,18,10,3,12,20,30,20,29,20,30,20,12,3,10,18,28,18,27,:0,0,4,0,0,0,0,0,0,0,0,0,0,0,7,0,6,0,3,0,0,0,0,0,5,0,0,
demand: 648:29,20,12,3,10,18,27,19,11,1,5,13,21,:0,4,0,0,0,0,0,0,0,0,0,0,0,
demand: 499:26,17,9,1,7,15,24,:0,5,0,0,0,0,0,
demand: 498:25,17,25,16,8,3,12,20,30,20,12,3,10,18,28,18,27,18,10,3,12,20,29,20,12,3,10,18,27,18,10,3,12,20,29,20,12,3,6,14,23,:0,1,0,0,0,0,0,0,7,0,0,0,0,0,6,0,5,0,0,0,0,0,2,0,0,0,0,0,4,0,0,0,0,0,3,0,0,0,0,0,0,
Average Delay: 16.454545454545453
Runtime (mS): 68Acceptation rate: 0.36666666666666664