RBP3.txt 15 7 10 5 1.0 2.5 165 227.35000000000045 1.0 2.3 155 214.84040000000024 1.0 2.3 192 189.54920000000024 1.0 2.5 125 172.19280000000032 1.0 2.5 181 89.16560000000013
RBP23.txt 250 10 300 30 0.85 3.019607843137255 3575596 5416.106000000101 0.85 3.156862745098039 3601469 5117.743200000085 0.86 3.2170542635658914 3494695 4864.057200000052 0.85 3.215686274509804 3447812 4623.1968000000525 0.8633333333333333 3.277992277992278 3255508 4357.75960000002
RBP1.txt 6 3 1 1 1.0 3.0 49 24.098000000000003 1.0 3.0 85 24.098000000000003 1.0 3.0 28 24.098000000000003 1.0 3.0 46 24.098000000000003 1.0 3.0 118 3.5715999999999957
RBP14.txt 100 10 100 20 0.94 2.9574468085106385 21618 2656.8719999999876 0.92 3.010869565217391 22167 2446.459599999983 0.92 3.130434782608696 25065 2311.9431999999833 0.94 3.1914893617021276 20681 2289.6939999999763 0.97 3.3402061855670104 19311 2109.986799999982
RBP5.txt 15 7 40 5 0.525 2.857142857142857 175 338.9120000000012 0.525 2.6666666666666665 203 299.4304000000004 0.525 2.7142857142857144 155 264.8092000000005 0.5 2.85 211 234.27880000000084 0.55 2.727272727272727 214 183.72960000000043
RBP19.txt 250 10 80 30 0.9875 2.607594936708861 116664 2391.391999999969 1.0 2.7375 38522 2089.331199999974 1.0 2.9125 26842 1865.5031999999849 1.0 3.1 29700 1624.5727999999815 1.0 3.125 34123 1340.8335999999945
RBP9.txt 15 7 100 5 0.25 2.88 180 315.54000000000065 0.23 2.9130434782608696 359 307.26840000000067 0.24 2.9583333333333335 368 283.9792000000003 0.24 3.0833333333333335 326 266.0568000000006 0.23 3.391304347826087 238 195.0776000000006
RBP6.txt 15 7 60 5 0.43333333333333335 2.8461538461538463 123 334.39200000000045 0.4666666666666667 2.642857142857143 120 310.4064000000006 0.43333333333333335 3.0 118 274.5212000000009 0.43333333333333335 2.769230769230769 156 247.64480000000083 0.4666666666666667 3.107142857142857 115 202.94960000000054
RBP20.txt 250 10 100 30 0.97 2.618556701030928 241836 2773.377999999983 0.98 2.7244897959183674 182034 2436.2151999999824 0.98 2.877551020408163 160467 2193.919199999977 0.99 2.919191919191919 117141 2000.750799999983 0.99 3.0707070707070705 115072 1751.4975999999858
RBP12.txt 100 10 50 20 0.98 2.5510204081632653 3065 1496.2219999999832 1.0 2.74 2754 1301.2475999999956 1.0 2.74 2262 1183.427199999991 1.0 2.78 2629 1131.299999999995 1.0 3.26 2145 878.0507999999975
RBP15.txt 100 10 130 20 0.8769230769230769 2.824561403508772 34773 2848.9439999999922 0.8846153846153846 2.9217391304347826 34280 2652.751599999992 0.8692307692307693 2.893805309734513 36061 2492.3451999999916 0.8923076923076924 3.043103448275862 35922 2538.539999999988 0.8846153846153846 3.408695652173913 32769 2196.692799999978
RBP10.txt 100 10 10 20 1.0 2.8 135 652.7659999999985 1.0 3.0 593 440.07360000000125 1.0 3.3 446 357.16719999999964 1.0 3.2 1033 238.71400000000017 1.0 3.2 1029 -15.98720000000068
RBP13.txt 100 10 70 20 1.0 2.8142857142857145 4056 2119.2039999999624 1.0 3.0285714285714285 5061 1873.8235999999736 1.0 3.1 4370 1733.2651999999798 1.0 3.085714285714286 4207 1669.499999999985 1.0 3.4 3328 1462.4787999999946
RBP18.txt 250 10 50 30 1.0 2.54 12195 1959.9979999999694 1.0 2.66 18487 1671.5751999999893 1.0 2.72 18315 1479.4411999999918 1.0 2.8 17383 1223.1607999999928 1.0 2.82 20833 975.1755999999976
RBP21.txt 250 10 150 30 0.9533333333333334 2.832167832167832 619894 3809.828000000023 0.9733333333333334 3.0273972602739727 526656 3660.369199999991 0.9666666666666667 3.103448275862069 535926 3336.339200000005 0.98 3.142857142857143 458195 3129.3287999999793 1.0 3.1266666666666665 291350 2957.433599999996
RBP11.txt 100 10 30 20 1.0 2.6333333333333333 748 1217.6659999999888 1.0 2.7 1000 990.8696000000003 1.0 2.8333333333333335 900 877.3791999999988 1.0 2.7 996 804.8159999999988 1.0 2.966666666666667 1238 500.5107999999993
RBP16.txt 100 10 170 20 0.711764705882353 2.8512396694214877 86948 2856.8540000000007 0.7176470588235294 2.9344262295081966 84725 2675.4035999999824 0.711764705882353 3.074380165289256 86658 2599.6151999999815 0.7058823529411765 3.15 97256 2462.727999999975 0.6941176470588235 3.4237288135593222 101305 2220.9347999999773
RBP17.txt 100 10 200 20 0.62 3.0403225806451615 131638 2952.8359999999984 0.635 3.173228346456693 129440 2772.147599999986 0.64 3.25 130850 2698.2791999999886 0.635 3.1653543307086616 129832 2595.0299999999784 0.63 3.4047619047619047 140263 2366.894799999975
RBP2.txt 15 7 5 5 1.0 2.6 53 174.36600000000033 1.0 2.8 79 168.09040000000022 1.0 2.8 32 148.49320000000017 1.0 2.8 68 131.25280000000015 1.0 2.6 146 51.275600000000004
RBP4.txt 15 7 20 5 0.8 3.0 125 320.7920000000004 0.75 3.1333333333333333 113 293.7224000000009 0.75 3.2666666666666666 135 263.80520000000064 0.85 3.588235294117647 118 260.8668000000009 0.75 3.2666666666666666 108 155.8616000000003
RBP8.txt 15 7 90 5 0.28888888888888886 2.8846153846153846 245 340.5840000000002 0.28888888888888886 2.8846153846153846 306 322.0804000000003 0.2777777777777778 2.92 422 297.9652000000006 0.28888888888888886 3.1538461538461537 310 281.14280000000093 0.28888888888888886 3.076923076923077 407 191.47560000000053
RBP24.txt 250 10 400 30 0.7225 2.944636678200692 6990082 5388.942000000114 0.7275 3.058419243986254 6970951 5128.2112000001 0.7275 3.1305841924398625 7025562 4900.063200000074 0.7225 3.2214532871972317 7233690 4669.636800000052 0.725 3.231034482758621 7081278 4415.763600000039
RBP25.txt 250 10 600 30 0.49833333333333335 3.040133779264214 17978260 5649.328000000132 0.48833333333333334 3.068259385665529 18301509 5330.297200000095 0.49 3.173469387755102 18322330 5074.657200000072 0.49666666666666665 3.1543624161073827 18419743 4895.928800000047 0.49166666666666664 3.3152542372881357 18475619 4601.017600000044
RBP7.txt 15 7 80 5 0.3125 2.68 276 339.06200000000024 0.275 2.8636363636363638 614 308.2524000000003 0.25 3.05 546 292.9332000000003 0.25 2.95 335 269.56080000000065 0.275 2.909090909090909 409 206.79760000000047
RBP22.txt 250 10 200 30 0.94 2.9468085106382977 1102415 4444.362000000059 0.935 3.0267379679144386 1075329 4156.765200000024 0.945 3.0423280423280423 939975 3914.5252000000037 0.965 3.150259067357513 712396 3792.160800000003 0.96 3.3385416666666665 842969 3543.5596000000082
