15 7 40 5
4.14 49.08 12.47;5.06 32.45 12.01;1.9 11.06 7.39;1.8 35.35 13.21;1.16 34.79 1.16;1.17 35.44 13.61;5.44 49.44 4.53;
336;13;12;27.444961415040524;18.845958586161323;200.0;4.738609307372596;7 3 6 2 1 ;13 14 12 1 7 4 14 12 ;7 3 6 0 2 1 0 0 
602;3;15;35.23269986942832;10.407202319467318;100.0;2.499116168183953;3 6 1 2 5 ;3 13 8 3 15 ;3 6 1 2 5 
72;7;5;36.33422567237304;45.909484381478705;50.0;2.7053622026892725;3 6 2 7 4 5 1 ;7 15 11 8 12 3 11 8 5 ;3 6 2 7 4 0 5 1 0 
563;10;8;8.924888072149463;37.82956822629526;200.0;2.1274643275869436;5 1 4 7 6 2 3 ;10 11 1 13 6 11 9 10 1 13 8 ;5 1 4 7 6 0 0 2 0 3 0 
96;6;11;32.73812275945616;18.306704359775544;100.0;2.7390915973693986;5 7 3 6 2 4 1 ;6 5 10 7 5 4 1 7 4 5 13 11 ;5 7 3 6 0 2 4 0 1 0 0 0 
201;2;9;37.29943671952848;26.102253294114437;250.0;3.908225849388508;4 
504;3;10;37.29943671952848;30.59347826662153;250.0;2.0346428088644393;4 6 
946;3;4;37.29943671952848;2.3121537388019586;200.0;1.1276395082200126;2 
387;3;1;37.29943671952848;37.31319230134488;450.0;3.4259470733168493;2 4 1 
833;7;1;37.29943671952848;5.849101144977159;200.0;2.5337885958880344;6 3 2 1 4 5 7 
533;12;4;37.29943671952848;3.985693891557812;150.0;0.599012964183096;4 7 5 
942;7;12;37.29943671952848;39.19426023980885;100.0;0.048164434978824056;4 7 5 
868;6;2;37.29943671952848;17.638403410196705;350.0;2.7562243245480826;7 1 4 
617;13;8;37.29943671952848;17.24586624490339;200.0;2.0799403260275606;1 3 2 5 4 6 7 
634;6;12;37.29943671952848;8.204130660365438;200.0;0.2868855632856715;5 
73;14;15;37.29943671952848;43.56375572727602;150.0;3.06989685904896;2 7 5 3 1 4 6 
530;2;9;37.29943671952848;24.672187535494267;350.0;0.5512982396939897;7 4 
112;1;15;37.29943671952848;40.21484413914763;350.0;2.5802621388797076;5 4 7 1 2 
691;11;4;37.29943671952848;13.412553132068194;100.0;0.521103602945257;1 4 7 
933;5;11;37.29943671952848;45.08838913398263;200.0;0.17929947762342413;4 6 3 
990;1;8;37.29943671952848;35.08360221790621;250.0;4.1248094518415055;6 2 4 3 1 5 7 
318;10;3;37.29943671952848;6.594977213534003;150.0;3.210002605173132;2 1 4 3 7 
17;4;7;37.29943671952848;2.512262021211603;150.0;4.4201463154643825;2 3 7 4 
721;15;4;37.29943671952848;2.829182360218635;250.0;3.3503303980694237;1 3 7 
512;15;10;37.29943671952848;7.659380950188099;100.0;3.4779932196790626;3 2 5 6 4 7 1 
389;14;9;37.29943671952848;24.01716765704037;200.0;4.841774658924488;6 5 1 3 2 
323;4;10;37.29943671952848;28.991505528061694;200.0;3.259948517206964;1 2 
378;8;3;37.29943671952848;32.21249638182184;200.0;2.472275913663118;4 3 2 6 
296;3;7;37.29943671952848;5.925392540856866;100.0;4.050164674590079;7 2 5 6 3 4 
585;2;7;37.29943671952848;34.05968587303093;150.0;3.4067968881304074;7 4 6 5 2 1 3 
591;8;11;37.29943671952848;38.17214266715983;100.0;3.394394341096461;6 3 5 1 
913;7;13;37.29943671952848;21.98187686855862;200.0;4.599761455947503;3 4 1 2 6 5 
299;11;5;37.29943671952848;32.848746809579424;350.0;1.4121288669619059;2 5 1 3 4 6 
815;15;12;37.29943671952848;18.189793623073356;350.0;0.4440524442628052;7 2 5 3 6 1 4 
948;7;14;37.29943671952848;46.02753054887077;200.0;3.4738665069887906;4 1 5 3 2 6 
435;7;2;37.29943671952848;36.16184824222172;350.0;3.804039317441009;3 6 7 1 2 5 
884;5;4;37.29943671952848;28.123760809838522;100.0;1.7801888363265022;6 2 4 1 
943;10;7;37.29943671952848;28.381852733930423;300.0;2.9223845485815163;6 1 4 
692;1;15;37.29943671952848;38.49553764434289;200.0;3.7052024686773457;2 1 3 5 7 6 4 
156;4;8;37.29943671952848;16.040070239176785;200.0;1.8175327795167995;5 2 4 6 3 
393;10;1;37.29943671952848;21.262410434992958;100.0;0.46048776214085985;4 
630;3;6;37.29943671952848;10.917285420795263;350.0;2.449455345815848;4 1 3 5 6 
704;1;11;37.29943671952848;41.65320077733535;200.0;2.8757425121590936;6 
392;9;15;37.29943671952848;7.442819083527919;250.0;4.831521023034859;2 7 4 1 
992;7;10;37.29943671952848;2.607652365043589;350.0;3.9918031476835654;6 3 4 1 2 7 
0.44
32 640 60 ;1.68 
16 320 122 ;1.33 
36 116 48000 ;5.52 
8 160 26 ;0.53 
36 116 48000 ;5.52 
8 160 61 ;0.67 
36 116 48000 ;5.52 
16 3200 122 ;3.41 
16 320 30 ;0.84 
32 640 244 ;2.66 
16 320 30 ;0.84 
32 640 60 ;1.68 
36 116 48000 ;5.52 
32 640 60 ;1.68 
32 640 60 ;1.68 
0 600 800 800 800 600 0 800 0 600 800 0 800 0 0 
600 0 600 600 800 0 600 800 600 800 0 600 600 0 0 
800 600 0 600 0 0 800 0 600 0 0 600 600 800 800 
800 600 600 0 0 600 0 600 600 0 0 0 800 0 600 
800 800 0 0 0 600 600 800 800 800 600 800 0 0 600 
600 0 0 600 600 0 0 600 800 800 800 600 0 800 800 
0 600 800 0 600 0 0 0 600 0 800 0 0 0 600 
800 800 0 600 800 600 0 0 0 600 0 0 800 600 0 
0 600 600 600 800 800 600 0 0 600 800 0 800 800 800 
600 800 0 0 800 800 0 600 600 0 600 600 600 600 600 
800 0 0 0 600 800 800 0 800 600 0 800 0 0 600 
0 600 600 0 800 600 0 0 0 600 800 0 0 800 600 
800 600 600 800 0 0 0 800 800 600 0 0 0 600 0 
0 0 800 0 0 800 0 600 800 600 0 800 600 0 0 
0 0 800 600 600 800 600 0 800 600 600 600 0 0 0 
