15 7 60 5
4.14 49.08 12.47;5.06 32.45 12.01;1.9 11.06 7.39;1.8 35.35 13.21;1.16 34.79 1.16;1.17 35.44 13.61;5.44 49.44 4.53;
336;13;12;27.444961415040524;18.845958586161323;200.0;4.738609307372596;7 3 6 2 1 ;13 14 12 1 7 4 14 12 ;7 3 6 0 2 1 0 0 
602;3;15;35.23269986942832;10.407202319467318;100.0;2.499116168183953;3 6 1 2 5 ;3 13 8 3 15 ;3 6 1 2 5 
72;7;5;36.33422567237304;45.909484381478705;50.0;2.7053622026892725;3 6 2 7 4 5 1 ;7 15 11 8 12 3 11 8 5 ;3 6 2 7 4 0 5 1 0 
563;10;8;8.924888072149463;37.82956822629526;200.0;2.1274643275869436;5 1 4 7 6 2 3 ;10 11 1 13 6 11 9 10 1 13 8 ;5 1 4 7 6 0 0 2 0 3 0 
96;6;11;32.73812275945616;18.306704359775544;100.0;2.7390915973693986;5 7 3 6 2 4 1 ;6 5 10 7 5 4 1 7 4 5 13 11 ;5 7 3 6 0 2 4 0 1 0 0 0 
122;10;4;37.29943671952848;7.2246886931203065;50.0;0.9847550345064782;1 2 
999;12;5;37.29943671952848;9.266538599214835;100.0;3.519973740479;2 1 4 3 6 
486;5;13;37.29943671952848;9.585438182097866;150.0;3.315215428536169;3 1 4 6 
325;12;1;37.29943671952848;12.138921097294386;50.0;1.265161742079222;2 6 7 3 1 
281;5;15;37.29943671952848;40.42098145086628;50.0;4.064049609924661;2 
921;5;2;37.29943671952848;19.531278343744358;150.0;1.0596215170866297;6 4 3 2 
59;15;10;37.29943671952848;31.981425128456653;100.0;3.019865719164146;5 3 
648;8;9;37.29943671952848;18.215752967316146;50.0;2.448153823956933;4 2 
935;11;14;37.29943671952848;47.48685728741281;50.0;4.398104911759978;7 1 3 5 6 2 4 
172;10;15;37.29943671952848;18.626602262553206;50.0;1.4168327150877458;5 1 7 
606;10;11;37.29943671952848;36.60086036547747;150.0;1.3804642491720647;7 2 
235;4;11;37.29943671952848;38.85183100937608;150.0;1.651544624837908;7 6 3 5 1 
427;8;7;37.29943671952848;0.7446119392407857;100.0;3.840696154852019;2 3 6 7 
369;14;2;37.29943671952848;34.5955473438471;100.0;4.876435592682979;3 5 1 
338;6;13;37.29943671952848;37.087234939973236;100.0;3.5800686817137928;3 
555;2;8;37.29943671952848;7.193586169878513;150.0;2.21831007577019;7 5 3 
303;14;10;37.29943671952848;49.319586765632536;100.0;3.0468936076413926;1 4 2 5 7 
789;5;3;37.29943671952848;6.297901378920051;100.0;2.764359592215385;7 
527;3;2;37.29943671952848;17.517111815851415;200.0;0.528320115179795;4 
259;9;1;37.29943671952848;43.279201857477204;200.0;0.7755148252622063;2 3 
942;3;1;37.29943671952848;26.617211289433634;150.0;0.34822449784837006;5 1 
424;12;15;37.29943671952848;22.595022328314545;100.0;2.5010942146335218;1 4 5 3 
295;4;5;37.29943671952848;12.159013200181008;150.0;2.418954300330221;2 7 5 3 6 
905;6;8;37.29943671952848;1.8011430788558935;150.0;1.4397585810583742;2 3 1 
800;2;11;37.29943671952848;18.48281220128144;50.0;3.295338266943197;3 
958;13;11;37.29943671952848;13.459418755827295;200.0;0.13021969085450336;5 4 6 3 2 
642;13;15;37.29943671952848;29.64118736997753;50.0;3.876457517650489;7 2 4 1 
7;8;10;37.29943671952848;3.0247708313275834;200.0;3.091075200913342;3 4 
757;11;15;37.29943671952848;35.959851358533115;150.0;2.1495569451512124;3 
849;6;9;37.29943671952848;8.388736968071614;50.0;1.3597424417659554;5 3 7 4 
769;4;1;37.29943671952848;43.89661816030635;100.0;1.0374902456349178;4 1 
722;8;2;37.29943671952848;26.13000366102781;150.0;0.402976062498398;1 
110;9;2;37.29943671952848;16.03676175312118;100.0;2.8259930016962165;4 6 5 3 2 7 1 
788;13;14;37.29943671952848;46.67886306804545;150.0;1.7373565712527688;5 2 3 7 
819;4;10;37.29943671952848;7.168278604819728;100.0;4.6798393446552025;5 3 6 1 
124;13;10;37.29943671952848;9.765013483191204;100.0;4.967841174294204;6 5 7 
398;12;11;37.29943671952848;2.5998896042375486;100.0;1.0953567387282241;4 1 2 6 
507;5;15;37.29943671952848;9.529671860047356;200.0;3.4236700039564587;5 3 2 4 1 6 7 
831;2;10;37.29943671952848;18.395535303582104;50.0;1.8562307970652325;5 6 7 2 
681;1;10;37.29943671952848;11.266970563180239;200.0;1.1479024552837096;1 2 4 5 
601;15;7;37.29943671952848;32.1396007231231;150.0;4.4805479239268715;7 6 4 
472;5;15;37.29943671952848;10.262901754994441;100.0;4.100156276038231;1 6 4 7 
927;10;14;37.29943671952848;49.29680497012184;200.0;2.3055020932410537;5 1 7 2 3 4 
618;8;3;37.29943671952848;9.693222923876743;200.0;3.0458647538111663;2 7 3 
630;5;13;37.29943671952848;24.588134431982322;150.0;3.4977079556911845;6 1 4 3 7 2 5 
481;9;7;37.29943671952848;48.174193692864;100.0;1.6345608928245676;5 2 3 
668;6;11;37.29943671952848;33.55671934789402;200.0;3.4659129501603543;2 6 
729;11;4;37.29943671952848;4.710138392401852;150.0;1.9795091133659692;2 1 7 3 4 
957;10;14;37.29943671952848;41.4462097914179;200.0;3.5112013085980145;5 1 6 4 
168;5;3;37.29943671952848;41.54549069627119;200.0;2.8524917992892957;7 2 
277;4;14;37.29943671952848;10.499285592642222;150.0;1.5217982528247143;4 7 1 3 6 2 
207;3;14;37.29943671952848;4.0974973931706735;150.0;3.992893935764861;3 7 4 
609;4;6;37.29943671952848;2.274387641638559;200.0;4.43372362916582;1 4 
435;7;10;37.29943671952848;30.846672789183536;100.0;0.9811630395858928;5 1 
771;6;4;37.29943671952848;45.42339276758708;100.0;1.9685966375017616;7 
284;9;10;37.29943671952848;17.97841625921078;200.0;1.4721470391831133;5 
453;4;2;37.29943671952848;30.641477957304115;200.0;3.911091831518234;3 7 2 5 4 6 
347;6;7;37.29943671952848;36.40830849778588;150.0;4.335426356539577;6 
26;7;3;37.29943671952848;23.92981532699513;50.0;2.2843920836250797;7 2 
611;10;8;37.29943671952848;32.969856067121235;100.0;3.792729269773952;5 4 2 7 3 1 6 
0.44
32 640 60 ;1.68 
16 320 122 ;1.33 
36 116 48000 ;5.52 
8 160 26 ;0.53 
36 116 48000 ;5.52 
8 160 61 ;0.67 
36 116 48000 ;5.52 
16 3200 122 ;3.41 
16 320 30 ;0.84 
32 640 244 ;2.66 
16 320 30 ;0.84 
32 640 60 ;1.68 
36 116 48000 ;5.52 
32 640 60 ;1.68 
32 640 60 ;1.68 
0 600 800 800 800 600 0 800 0 600 800 0 800 0 0 
600 0 600 600 800 0 600 800 600 800 0 600 600 0 0 
800 600 0 600 0 0 800 0 600 0 0 600 600 800 800 
800 600 600 0 0 600 0 600 600 0 0 0 800 0 600 
800 800 0 0 0 600 600 800 800 800 600 800 0 0 600 
600 0 0 600 600 0 0 600 800 800 800 600 0 800 800 
0 600 800 0 600 0 0 0 600 0 800 0 0 0 600 
800 800 0 600 800 600 0 0 0 600 0 0 800 600 0 
0 600 600 600 800 800 600 0 0 600 800 0 800 800 800 
600 800 0 0 800 800 0 600 600 0 600 600 600 600 600 
800 0 0 0 600 800 800 0 800 600 0 800 0 0 600 
0 600 600 0 800 600 0 0 0 600 800 0 0 800 600 
800 600 600 800 0 0 0 800 800 600 0 0 0 600 0 
0 0 800 0 0 800 0 600 800 600 0 800 600 0 0 
0 0 800 600 600 800 600 0 800 600 600 600 0 0 0 
