15 7 90 5
4.14 49.08 12.47;5.06 32.45 12.01;1.9 11.06 7.39;1.8 35.35 13.21;1.16 34.79 1.16;1.17 35.44 13.61;5.44 49.44 4.53;
336;13;12;27.444961415040524;18.845958586161323;200.0;4.738609307372596;7 3 6 2 1 ;13 14 12 1 7 4 14 12 ;7 3 6 0 2 1 0 0 
602;3;15;35.23269986942832;10.407202319467318;100.0;2.499116168183953;3 6 1 2 5 ;3 13 8 3 15 ;3 6 1 2 5 
72;7;5;36.33422567237304;45.909484381478705;50.0;2.7053622026892725;3 6 2 7 4 5 1 ;7 15 11 8 12 3 11 8 5 ;3 6 2 7 4 0 5 1 0 
563;10;8;8.924888072149463;37.82956822629526;200.0;2.1274643275869436;5 1 4 7 6 2 3 ;10 11 1 13 6 11 9 10 1 13 8 ;5 1 4 7 6 0 0 2 0 3 0 
96;6;11;32.73812275945616;18.306704359775544;100.0;2.7390915973693986;5 7 3 6 2 4 1 ;6 5 10 7 5 4 1 7 4 5 13 11 ;5 7 3 6 0 2 4 0 1 0 0 0 
339;11;8;37.29943671952848;31.356085956898127;200.0;1.1619377295052724;6 1 2 7 3 
957;2;3;37.29943671952848;35.18445841581713;200.0;2.1229255622652388;6 
875;1;9;37.29943671952848;10.684398756663322;150.0;1.936924333833473;7 
407;7;1;37.29943671952848;36.69522807501242;50.0;4.484476083225156;1 2 
902;3;8;37.29943671952848;45.71908315665518;150.0;4.721846628610909;3 1 
501;10;4;37.29943671952848;23.949969744803028;200.0;4.742967413508316;3 4 1 6 7 
10;10;1;37.29943671952848;33.10104822137877;100.0;1.2008061763879752;2 1 3 5 
172;15;11;37.29943671952848;38.99676129079589;100.0;1.2734960690139756;1 5 3 7 6 2 
592;4;8;37.29943671952848;31.515153717219764;200.0;2.105803586775588;5 4 6 1 7 3 
960;14;1;37.29943671952848;15.099004838509073;50.0;1.8161211743058403;1 
109;3;7;37.29943671952848;14.013435242164363;150.0;1.1919601788171947;1 4 6 2 
646;8;1;37.29943671952848;6.141678359845676;200.0;2.6363443067302486;5 3 4 2 1 7 6 
16;8;11;37.29943671952848;13.739741776454107;150.0;4.95023669272782;2 
117;8;15;37.29943671952848;4.138268007637835;200.0;0.15298618284305399;3 6 5 
459;12;14;37.29943671952848;49.035532472694484;150.0;1.9299984403929094;2 7 3 4 5 6 
231;9;7;37.29943671952848;29.72952043923665;200.0;0.06574937039418305;6 7 5 1 
466;4;6;37.29943671952848;20.17599038526888;100.0;3.9572706258567276;4 1 
460;14;3;37.29943671952848;30.899641928806705;200.0;1.0265615506985255;4 
74;7;3;37.29943671952848;31.368986382753356;150.0;4.77246016799623;7 5 6 2 
551;9;11;37.29943671952848;27.24897659104966;200.0;4.663846691004011;6 
284;9;5;37.29943671952848;2.9292026122563373;150.0;0.34760381820478914;6 5 4 2 
796;13;5;37.29943671952848;42.19718691185415;50.0;2.0363813862368474;2 7 5 6 3 4 1 
255;6;1;37.29943671952848;49.12639911167254;200.0;4.6213771964658275;3 5 6 4 
866;15;11;37.29943671952848;36.02509617374654;150.0;0.5731020198191544;1 6 2 
146;4;14;37.29943671952848;14.161487388256061;200.0;4.144960486804312;7 3 5 2 1 6 4 
755;13;3;37.29943671952848;25.474256925315796;200.0;3.9345574693861836;1 4 3 
58;7;11;37.29943671952848;38.473063250533315;150.0;3.2249149013783347;1 
329;11;1;37.29943671952848;36.19261868364074;150.0;3.5074899756280415;1 4 2 7 6 5 
572;9;2;37.29943671952848;1.0708764676635174;100.0;4.1427605793990345;1 3 2 5 7 4 
226;7;1;37.29943671952848;46.7483638031507;200.0;2.700459301519096;2 7 5 
405;11;1;37.29943671952848;20.154112361991096;50.0;3.8243694760549234;5 2 1 7 3 6 4 
126;11;2;37.29943671952848;22.549505708055428;150.0;2.4450262375168057;1 
260;12;10;37.29943671952848;37.66009439304324;50.0;4.386713027090819;5 7 
105;4;6;37.29943671952848;47.27551954796058;150.0;2.340005463195359;7 2 6 1 
411;8;10;37.29943671952848;9.375389647219112;200.0;2.117542735912062;1 7 
133;13;9;37.29943671952848;29.74949349760465;150.0;2.911760545199849;3 4 1 5 2 7 
938;7;11;37.29943671952848;28.494936738526356;50.0;0.28154903155656275;3 2 6 
206;2;9;37.29943671952848;8.451434752992537;50.0;3.96842009159536;5 2 7 4 1 3 6 
764;9;6;37.29943671952848;6.059893449546028;50.0;0.31878741930240484;1 3 4 
121;15;1;37.29943671952848;16.838834270047066;150.0;1.893115765046169;4 2 
697;2;6;37.29943671952848;3.883031584741614;150.0;2.5500865179761534;6 5 3 
421;15;3;37.29943671952848;13.781927028755769;150.0;1.7810014051667307;1 4 6 
32;6;3;37.29943671952848;21.35546802665102;150.0;1.6208899613170435;6 
100;2;3;37.29943671952848;31.549161233484597;150.0;4.518037314226836;2 7 1 6 
396;7;2;37.29943671952848;10.300889896165232;50.0;3.526808098525271;2 3 6 1 7 
243;5;15;37.29943671952848;23.177983745994734;100.0;1.3280980559602706;6 
886;3;2;37.29943671952848;29.859014517758002;50.0;3.006901312450345;4 3 6 
591;6;5;37.29943671952848;43.667444061049416;50.0;4.054681641385274;3 6 7 5 2 
237;1;11;37.29943671952848;10.452701698356648;150.0;0.9640541420396076;5 7 4 3 2 1 6 
311;8;7;37.29943671952848;46.95958593795192;200.0;0.8698998644340827;2 5 6 
628;5;1;37.29943671952848;38.77039365422147;100.0;1.2166074681696193;4 5 1 7 
199;11;8;37.29943671952848;8.416977314793467;150.0;1.1958046961180862;1 4 5 2 
907;11;9;37.29943671952848;23.89283439113934;50.0;4.717774452619757;7 2 4 
932;2;8;37.29943671952848;23.4956376036681;100.0;3.991107510691821;3 2 
627;15;11;37.29943671952848;15.850374134083333;50.0;3.7243199312050628;7 5 4 1 
793;6;11;37.29943671952848;8.773034568116584;100.0;4.827319681211962;5 2 3 7 6 4 
905;7;8;37.29943671952848;37.45316880102189;100.0;2.685787972558422;2 3 
524;12;1;37.29943671952848;24.82837114527071;150.0;0.9577600557352994;4 2 3 6 1 
776;6;11;37.29943671952848;10.067744481056135;50.0;2.9268292128335123;2 4 3 7 1 
272;3;4;37.29943671952848;20.374165565734124;50.0;4.847901584447186;5 2 4 3 1 
328;10;15;37.29943671952848;4.259252873353658;50.0;0.21338192540707956;6 
638;9;4;37.29943671952848;47.87285041124915;200.0;1.7489780686599627;6 1 5 4 
831;10;13;37.29943671952848;44.78363060213933;50.0;1.430109401336156;7 6 5 1 4 3 
843;7;3;37.29943671952848;39.336061081804345;150.0;4.267995344442575;3 2 
888;6;9;37.29943671952848;44.90030748596778;150.0;0.8716187788934443;1 5 
505;2;6;37.29943671952848;36.70089015373363;50.0;0.6955754370113876;7 2 1 5 6 3 4 
53;11;12;37.29943671952848;37.10064226042699;200.0;0.9114634971951902;3 7 4 5 
46;2;8;37.29943671952848;32.07552731249382;150.0;1.7202015181814057;7 2 
425;2;14;37.29943671952848;29.604330731262912;150.0;4.243031348479042;1 6 
657;4;14;37.29943671952848;24.248257022921415;50.0;1.7809829022019463;1 7 3 5 2 4 6 
304;6;8;37.29943671952848;18.096260848410004;100.0;4.954470619565901;6 
21;9;15;37.29943671952848;41.33872515171137;150.0;3.6240040877906106;6 
95;2;10;37.29943671952848;41.15058623853834;150.0;3.2320073669095444;2 4 3 6 7 1 5 
497;7;10;37.29943671952848;1.1792301942393113;200.0;0.3155361247222832;4 3 2 1 7 5 
301;4;7;37.29943671952848;18.03214215727587;100.0;0.6999759069775707;1 7 3 4 
863;7;6;37.29943671952848;41.02124801120979;150.0;1.0998454866909435;4 1 7 5 6 3 
927;13;4;37.29943671952848;22.574560402080042;50.0;2.844427085988539;2 6 7 4 5 3 1 
481;14;8;37.29943671952848;29.217832771771945;50.0;2.3576742132971304;5 3 6 4 1 
287;3;13;37.29943671952848;16.9131218160325;100.0;2.4042550944095407;2 6 
381;1;9;37.29943671952848;31.429626067943982;200.0;1.140068241306988;6 2 
825;15;2;37.29943671952848;0.818867647166216;50.0;2.59326624109132;1 7 4 
351;11;3;37.29943671952848;32.14202978289591;150.0;1.7604177999434616;7 2 6 3 4 
586;5;1;37.29943671952848;14.228032062431984;100.0;3.561445347540043;1 3 5 6 7 4 2 
580;11;9;37.29943671952848;8.685726917471632;200.0;1.5383646131976518;1 5 2 
204;5;10;37.29943671952848;15.293057806242894;50.0;2.2966992068678085;3 7 6 1 2 
155;10;15;37.29943671952848;12.715618425984221;200.0;3.601743195769112;3 4 5 1 6 
768;11;7;37.29943671952848;19.044160241099235;50.0;0.6462098158099877;5 
452;2;1;37.29943671952848;31.44799064802345;100.0;0.7652135586245107;4 1 2 7 
971;8;15;37.29943671952848;9.285100431929427;150.0;1.5592425758199173;6 7 1 5 3 2 
810;1;11;37.29943671952848;18.951040711142053;200.0;4.718050075901839;7 6 4 5 1 
0.44
32 640 60 ;1.68 
16 320 122 ;1.33 
36 116 48000 ;5.52 
8 160 26 ;0.53 
36 116 48000 ;5.52 
8 160 61 ;0.67 
36 116 48000 ;5.52 
16 3200 122 ;3.41 
16 320 30 ;0.84 
32 640 244 ;2.66 
16 320 30 ;0.84 
32 640 60 ;1.68 
36 116 48000 ;5.52 
32 640 60 ;1.68 
32 640 60 ;1.68 
0 600 800 800 800 600 0 800 0 600 800 0 800 0 0 
600 0 600 600 800 0 600 800 600 800 0 600 600 0 0 
800 600 0 600 0 0 800 0 600 0 0 600 600 800 800 
800 600 600 0 0 600 0 600 600 0 0 0 800 0 600 
800 800 0 0 0 600 600 800 800 800 600 800 0 0 600 
600 0 0 600 600 0 0 600 800 800 800 600 0 800 800 
0 600 800 0 600 0 0 0 600 0 800 0 0 0 600 
800 800 0 600 800 600 0 0 0 600 0 0 800 600 0 
0 600 600 600 800 800 600 0 0 600 800 0 800 800 800 
600 800 0 0 800 800 0 600 600 0 600 600 600 600 600 
800 0 0 0 600 800 800 0 800 600 0 800 0 0 600 
0 600 600 0 800 600 0 0 0 600 800 0 0 800 600 
800 600 600 800 0 0 0 800 800 600 0 0 0 600 0 
0 0 800 0 0 800 0 600 800 600 0 800 600 0 0 
0 0 800 600 600 800 600 0 800 600 600 600 0 0 0 
