15 7 100 5
4.14 49.08 12.47;5.06 32.45 12.01;1.9 11.06 7.39;1.8 35.35 13.21;1.16 34.79 1.16;1.17 35.44 13.61;5.44 49.44 4.53;
336;13;12;27.444961415040524;18.845958586161323;200.0;4.738609307372596;7 3 6 2 1 ;13 14 12 1 7 4 14 12 ;7 3 6 0 2 1 0 0 
602;3;15;35.23269986942832;10.407202319467318;100.0;2.499116168183953;3 6 1 2 5 ;3 13 8 3 15 ;3 6 1 2 5 
72;7;5;36.33422567237304;45.909484381478705;50.0;2.7053622026892725;3 6 2 7 4 5 1 ;7 15 11 8 12 3 11 8 5 ;3 6 2 7 4 0 5 1 0 
563;10;8;8.924888072149463;37.82956822629526;200.0;2.1274643275869436;5 1 4 7 6 2 3 ;10 11 1 13 6 11 9 10 1 13 8 ;5 1 4 7 6 0 0 2 0 3 0 
96;6;11;32.73812275945616;18.306704359775544;100.0;2.7390915973693986;5 7 3 6 2 4 1 ;6 5 10 7 5 4 1 7 4 5 13 11 ;5 7 3 6 0 2 4 0 1 0 0 0 
156;2;4;37.29943671952848;46.02613040289761;200.0;4.880255410452436;7 3 5 6 4 1 2 
832;10;1;37.29943671952848;38.32884026992971;150.0;4.485331868734994;1 6 7 3 4 2 5 
371;10;9;37.29943671952848;49.38133040798812;100.0;3.076327992519084;4 1 2 7 
416;3;13;37.29943671952848;27.018243026545235;100.0;2.012955125281088;6 1 4 7 
158;13;6;37.29943671952848;17.125194670270382;100.0;4.705323710160432;7 5 6 4 1 
7;8;3;37.29943671952848;8.533309720500403;150.0;4.478248114534027;3 2 7 
614;13;2;37.29943671952848;10.32106898434304;100.0;3.080726477541536;2 5 3 6 1 4 7 
425;8;3;37.29943671952848;19.38181021091554;200.0;3.5257367861194715;3 1 5 4 
281;3;11;37.29943671952848;29.07124371971202;200.0;1.6836438732787422;2 3 4 6 5 1 
233;15;11;37.29943671952848;39.128882493911334;50.0;1.9982668306854774;1 
512;13;12;37.29943671952848;27.06370479431015;200.0;2.3245900632458456;3 4 1 5 7 2 6 
983;6;3;37.29943671952848;35.43963331673348;50.0;3.490504045607432;4 6 7 2 3 
547;15;13;37.29943671952848;22.438411335625645;200.0;1.148909471256478;2 
443;6;11;37.29943671952848;17.73666101366931;50.0;1.6537140523182847;7 1 2 
806;4;7;37.29943671952848;3.396524130867884;100.0;4.435217734319842;4 2 1 7 
768;4;15;37.29943671952848;2.569235334857151;50.0;0.19564735031084746;5 7 4 2 6 
106;2;11;37.29943671952848;40.44026442750751;100.0;4.287628254556645;4 7 1 2 6 
774;1;8;37.29943671952848;26.270591052573145;100.0;4.444764292958279;3 6 7 5 
699;8;7;37.29943671952848;3.4968490449401757;200.0;4.773044232775161;6 5 7 
214;9;12;37.29943671952848;19.095643783747228;50.0;2.1027238686264105;5 2 3 6 1 
256;14;6;37.29943671952848;1.8742320700911252;200.0;1.1036670233541308;7 4 5 3 
738;11;6;37.29943671952848;45.75524199674248;50.0;1.1603321020614903;2 7 
532;11;3;37.29943671952848;46.00672833221963;200.0;1.5021348323767936;3 5 6 2 
39;3;9;37.29943671952848;14.022903030320721;100.0;0.10956425919855073;4 6 1 2 3 5 7 
611;6;11;37.29943671952848;5.284762234090118;150.0;3.5887831607286085;4 7 6 3 1 2 5 
456;5;3;37.29943671952848;30.68736740334686;150.0;3.693879981594202;2 
843;7;2;37.29943671952848;4.440147343650675;100.0;1.0824167148034731;4 7 2 6 5 1 3 
764;6;11;37.29943671952848;9.976944218437295;150.0;0.45342012462070425;1 
385;10;13;37.29943671952848;7.300735361806448;200.0;4.606887114304003;4 3 6 5 2 7 
967;14;15;37.29943671952848;11.456462801686351;50.0;2.2876323306393322;1 
465;3;6;37.29943671952848;8.79483508982818;150.0;0.8712729128159075;7 5 
440;1;11;37.29943671952848;33.550743452942726;200.0;1.185174785853937;5 3 4 2 1 6 7 
423;5;7;37.29943671952848;39.5306613484994;100.0;2.3913179631120283;7 4 2 1 5 6 
856;15;2;37.29943671952848;41.54600066802739;200.0;1.5698209691717886;7 3 1 5 
386;14;5;37.29943671952848;18.040266239915265;200.0;4.392882796525305;2 6 7 3 4 
46;3;12;37.29943671952848;4.353610361655036;100.0;2.8992176530697145;6 1 3 7 5 2 4 
63;10;12;37.29943671952848;24.016184259114915;200.0;4.53435530615821;7 
612;4;12;37.29943671952848;36.106999931169184;150.0;2.786061503543854;7 1 2 5 3 
624;9;4;37.29943671952848;31.576478688551145;50.0;3.0811352113697765;5 
704;11;5;37.29943671952848;0.3049963587312132;150.0;3.999325928095478;7 1 2 4 3 6 5 
287;11;2;37.29943671952848;25.859981307574444;100.0;1.06828511586457;7 2 
34;5;14;37.29943671952848;39.591281735872585;100.0;2.995140781203682;5 2 
374;15;9;37.29943671952848;31.135512705840213;150.0;2.882423512285838;1 7 5 4 6 3 2 
518;2;10;37.29943671952848;36.65558327522837;150.0;3.3549370342046925;2 5 3 4 1 6 
101;6;13;37.29943671952848;34.96507541706747;150.0;0.4186964103079521;3 5 7 2 
334;2;10;37.29943671952848;39.568702036658614;150.0;1.3579970255555636;2 
284;14;15;37.29943671952848;34.87878781030676;150.0;0.8571416396398929;2 
311;9;8;37.29943671952848;31.330050420816946;200.0;0.8840870986622029;3 4 2 7 6 5 1 
148;14;3;37.29943671952848;41.18347279543705;150.0;0.41208765475700015;5 6 1 3 
889;3;1;37.29943671952848;14.933676202722696;150.0;1.3740709616912898;4 1 3 7 
441;2;9;37.29943671952848;46.877957661422464;50.0;0.15205059621583195;5 1 6 2 4 3 
848;10;14;37.29943671952848;20.813387487378215;50.0;3.352873591790541;1 
53;11;13;37.29943671952848;42.92076969397783;50.0;4.551992304167905;2 3 
829;1;15;37.29943671952848;21.145346706894014;150.0;3.8337547189381223;7 5 6 2 1 
599;1;9;37.29943671952848;24.792775893510242;100.0;0.07400829451928936;1 3 5 7 6 
603;13;9;37.29943671952848;8.978003085393782;50.0;3.9616279510962977;5 
380;11;4;37.29943671952848;28.25493610513949;150.0;0.4610131322343225;4 3 1 7 5 
82;7;10;37.29943671952848;13.801275843040234;150.0;4.5831061845049295;7 4 1 3 6 
33;6;10;37.29943671952848;36.34267684899249;100.0;4.726334034485523;4 5 1 7 6 3 
715;4;5;37.29943671952848;29.54542897686883;100.0;4.9354653226594385;5 3 7 2 4 6 
291;10;14;37.29943671952848;42.73664631985855;150.0;0.3772257282703345;3 6 7 
23;12;4;37.29943671952848;3.380144971496757;50.0;3.3472248165859178;7 2 1 
844;8;9;37.29943671952848;38.958627268003106;100.0;1.3349052806371986;6 5 3 7 4 1 
956;12;9;37.29943671952848;39.412982109650876;50.0;1.654795362717481;5 
935;9;3;37.29943671952848;25.068157951207287;50.0;4.647095232203421;7 6 
422;15;12;37.29943671952848;34.96066695014879;150.0;4.6292653401693675;4 
196;3;2;37.29943671952848;37.63244731534842;200.0;4.336680778780557;4 
414;10;1;37.29943671952848;38.585407765289254;150.0;1.0716814410986109;4 5 3 1 2 7 6 
347;2;4;37.29943671952848;13.019274325684826;50.0;4.622656595850562;5 
761;14;7;37.29943671952848;39.94885353368697;150.0;4.048673779389603;6 3 2 4 
325;6;7;37.29943671952848;38.589434358180505;100.0;4.6106393218117745;5 4 6 7 2 3 
159;14;15;37.29943671952848;38.299996290178754;50.0;2.809988845423214;6 5 1 3 7 
319;4;13;37.29943671952848;4.8388870800794574;200.0;1.7189039132524013;2 7 
251;8;13;37.29943671952848;48.98902881822636;200.0;4.203211453088109;3 1 4 6 
964;2;6;37.29943671952848;8.15909821350776;200.0;2.9317947539903133;4 3 2 1 
870;1;12;37.29943671952848;17.048186256827936;200.0;4.558476274280492;7 1 6 3 4 
511;8;6;37.29943671952848;48.469692549069606;200.0;4.807000170557025;1 4 7 
725;11;4;37.29943671952848;31.592401557306598;200.0;4.341731224352152;5 2 7 6 
278;10;5;37.29943671952848;5.230720332862099;200.0;1.311333701133191;4 3 
285;3;4;37.29943671952848;4.5537959208766745;150.0;1.4034006792407516;7 6 2 3 1 5 4 
529;6;3;37.29943671952848;4.7357652292389085;50.0;0.2744496116341788;7 2 4 1 6 
223;14;12;37.29943671952848;38.35153300955896;150.0;0.5665823623206429;5 2 6 
741;13;8;37.29943671952848;49.92640421641156;150.0;1.4054900048121617;6 2 
530;7;3;37.29943671952848;25.766540462656117;150.0;3.333254976984155;5 4 
11;10;5;37.29943671952848;18.84826860775587;50.0;2.913332859507455;5 1 2 6 
119;14;13;37.29943671952848;35.27364404876025;100.0;2.6943269510107246;1 4 7 5 
323;11;9;37.29943671952848;12.08944575393529;50.0;3.4280581838897954;6 4 3 7 2 1 
871;6;14;37.29943671952848;4.355463745191535;150.0;4.996483283599592;7 5 1 2 
775;6;13;37.29943671952848;5.937747808449406;50.0;3.483585921924065;7 2 1 3 6 4 5 
519;9;14;37.29943671952848;21.528482272716793;150.0;1.1341585152613591;5 4 3 2 1 
980;1;4;37.29943671952848;27.98720959145527;50.0;0.20417670144241007;6 4 
99;9;6;37.29943671952848;6.450709511343011;200.0;4.669879391437379;6 5 4 
90;5;13;37.29943671952848;42.036575691954766;150.0;2.8583512405171243;4 7 
38;1;10;37.29943671952848;48.022185517762225;100.0;4.992440987325154;7 3 4 
819;4;13;37.29943671952848;19.436395669284817;150.0;4.712658446366056;6 
437;1;7;37.29943671952848;0.5687082144913702;100.0;0.8530533559869147;5 
124;12;2;37.29943671952848;38.254412998381966;150.0;0.8571476757139168;4 3 5 1 7 6 
479;8;15;37.29943671952848;37.520432570526715;150.0;4.534825459955314;7 3 2 1 5 6 
575;6;1;37.29943671952848;5.675413428716763;50.0;1.2361995814965137;4 
507;4;13;37.29943671952848;14.912550296681031;200.0;1.3005382979730407;2 5 6 3 7 4 
0.44
32 640 60 ;1.68 
16 320 122 ;1.33 
36 116 48000 ;5.52 
8 160 26 ;0.53 
36 116 48000 ;5.52 
8 160 61 ;0.67 
36 116 48000 ;5.52 
16 3200 122 ;3.41 
16 320 30 ;0.84 
32 640 244 ;2.66 
16 320 30 ;0.84 
32 640 60 ;1.68 
36 116 48000 ;5.52 
32 640 60 ;1.68 
32 640 60 ;1.68 
0 600 800 800 800 600 0 800 0 600 800 0 800 0 0 
600 0 600 600 800 0 600 800 600 800 0 600 600 0 0 
800 600 0 600 0 0 800 0 600 0 0 600 600 800 800 
800 600 600 0 0 600 0 600 600 0 0 0 800 0 600 
800 800 0 0 0 600 600 800 800 800 600 800 0 0 600 
600 0 0 600 600 0 0 600 800 800 800 600 0 800 800 
0 600 800 0 600 0 0 0 600 0 800 0 0 0 600 
800 800 0 600 800 600 0 0 0 600 0 0 800 600 0 
0 600 600 600 800 800 600 0 0 600 800 0 800 800 800 
600 800 0 0 800 800 0 600 600 0 600 600 600 600 600 
800 0 0 0 600 800 800 0 800 600 0 800 0 0 600 
0 600 600 0 800 600 0 0 0 600 800 0 0 800 600 
800 600 600 800 0 0 0 800 800 600 0 0 0 600 0 
0 0 800 0 0 800 0 600 800 600 0 800 600 0 0 
0 0 800 600 600 800 600 0 800 600 600 600 0 0 0 
