demand: 119:64,64,64,64,46,46,46,46,11,:8,9,2,6,10,7,1,3,0,
demand: 321:73,73,73,73,35,:8,9,5,3,0,
demand: 12:59,59,59,59,92,:4,9,6,7,1,
demand: 920:15,15,15,15,17,17,21,:2,3,6,9,4,7,0,
demand: 68:15,45,45,45,45,1,1,1,31,:10,3,6,5,1,4,7,8,0,
demand: 836:75,75,75,75,75,88,88,88,88,88,36,:5,1,7,10,3,2,6,4,8,9,0,
demand: 857:58,58,58,58,2,2,2,2,66,:8,5,1,4,3,10,7,2,0,
demand: 194:17,39,30,26,:5,0,0,0,
demand: 171:93,93,93,31,31,31,100,88,:4,2,7,10,9,3,0,0,
demand: 177:16,16,22,30,50,70,10,:6,5,9,0,0,0,0,
demand: 211:56,72,:4,0,
demand: 27:32,32,1,18,:1,7,0,0,
demand: 903:31,31,31,49,49,49,61,20,:2,4,6,1,8,10,3,0,
demand: 933:92,92,92,92,36,36,5,5,5,5,:4,3,6,1,5,8,9,7,10,2,
demand: 22:44,44,44,44,44,7,7,7,7,7,30,:3,6,8,4,10,9,1,7,2,5,0,
demand: 726:13,13,13,28,28,10,10,38,38,69,:9,6,3,2,4,8,7,10,1,0,
demand: 197:53,53,53,53,53,53,53,21,21,21,:5,1,4,10,3,2,9,8,7,6,
demand: 661:16,2,15,22,:7,0,0,0,
demand: 696:35,35,35,37,37,37,5,88,:4,2,5,7,8,9,0,0,
demand: 89:68,68,68,68,68,68,56,56,:5,1,10,2,7,8,6,3,
demand: 113:37,37,60,60,60,60,65,65,65,65,:7,1,9,2,3,6,5,8,4,10,
demand: 69:3,3,3,3,54,54,8,:5,10,9,8,1,3,0,
demand: 752:37,5,53,18,18,18,1,1,1,:0,8,7,4,6,1,2,10,5,
demand: 855:56,56,24,:6,9,0,
demand: 236:87,87,87,23,23,71,:4,7,5,8,1,0,
demand: 831:53,96,96,96,96,38,38,38,:0,10,6,2,9,4,7,5,
demand: 2:88,75,75,75,76,:0,9,7,6,0,
demand: 706:44,18,89,:0,10,0,
demand: 99:44,33,33,33,80,:4,8,6,10,3,
demand: 730:64,64,64,64,50,50,50,31,:10,4,7,5,9,8,1,0,
demand: 380:52,52,52,52,94,:7,6,10,8,0,
demand: 158:71,71,71,71,71,71,25,25,25,:9,5,7,6,3,4,10,2,8,
demand: 633:62,62,62,43,:8,5,1,4,
demand: 326:92,36,36,36,86,:0,4,8,6,2,
demand: 294:81,81,81,54,:4,5,1,0,
demand: 438:62,62,62,62,62,76,76,76,76,:2,7,3,4,1,8,5,10,9,
demand: 188:86,86,85,85,85,80,80,80,:6,9,5,7,2,10,4,8,
demand: 547:55,55,18,53,80,:6,4,10,0,0,
demand: 264:77,77,77,17,65,:6,8,9,2,0,
demand: 310:26,27,27,27,27,36,36,79,79,:7,5,1,8,3,4,2,6,10,
demand: 823:69,69,69,19,19,23,23,23,56,:9,4,8,5,3,10,2,7,0,
demand: 47:22,22,44,:1,10,0,
demand: 816:19,19,84,:3,9,0,
demand: 299:68,68,68,35,:10,7,3,0,
demand: 215:45,45,45,45,73,:10,6,9,5,4,
demand: 879:34,34,34,34,34,21,21,21,54,:2,7,6,3,9,10,1,4,5,
demand: 915:3,1,1,1,1,32,:10,7,8,2,6,9,
demand: 300:83,83,83,83,23,23,23,23,90,:6,3,10,1,5,9,7,2,0,
demand: 592:9,9,9,9,6,:5,4,3,2,0,
demand: 514:20,20,46,93,39,83,:7,10,6,0,0,0,
demand: 460:14,13,33,:1,0,0,
demand: 961:20,20,20,20,46,13,13,:2,9,1,10,6,3,7,
demand: 995:46,51,51,51,39,39,92,:0,2,8,5,10,9,0,
demand: 787:49,50,30,95,:7,0,0,0,
demand: 534:77,77,81,81,:5,7,1,10,
demand: 295:100,100,1,47,:3,6,0,0,
demand: 693:70,70,70,70,6,6,6,5,:10,7,8,3,2,9,6,0,
demand: 122:11,11,11,14,14,12,33,:1,8,7,5,3,0,0,
demand: 359:61,61,61,61,50,23,23,23,23,27,:3,4,8,1,2,5,9,7,6,0,
demand: 157:49,93,93,93,:3,4,8,5,
demand: 487:49,34,48,48,48,47,47,:0,4,2,9,7,1,5,
demand: 606:73,4,4,4,4,2,2,2,2,32,:4,10,9,2,6,5,3,7,1,0,
demand: 960:66,66,66,66,23,23,52,:2,5,10,1,9,4,0,
demand: 850:33,33,33,33,33,52,71,71,71,:3,8,4,10,1,2,7,9,5,
demand: 233:32,32,100,:5,9,0,
demand: 507:17,17,17,17,54,54,54,54,3,58,:2,4,6,10,1,9,5,7,0,0,
demand: 878:83,83,83,39,39,38,38,62,62,:4,10,5,3,7,9,8,6,2,
demand: 972:99,99,99,99,99,57,:1,4,10,7,5,8,
demand: 815:33,33,33,33,33,47,47,47,47,47,32,:8,2,10,4,3,9,5,7,6,1,0,
demand: 307:13,13,13,13,14,14,14,:6,8,7,9,1,3,5,
demand: 948:76,57,57,57,:4,7,1,6,
demand: 217:61,61,61,61,86,:2,6,7,10,0,
demand: 685:39,39,39,19,19,54,:5,4,3,10,6,0,
demand: 983:29,52,:7,0,
demand: 156:52,71,71,71,71,68,68,68,68,22,:0,10,5,7,1,6,2,8,3,0,
demand: 176:90,10,10,80,80,93,:9,7,4,2,6,0,
demand: 715:99,67,67,67,67,67,24,24,24,:1,9,8,5,3,6,10,4,7,
demand: 923:59,38,38,96,53,80,85,:8,10,9,0,0,0,0,
demand: 788:40,40,23,23,71,68,:6,1,10,9,0,0,
demand: 959:88,56,56,56,56,56,8,8,8,8,:0,8,2,10,9,5,7,1,6,3,
demand: 840:27,74,74,74,74,74,30,30,30,30,:2,5,1,3,6,10,8,9,4,7,
demand: 179:11,11,29,29,:1,5,2,9,
demand: 874:43,43,43,45,63,63,63,34,:1,9,10,4,5,8,2,0,
demand: 396:40,41,41,41,41,12,12,12,12,25,:0,7,4,6,3,2,9,10,8,1,
demand: 866:14,14,7,7,66,66,60,15,:10,5,3,6,7,2,0,0,
demand: 117:6,6,6,30,30,30,60,54,:10,1,6,5,2,8,0,0,
demand: 591:7,55,55,55,18,18,73,:0,6,8,2,3,7,0,
demand: 96:98,98,98,98,78,78,78,78,88,:6,1,3,9,10,4,8,7,0,
demand: 111:27,60,60,60,97,97,97,82,82,45,63,:0,7,6,4,1,8,3,2,5,0,0,
demand: 45:14,67,45,36,74,:0,3,0,0,0,
demand: 578:52,5,97,97,82,82,21,54,:0,3,1,8,4,2,0,0,
demand: 841:39,63,63,63,40,:0,8,1,9,6,
demand: 552:64,64,51,51,39,34,96,:8,3,9,2,0,0,0,
demand: 784:85,85,35,35,35,35,29,29,29,:3,2,9,7,8,4,6,1,10,
demand: 650:33,2,2,2,2,95,95,:0,10,5,2,8,4,6,
demand: 566:37,97,97,5,60,60,75,75,:2,3,7,6,8,10,1,9,
demand: 735:20,22,22,22,43,43,35,35,35,35,54,:5,3,7,8,4,6,1,10,9,2,0,
demand: 837:93,16,16,16,27,:0,8,4,1,0,
demand: 689:64,64,20,71,:9,4,0,0,
demand: 100:86,48,48,31,31,66,:0,1,6,4,2,0,
demand: 306:44,51,51,51,51,89,89,89,89,17,:0,8,4,1,3,5,10,6,2,7,
demand: 185:25,72,72,72,72,94,94,94,94,41,:0,7,10,2,1,9,5,8,4,3,
demand: 967:51,51,51,81,:10,5,4,0,
demand: 611:88,71,71,67,67,23,19,19,19,26,:0,9,1,3,4,8,2,10,6,0,
demand: 526:74,74,12,12,12,75,75,75,46,:5,4,3,2,10,6,8,1,0,
demand: 565:52,94,94,94,94,91,91,91,91,60,:0,2,8,4,1,10,6,5,9,0,
demand: 312:24,67,35,:6,0,0,
demand: 288:44,41,56,56,56,10,10,:0,0,7,2,3,9,6,
demand: 250:14,72,72,72,84,84,:0,1,10,2,8,6,
demand: 506:83,94,94,52,:0,10,8,0,
demand: 882:78,12,12,12,2,2,22,:0,7,5,9,6,3,0,
demand: 914:98,98,8,8,35,35,64,:1,3,2,6,10,7,0,
demand: 120:66,82,82,82,82,1,:8,2,3,10,6,9,
demand: 639:41,75,75,75,77,:0,2,9,10,0,
demand: 848:45,4,4,4,4,82,82,82,42,:0,9,5,10,3,8,6,2,1,
demand: 95:53,72,72,72,72,72,61,61,61,61,:0,2,8,9,1,4,3,7,6,5,
demand: 581:75,4,4,4,73,99,:1,5,8,4,3,0,
Average Delay: 3.3402061855670104
Runtime (mS): 19311Acceptation rate: 0.97