demand: 336:13,13,13,13,12,:7,3,6,2,1,
demand: 602:3,3,3,8,8,15,:3,6,1,2,5,0,
demand: 72:7,7,7,8,8,8,3,5,:3,6,2,7,4,5,1,0,
demand: 563:10,10,10,10,4,4,4,8,:5,1,4,7,6,2,3,0,
demand: 96:6,6,6,12,12,12,8,3,11,:5,7,3,6,2,4,1,0,0,
demand: 490:11,11,11,11,4,:5,4,3,6,7,
demand: 445:2,2,2,4,4,11,:7,2,4,1,5,3,
demand: 919:4,5,5,5,5,15,15,:0,6,2,1,4,3,7,
demand: 181:3,12,12,12,7,7,:0,7,3,1,6,5,
demand: 289:4,15,15,15,13,13,13,7,:0,6,7,1,3,5,4,2,
demand: 461:4,14,14,14,1,1,1,12,:0,2,1,4,7,3,6,0,
demand: 653:8,8,14,14,1,1,3,:2,7,3,1,4,5,0,
demand: 718:10,10,10,2,:6,5,1,0,
demand: 865:8,9,9,11,:0,1,5,0,
demand: 274:5,13,15,8,7,:0,6,0,0,0,
demand: 249:9,1,1,1,3,:6,4,2,7,0,
demand: 261:13,11,11,15,15,5,:0,7,5,4,3,0,
demand: 512:2,10,10,10,:4,2,5,3,
demand: 379:4,8,11,:3,0,0,
demand: 995:6,1,9,5,:0,2,0,0,
Average Delay: 3.2666666666666666
Runtime (mS): 108Acceptation rate: 0.75