demand: 119:64,64,64,64,46,46,46,46,11,:8,9,2,6,10,7,1,3,0,
demand: 321:73,73,73,73,35,:8,9,5,3,0,
demand: 12:59,59,59,59,92,:4,9,6,7,1,
demand: 920:15,15,15,15,17,17,21,:2,3,6,9,4,7,0,
demand: 68:15,45,45,45,45,1,1,1,31,:10,3,6,5,1,4,7,8,0,
demand: 836:75,75,75,75,75,88,88,88,88,88,36,:5,1,7,10,3,2,6,4,8,9,0,
demand: 857:58,58,58,58,2,2,2,2,66,:8,5,1,4,3,10,7,2,0,
demand: 194:17,39,30,26,:5,0,0,0,
demand: 171:93,93,93,31,31,31,100,88,:4,2,7,10,9,3,0,0,
demand: 177:16,16,22,30,50,70,10,:6,5,9,0,0,0,0,
demand: 211:56,72,:4,0,
demand: 27:32,32,1,18,:1,7,0,0,
demand: 903:31,31,31,49,49,49,61,20,:2,4,6,1,8,10,3,0,
demand: 933:92,92,92,92,36,36,5,5,5,5,:4,3,6,1,5,8,9,7,10,2,
demand: 22:44,44,44,44,44,7,7,7,7,7,30,:3,6,8,4,10,9,1,7,2,5,0,
demand: 726:13,13,13,28,28,10,10,38,38,69,:9,6,3,2,4,8,7,10,1,0,
demand: 197:53,53,53,53,53,53,53,21,21,21,:5,1,4,10,3,2,9,8,7,6,
demand: 661:16,2,15,22,:7,0,0,0,
demand: 696:35,35,35,37,37,37,5,88,:4,2,5,7,8,9,0,0,
demand: 89:68,68,68,68,68,68,56,56,:5,1,10,2,7,8,6,3,
demand: 972:67,67,67,14,11,:3,5,10,8,0,
demand: 778:2,2,2,2,2,2,2,87,87,87,:7,2,6,1,8,9,5,3,10,4,
demand: 367:89,89,89,89,16,:1,10,3,8,0,
demand: 319:73,32,:7,0,
demand: 664:46,7,7,:3,9,10,
demand: 621:76,76,14,:1,7,0,
demand: 362:11,11,11,11,50,50,50,70,70,90,:1,6,7,4,3,10,8,2,5,0,
demand: 971:99,99,99,45,45,45,36,36,20,64,:8,6,4,3,7,9,10,1,0,0,
demand: 666:92,23,23,23,23,19,19,19,:0,5,7,3,8,2,1,10,
demand: 936:11,2,2,2,2,2,20,20,20,20,:0,2,3,9,8,10,6,7,1,5,
demand: 634:43,43,97,:6,5,0,
demand: 188:25,25,25,25,52,:6,9,3,10,2,
demand: 572:78,78,78,78,3,3,3,3,14,12,:4,10,3,2,9,7,6,8,1,0,
demand: 609:49,49,50,14,97,:9,2,0,0,0,
demand: 514:36,16,16,:1,7,4,
demand: 30:49,34,34,34,18,18,81,:0,10,9,5,1,8,0,
demand: 557:86,86,36,20,20,46,73,:6,5,4,1,10,0,0,
demand: 577:13,13,13,33,76,:9,7,5,0,0,
demand: 483:50,31,53,53,80,:0,7,6,2,4,
demand: 816:20,9,9,9,64,:0,8,3,1,5,
demand: 429:89,89,89,26,26,66,66,66,7,:7,8,3,5,1,6,2,9,0,
demand: 904:56,56,56,56,34,34,34,34,44,:7,4,10,2,3,1,8,6,0,
demand: 604:28,62,62,62,38,38,38,39,39,59,:3,5,7,9,6,8,2,1,4,0,
demand: 147:79,79,12,12,12,:2,10,5,9,8,
demand: 738:37,60,66,:8,0,0,
demand: 446:61,61,61,76,:3,8,4,10,
demand: 672:35,35,94,:3,9,0,
demand: 870:13,33,33,80,53,46,93,:1,4,5,3,0,0,0,
demand: 929:59,59,1,:1,3,9,
demand: 774:24,24,24,24,5,5,5,52,:10,5,3,1,2,9,4,8,
demand: 960:11,50,30,30,17,:0,0,10,9,4,
demand: 760:46,97,97,97,97,14,14,14,14,12,12,79,:0,2,3,7,4,5,9,10,1,8,6,0,
demand: 121:26,66,66,7,14,12,79,:0,8,9,7,5,0,0,
demand: 86:89,50,23,23,23,23,67,67,67,:0,5,9,1,6,4,10,2,7,
demand: 631:59,51,51,51,39,39,39,70,70,70,97,60,3,:0,7,8,2,5,9,10,4,6,3,1,0,0,
demand: 507:12,12,12,12,9,:6,2,9,7,0,
demand: 740:41,41,56,69,:5,6,0,0,
demand: 788:22,22,64,:10,4,0,
demand: 654:45,21,48,:7,0,0,
demand: 963:73,93,93,93,44,97,:9,7,10,5,1,0,
demand: 460:24,24,24,53,99,38,:8,9,3,2,0,0,
demand: 77:52,4,2,:4,0,0,
demand: 208:29,29,29,29,29,74,74,74,74,74,90,:2,7,5,8,3,1,6,9,4,10,0,
demand: 439:85,85,85,80,80,80,10,10,10,10,:4,10,9,7,8,1,6,5,3,2,
demand: 257:51,42,:1,0,
demand: 38:33,33,33,80,80,68,68,14,14,97,5,:6,2,9,8,4,3,5,7,10,0,0,
demand: 764:63,63,63,34,:1,9,6,0,
demand: 301:68,68,68,68,68,71,71,71,71,71,75,:1,6,2,3,10,8,5,7,4,9,0,
demand: 305:34,34,34,40,:10,3,1,4,
demand: 825:16,17,:3,0,
Average Delay: 3.26
Runtime (mS): 2145Acceptation rate: 1.0