demand: 119:64,64,64,64,46,46,46,46,11,:8,9,2,6,10,7,1,3,0,
demand: 321:73,73,73,73,35,:8,9,5,3,0,
demand: 12:59,59,59,59,92,:4,9,6,7,1,
demand: 920:15,15,15,15,17,17,21,:2,3,6,9,4,7,0,
demand: 68:15,45,45,45,45,1,1,1,31,:10,3,6,5,1,4,7,8,0,
demand: 836:75,75,75,75,75,88,88,88,88,88,36,:5,1,7,10,3,2,6,4,8,9,0,
demand: 857:58,58,58,58,2,2,2,2,66,:8,5,1,4,3,10,7,2,0,
demand: 194:17,39,30,26,:5,0,0,0,
demand: 171:93,93,93,31,31,31,100,88,:4,2,7,10,9,3,0,0,
demand: 177:16,16,22,30,50,70,10,:6,5,9,0,0,0,0,
demand: 211:56,72,:4,0,
demand: 27:32,32,1,18,:1,7,0,0,
demand: 903:31,31,31,49,49,49,61,20,:2,4,6,1,8,10,3,0,
demand: 933:92,92,92,92,36,36,5,5,5,5,:4,3,6,1,5,8,9,7,10,2,
demand: 22:44,44,44,44,44,7,7,7,7,7,30,:3,6,8,4,10,9,1,7,2,5,0,
demand: 726:13,13,13,28,28,10,10,38,38,69,:9,6,3,2,4,8,7,10,1,0,
demand: 197:53,53,53,53,53,53,53,21,21,21,:5,1,4,10,3,2,9,8,7,6,
demand: 661:16,2,15,22,:7,0,0,0,
demand: 696:35,35,35,37,37,37,5,88,:4,2,5,7,8,9,0,0,
demand: 89:68,68,68,68,68,68,56,56,:5,1,10,2,7,8,6,3,
demand: 569:79,79,30,30,74,74,29,:4,8,5,6,1,10,0,
demand: 279:63,63,63,34,34,77,:8,7,5,4,3,0,
demand: 830:78,78,78,36,74,:4,9,5,6,0,
demand: 740:98,98,98,98,53,53,53,10,:4,8,7,5,1,6,2,3,
demand: 413:52,52,5,46,20,36,:1,9,4,0,0,0,
demand: 945:80,80,80,80,33,33,33,33,12,12,41,:8,3,4,2,7,1,5,9,6,10,0,
demand: 658:67,67,67,21,26,:6,1,9,0,0,
demand: 905:35,19,:6,0,
demand: 486:67,67,18,:10,2,0,
demand: 683:8,8,97,60,:1,10,0,0,
Average Delay: 3.2
Runtime (mS): 1029Acceptation rate: 1.0