demand: 753:133,133,133,133,133,41,41,41,41,41,106,:3,8,10,6,7,2,1,5,4,9,0,
demand: 17:82,82,82,48,48,48,183,183,111,20,:1,10,7,6,2,5,4,8,0,0,
demand: 909:141,141,141,141,230,4,4,4,4,56,:10,2,3,4,8,9,6,7,1,0,
demand: 981:164,164,164,51,51,207,:6,5,8,9,4,0,
demand: 653:221,221,221,132,132,93,:8,1,4,9,2,0,
demand: 194:70,70,70,70,48,48,48,149,:1,7,8,9,6,5,4,0,
demand: 315:128,128,128,197,:3,6,2,9,
demand: 725:137,137,137,137,76,76,76,76,185,185,110,:3,6,8,10,2,7,1,4,9,5,0,
demand: 97:172,172,172,172,172,14,14,:7,4,3,8,1,5,6,
demand: 925:190,190,190,190,44,44,44,44,65,65,105,:8,4,7,1,10,3,2,5,6,9,0,
demand: 684:10,10,10,10,10,96,96,96,96,203,:3,2,8,10,9,6,5,4,1,7,
demand: 278:132,132,132,78,51,:1,6,4,3,0,
demand: 764:126,126,126,65,65,132,132,132,84,:5,10,1,4,3,9,8,6,0,
demand: 342:219,219,219,219,33,33,237,237,237,237,:6,8,5,9,7,2,1,10,3,4,
demand: 421:152,152,152,152,45,:8,6,4,9,0,
demand: 218:151,151,151,151,151,178,178,178,178,178,92,:9,1,6,8,4,10,7,5,3,2,0,
demand: 790:28,28,28,28,28,28,183,183,183,:8,4,7,6,2,1,5,10,3,
demand: 472:158,158,241,241,55,:1,2,5,9,4,
demand: 515:40,40,40,40,51,51,23,23,23,:3,5,4,2,8,1,10,6,7,
demand: 492:204,204,204,204,108,108,108,120,:7,2,8,5,3,9,1,0,
demand: 922:110,110,110,49,49,:4,7,10,9,8,
demand: 324:162,162,162,2,2,111,111,111,:7,3,8,6,4,9,5,2,
demand: 880:245,245,245,239,239,239,175,145,:10,4,9,5,3,8,0,0,
demand: 944:14,112,112,112,112,112,163,163,163,:4,10,8,5,6,7,9,1,3,
demand: 54:133,133,58,58,46,237,:7,9,3,10,0,0,
demand: 16:61,61,61,61,114,114,114,114,144,:5,1,7,2,4,6,8,10,0,
demand: 573:229,229,229,229,145,145,145,145,154,104,:6,2,9,5,3,1,8,7,4,0,
demand: 962:99,99,99,214,83,:10,1,6,7,0,
demand: 682:9,9,9,9,11,11,38,:1,4,9,2,10,5,0,
demand: 967:65,65,65,105,105,:7,3,4,2,8,
demand: 695:229,2,234,:3,0,0,
demand: 152:194,37,37,37,37,87,87,87,:5,8,9,3,7,2,10,6,
demand: 595:196,196,116,:2,8,0,
demand: 806:159,159,159,159,66,66,66,66,:3,6,5,7,9,10,1,4,
demand: 430:106,106,106,106,106,80,80,:5,9,10,7,3,6,8,
demand: 435:125,125,125,125,206,:2,10,4,9,7,
demand: 777:172,38,38,38,114,:0,7,10,3,4,
demand: 426:188,188,188,188,144,:5,10,6,4,2,
demand: 445:64,64,64,64,18,18,18,216,:3,8,4,1,10,6,5,9,
demand: 921:42,42,42,56,56,56,48,48,40,:7,3,9,1,8,4,6,2,10,
demand: 479:71,71,146,146,16,16,42,:10,3,5,7,2,4,0,
demand: 239:227,227,227,227,74,:8,10,9,6,2,
demand: 447:132,128,128,215,215,136,:0,4,1,2,9,10,
demand: 950:146,146,146,146,146,146,146,46,46,46,:6,8,5,2,1,10,9,3,4,7,
demand: 281:207,207,207,13,13,146,:8,4,6,2,1,0,
demand: 53:103,103,22,30,9,:3,8,4,0,0,
demand: 223:126,15,15,15,71,:0,9,4,3,0,
demand: 989:38,38,38,83,:9,3,7,0,
demand: 124:230,230,36,:5,7,0,
demand: 130:104,104,104,51,:4,10,8,0,
demand: 545:150,173,:5,0,
demand: 843:213,213,213,113,:4,6,1,0,
demand: 207:217,217,217,25,25,60,60,60,:2,5,3,4,8,6,1,7,
demand: 826:105,105,105,105,172,:3,4,1,7,0,
demand: 566:121,121,121,121,34,34,138,138,138,:6,8,1,10,3,4,9,7,5,
demand: 974:54,54,54,54,54,90,90,90,90,199,:5,6,1,7,8,10,2,4,9,3,
demand: 819:194,42,139,139,139,139,:10,6,1,5,3,7,
demand: 424:115,69,69,69,69,146,146,146,:8,2,5,10,3,7,1,6,
demand: 738:144,144,144,32,32,32,148,148,148,:3,8,6,4,1,2,5,7,9,
demand: 28:127,127,127,133,:10,6,1,0,
demand: 797:146,147,147,147,147,165,165,:6,8,2,3,1,9,4,
demand: 554:231,231,169,169,169,:5,7,8,9,6,
demand: 186:16,16,179,179,179,4,4,4,246,246,:1,2,7,4,9,5,6,3,8,10,
demand: 61:1,1,244,244,244,17,17,17,17,26,:1,9,8,10,6,2,5,4,3,7,
demand: 650:159,81,81,81,81,178,178,178,90,:1,7,2,4,3,10,8,5,0,
demand: 557:176,176,176,176,76,76,91,:7,6,4,1,8,10,0,
demand: 817:199,199,199,34,121,:3,6,10,0,0,
demand: 183:96,173,173,173,173,170,170,170,170,122,122,16,:0,6,3,9,2,4,8,10,1,7,5,0,
demand: 131:182,182,182,182,209,:10,2,8,9,5,
demand: 286:76,241,241,241,223,2,:0,2,1,4,7,0,
demand: 744:46,46,46,46,166,166,166,166,84,84,65,:3,5,9,4,8,2,6,1,10,7,0,
demand: 88:119,119,79,79,79,139,139,139,:7,10,1,6,2,8,9,4,
demand: 739:168,168,168,168,4,:10,2,9,6,0,
demand: 452:47,47,48,:2,5,0,
demand: 1:202,202,43,43,43,125,125,:2,6,9,4,8,7,10,
demand: 241:139,139,58,225,:8,2,0,0,
demand: 263:51,51,51,230,42,:1,8,9,0,0,
demand: 943:174,138,160,23,:9,0,0,0,
demand: 548:94,94,94,94,39,:3,9,7,10,4,
demand: 359:237,237,55,55,121,34,34,:10,3,7,1,2,4,6,
demand: 664:114,10,164,:6,0,0,
demand: 835:187,187,187,187,187,187,93,93,:10,7,5,6,3,1,2,8,
demand: 579:134,134,134,134,134,157,157,157,157,157,21,:9,4,8,6,5,3,1,10,7,2,0,
demand: 470:27,27,27,27,239,239,239,239,214,:4,7,8,9,10,1,5,6,0,
demand: 560:4,214,:7,0,
demand: 473:148,148,243,243,243,76,122,122,122,122,186,:9,2,10,5,3,6,8,7,1,4,0,
demand: 927:13,13,13,147,147,184,184,184,184,47,:8,3,9,7,1,5,4,6,10,2,
demand: 521:89,89,89,89,89,45,45,45,45,45,172,:6,5,7,10,3,8,4,1,2,9,0,
demand: 674:24,24,24,104,54,:8,6,4,7,0,
demand: 786:71,6,6,6,:0,4,7,3,
demand: 330:124,124,124,124,108,108,7,7,:3,6,9,7,2,8,10,1,
demand: 874:33,33,130,130,130,:7,4,6,3,2,
demand: 942:221,18,:5,0,
demand: 269:148,60,60,60,:0,10,7,2,
demand: 170:125,240,240,:10,1,4,
demand: 728:91,91,91,91,164,164,164,164,224,152,:7,2,5,9,10,1,8,3,4,0,
demand: 822:62,62,175,:5,6,0,
demand: 219:192,192,192,192,239,239,239,239,241,:3,9,8,1,2,6,5,7,4,
demand: 581:46,49,5,:10,0,0,
demand: 668:218,218,13,207,:6,3,0,0,
demand: 696:210,210,210,210,69,69,69,69,17,:5,6,10,3,1,7,9,2,4,
demand: 935:145,137,137,137,137,135,135,135,135,38,:5,3,1,8,6,9,10,2,4,7,
demand: 801:109,166,166,166,58,58,58,225,225,225,42,:0,8,4,7,3,6,2,10,1,5,0,
demand: 477:157,21,21,21,188,:0,5,2,1,9,
demand: 468:154,154,154,81,81,81,223,241,214,:5,3,6,9,7,8,0,0,0,
demand: 976:10,123,123,:0,10,1,
demand: 284:192,220,220,220,203,203,203,24,:0,8,3,5,2,7,10,4,
demand: 561:29,183,183,183,46,46,46,:5,3,8,1,6,7,4,
demand: 261:161,3,3,3,142,:0,2,6,4,0,
demand: 344:240,240,240,240,247,247,247,74,:5,4,10,8,3,1,7,0,
demand: 939:128,92,92,92,92,179,179,179,:0,2,10,4,1,6,3,7,
demand: 610:185,69,69,69,118,118,118,:8,3,7,6,4,10,1,
demand: 475:240,240,240,165,165,17,133,:3,9,8,5,2,0,0,
demand: 191:212,212,212,212,64,:7,2,1,9,0,
demand: 155:64,49,49,49,49,247,247,:5,8,9,1,10,4,2,
demand: 649:43,154,154,:8,5,4,
demand: 335:109,109,117,117,117,106,222,222,:1,4,5,6,8,7,10,9,
demand: 181:236,236,236,98,:1,7,6,0,
demand: 776:59,93,:1,0,
demand: 768:150,150,242,242,242,:6,8,5,10,1,
demand: 340:23,23,186,186,186,160,160,160,160,72,:9,6,7,5,3,1,8,10,2,4,
demand: 228:147,147,56,56,56,165,165,165,:2,5,10,4,1,6,3,8,
demand: 332:219,43,89,:6,0,0,
demand: 905:221,221,35,35,35,215,215,215,215,230,:10,5,9,8,3,2,7,4,1,0,
demand: 968:211,211,211,247,247,247,70,70,102,240,41,:10,1,3,9,7,8,2,5,4,0,0,
demand: 379:166,59,59,65,:2,5,3,0,
demand: 689:199,189,:0,2,
demand: 413:162,175,175,175,175,100,100,100,100,84,:0,9,7,6,1,2,3,8,5,0,
demand: 847:149,149,149,149,149,149,19,19,19,:2,8,7,5,1,4,3,10,6,
demand: 670:220,220,220,220,220,220,129,129,:10,8,1,7,4,3,9,5,
demand: 718:89,93,93,:3,9,1,
demand: 96:133,39,213,:0,4,0,
demand: 978:76,122,122,122,79,79,79,230,:0,6,2,9,1,8,3,0,
demand: 363:3,3,3,3,25,217,:9,6,2,8,3,7,
demand: 620:86,86,86,86,86,98,98,:3,2,6,4,7,8,9,
demand: 134:56,141,222,222,222,222,30,30,30,30,193,:0,7,3,1,5,10,6,2,4,9,8,
demand: 514:125,7,145,:0,8,0,
demand: 463:121,76,234,234,234,44,44,246,:0,0,6,5,10,2,8,3,
demand: 279:204,204,58,58,146,144,137,145,:9,7,10,2,5,1,4,0,
demand: 936:204,52,52,52,52,227,227,:0,4,3,7,8,6,5,
demand: 6:171,48,143,:6,0,0,
demand: 289:159,140,140,140,22,22,22,169,110,:0,9,3,2,5,7,1,4,0,
demand: 11:110,155,155,155,101,101,:0,3,10,1,4,8,
demand: 844:8,8,8,8,67,67,67,67,190,:4,2,8,1,5,6,3,9,0,
demand: 346:20,20,128,:3,6,0,
demand: 617:117,117,138,174,:7,2,0,0,
demand: 94:123,123,75,75,75,75,216,216,216,:9,6,5,7,3,4,1,10,8,
demand: 402:44,138,138,138,138,174,174,174,174,105,:0,8,9,10,6,1,5,2,3,7,
demand: 294:202,60,60,60,84,:0,3,9,5,0,
demand: 979:6,130,130,33,:3,2,4,0,
demand: 44:63,63,63,63,211,211,211,211,203,29,:6,8,2,3,4,1,7,5,9,0,
demand: 105:142,3,113,:3,0,0,
demand: 195:3,133,83,83,83,83,114,114,114,114,:0,0,3,6,7,8,5,2,10,4,
demand: 405:191,191,191,117,117,119,:6,2,9,3,7,0,
demand: 9:29,203,247,247,211,211,37,:0,0,3,2,10,5,0,
demand: 845:49,120,120,120,:1,5,2,6,
demand: 740:31,31,31,31,31,35,35,35,35,35,150,:10,4,9,1,8,2,7,3,5,6,0,
demand: 750:200,200,200,55,55,55,7,:5,1,6,4,7,3,0,
demand: 820:245,245,245,24,7,:7,9,6,0,0,
demand: 178:71,80,:0,10,
demand: 243:127,34,34,34,34,34,234,234,234,234,234,:0,7,4,5,8,1,6,9,2,10,3,
demand: 227:146,186,186,186,186,135,135,135,135,65,:0,5,10,1,4,8,9,3,2,0,
demand: 506:162,200,200,200,223,223,223,81,81,71,:0,5,4,10,9,1,8,7,3,0,
demand: 715:123,197,197,197,197,35,35,35,35,40,:0,4,2,9,10,8,7,5,6,3,
demand: 415:88,11,95,:10,0,0,
demand: 937:46,46,46,45,45,45,195,195,219,:1,2,7,4,6,10,9,5,0,
demand: 897:155,155,67,67,67,134,134,134,134,92,:3,7,8,1,10,2,5,9,4,0,
demand: 890:23,74,74,74,74,44,67,67,67,67,192,:2,3,8,7,10,9,4,5,6,1,0,
demand: 5:68,68,68,51,30,:7,2,4,0,0,
demand: 860:21,53,53,53,53,54,54,:3,8,7,6,5,10,4,
demand: 569:228,228,41,56,:9,7,0,0,
demand: 894:32,68,68,68,68,5,5,5,5,31,:1,7,3,9,5,2,8,10,6,0,
demand: 296:220,116,116,116,116,196,196,196,168,:5,9,6,2,8,10,3,4,7,
demand: 544:62,73,73,73,73,28,28,129,129,:3,1,7,8,2,5,4,9,10,
demand: 91:99,99,99,99,99,250,250,250,250,:10,2,7,8,9,4,1,3,6,
demand: 250:105,171,171,171,171,50,50,50,50,184,184,:0,6,2,8,4,1,7,3,5,10,9,
demand: 165:35,160,160,139,:0,1,9,0,
demand: 443:130,136,136,136,206,206,:0,2,8,3,5,10,
demand: 730:139,164,164,164,2,69,69,69,128,:0,8,10,9,5,6,1,2,0,
demand: 236:61,112,112,112,239,204,:9,4,6,1,3,0,
Average Delay: 3.1266666666666665
Runtime (mS): 291350Acceptation rate: 1.0