demand: 336:13,13,13,13,12,:7,3,6,2,1,
demand: 602:3,3,3,8,8,15,:3,6,1,2,5,0,
demand: 72:7,7,7,8,8,8,3,5,:3,6,2,7,4,5,1,0,
demand: 563:10,10,10,10,4,4,4,8,:5,1,4,7,6,2,3,0,
demand: 96:6,6,6,12,12,12,8,3,11,:5,7,3,6,2,4,1,0,0,
demand: 410:10,10,10,10,2,:3,6,7,4,0,
demand: 141:8,15,:1,0,
demand: 543:15,15,15,5,:7,2,5,0,
demand: 925:14,14,14,10,:6,4,1,0,
demand: 703:2,2,2,2,1,:5,7,3,2,0,
demand: 324:1,1,1,1,1,9,9,:2,3,6,1,7,5,4,
demand: 177:8,8,10,10,10,10,:7,5,3,1,2,4,
demand: 400:6,7,7,7,15,15,15,:0,3,1,6,5,7,2,
demand: 550:13,13,13,13,12,12,12,4,:6,1,4,3,7,5,2,0,
demand: 630:12,12,4,4,14,14,14,10,:2,7,4,6,5,3,1,0,
demand: 962:14,1,1,2,:0,6,3,0,
demand: 126:13,15,12,:0,4,0,
demand: 332:12,5,5,5,13,:0,3,2,4,0,
demand: 355:9,9,9,5,5,1,:5,7,3,2,6,1,
demand: 898:4,11,11,11,15,15,6,:5,4,3,6,1,2,0,
demand: 906:5,4,14,14,10,:0,0,7,5,4,
demand: 821:8,6,7,9,:0,5,3,0,
demand: 426:2,11,11,8,:4,3,2,0,
demand: 243:6,10,7,9,:0,6,0,0,
demand: 638:13,5,1,14,:0,3,5,0,
demand: 438:1,3,:5,0,
demand: 881:9,8,6,:5,0,0,
Average Delay: 2.909090909090909
Runtime (mS): 409Acceptation rate: 0.275