demand: 336:13,13,13,13,12,:7,3,6,2,1,
demand: 602:3,3,3,8,8,15,:3,6,1,2,5,0,
demand: 72:7,7,7,8,8,8,3,5,:3,6,2,7,4,5,1,0,
demand: 563:10,10,10,10,4,4,4,8,:5,1,4,7,6,2,3,0,
demand: 96:6,6,6,12,12,12,8,3,11,:5,7,3,6,2,4,1,0,0,
demand: 201:2,9,:4,0,
demand: 504:3,8,8,7,10,:0,4,6,0,0,
demand: 946:3,4,:0,2,
demand: 387:3,1,1,1,:0,2,4,1,
demand: 833:7,7,7,14,14,1,1,:6,3,2,1,4,5,7,
demand: 533:12,12,12,4,:4,7,5,0,
demand: 942:7,12,12,:4,7,5,
demand: 868:6,7,2,2,2,:0,0,7,1,4,
demand: 617:13,13,13,12,4,8,8,:1,3,2,5,4,6,7,
demand: 634:6,12,:5,0,
demand: 73:14,14,14,14,15,15,15,:2,7,5,3,1,4,6,
demand: 530:2,9,9,:0,7,4,
demand: 112:1,1,1,15,15,:5,4,7,1,2,
demand: 691:11,11,11,4,:1,4,7,0,
demand: 933:5,5,5,4,11,:4,6,3,0,0,
demand: 318:10,10,10,14,14,3,:2,1,4,3,7,0,
demand: 721:15,5,5,4,:0,1,3,7,
demand: 389:14,10,10,10,2,9,:0,6,5,1,3,2,
demand: 323:4,14,10,10,:0,0,1,2,
demand: 591:8,11,11,11,:6,3,5,1,
demand: 393:10,7,1,:0,0,4,
demand: 704:1,9,2,13,11,:0,0,0,6,0,
Average Delay: 2.727272727272727
Runtime (mS): 214Acceptation rate: 0.55