demand: 119:64,64,64,64,46,46,46,46,11,:8,9,2,6,10,7,1,3,0,
demand: 321:73,73,73,73,35,:8,9,5,3,0,
demand: 12:59,59,59,59,92,:4,9,6,7,1,
demand: 920:15,15,15,15,17,17,21,:2,3,6,9,4,7,0,
demand: 68:15,45,45,45,45,1,1,1,31,:10,3,6,5,1,4,7,8,0,
demand: 836:75,75,75,75,75,88,88,88,88,88,36,:5,1,7,10,3,2,6,4,8,9,0,
demand: 857:58,58,58,58,2,2,2,2,66,:8,5,1,4,3,10,7,2,0,
demand: 194:17,39,30,26,:5,0,0,0,
demand: 171:93,93,93,31,31,31,100,88,:4,2,7,10,9,3,0,0,
demand: 177:16,16,22,30,50,70,10,:6,5,9,0,0,0,0,
demand: 211:56,72,:4,0,
demand: 27:32,32,1,18,:1,7,0,0,
demand: 903:31,31,31,49,49,49,61,20,:2,4,6,1,8,10,3,0,
demand: 933:92,92,92,92,36,36,5,5,5,5,:4,3,6,1,5,8,9,7,10,2,
demand: 22:44,44,44,44,44,7,7,7,7,7,30,:3,6,8,4,10,9,1,7,2,5,0,
demand: 726:13,13,13,28,28,10,10,38,38,69,:9,6,3,2,4,8,7,10,1,0,
demand: 197:53,53,53,53,53,53,53,21,21,21,:5,1,4,10,3,2,9,8,7,6,
demand: 661:16,2,15,22,:7,0,0,0,
demand: 696:35,35,35,37,37,37,5,88,:4,2,5,7,8,9,0,0,
demand: 89:68,68,68,68,68,68,56,56,:5,1,10,2,7,8,6,3,
demand: 416:64,20,46,93,7,66,:4,0,0,0,0,0,
demand: 366:22,22,22,22,13,13,13,69,:3,6,2,1,7,5,4,0,
demand: 140:50,50,50,34,34,34,49,49,49,:7,10,2,3,4,5,1,6,8,
demand: 326:20,81,:10,0,
demand: 1000:60,60,60,60,60,60,60,3,3,3,:5,7,2,1,10,3,8,9,6,4,
demand: 861:2,2,2,7,7,7,14,58,:1,5,8,7,3,9,0,0,
demand: 372:72,72,72,72,32,:10,9,3,7,0,
demand: 599:47,47,47,47,47,53,24,24,24,24,:4,9,1,7,5,10,3,6,8,2,
demand: 62:65,65,65,65,27,27,27,27,36,36,92,:5,2,6,1,7,4,8,3,9,10,0,
demand: 107:56,56,56,1,90,:1,10,2,0,0,
demand: 627:71,71,71,71,23,23,23,23,92,86,:3,6,8,4,7,2,10,1,0,0,
demand: 246:64,20,46,:8,0,0,
demand: 263:19,19,39,93,88,75,:1,9,0,0,0,0,
demand: 235:53,18,18,18,38,38,:0,1,9,5,3,7,
demand: 145:89,89,89,89,89,30,30,30,30,30,60,:2,3,5,1,7,9,6,10,4,8,0,
demand: 992:82,82,82,82,90,:10,3,5,8,0,
demand: 632:87,87,87,36,60,:1,6,9,3,0,
demand: 772:51,51,51,100,:4,1,7,0,
demand: 820:28,62,62,62,62,38,38,38,38,39,39,76,:0,4,1,9,3,6,8,5,7,10,2,0,
demand: 560:97,97,97,97,70,70,70,70,17,:4,2,1,5,9,6,7,8,0,
demand: 844:26,31,53,10,:10,9,0,0,
demand: 473:39,39,63,:4,5,0,
demand: 915:62,62,62,69,:3,4,8,0,
demand: 443:1,1,18,48,:6,1,0,0,
demand: 571:91,91,57,:8,1,0,
demand: 468:71,71,71,71,71,71,71,20,20,20,:6,1,2,9,7,5,8,3,4,10,
demand: 703:36,36,74,74,74,29,29,29,29,86,:4,5,6,2,1,7,8,9,10,0,
demand: 622:15,60,37,58,:0,4,0,0,
demand: 939:49,54,54,54,54,14,14,:0,3,2,5,8,9,7,
demand: 759:23,23,23,19,19,43,:5,1,3,7,4,0,
demand: 850:30,30,30,99,99,99,:8,1,3,6,4,5,
demand: 154:69,69,69,19,19,39,39,48,42,:4,8,9,7,10,5,3,0,0,
demand: 29:7,99,99,67,67,23,27,:0,10,3,5,2,0,0,
demand: 940:27,34,34,34,34,18,18,18,18,55,55,31,:0,7,10,9,1,8,2,6,5,4,3,0,
demand: 801:53,96,38,1,:0,9,0,0,
demand: 976:50,30,30,44,97,37,3,:0,9,5,6,8,1,0,
demand: 329:7,93,39,34,21,:0,2,0,0,0,
demand: 611:89,2,2,2,2,32,32,:6,7,4,5,10,8,1,
demand: 283:94,94,94,94,94,94,94,62,62,62,:8,5,2,4,7,9,3,1,10,6,
demand: 629:12,12,12,12,12,12,12,43,43,43,:1,4,5,8,6,9,7,10,3,2,
demand: 989:58,64,64,64,64,85,85,85,85,50,:0,6,2,4,9,1,10,7,5,0,
demand: 674:32,21,21,21,21,45,45,45,45,60,:0,10,2,6,8,5,7,9,4,0,
demand: 755:38,48,48,48,48,48,80,80,80,80,80,:0,3,2,10,1,8,4,5,7,6,9,
demand: 73:80,80,80,80,74,:1,10,9,7,4,
demand: 278:75,75,75,75,51,51,51,65,:10,2,6,3,5,9,4,0,
demand: 120:29,29,55,:7,8,0,
demand: 964:40,40,23,23,87,87,87,:6,10,7,4,9,1,8,
demand: 502:6,6,6,95,:2,7,6,1,
demand: 729:21,67,67,67,63,63,63,34,:0,2,9,3,7,10,5,0,
demand: 284:45,82,82,82,5,5,52,52,33,33,33,13,:0,9,2,5,7,6,10,8,4,1,3,0,
demand: 485:52,52,52,37,37,37,58,14,56,:3,9,6,1,5,2,0,0,0,
demand: 843:48,39,70,97,44,93,:0,0,4,9,0,0,
demand: 827:90,90,41,41,41,56,56,56,56,15,:1,5,6,3,2,4,10,8,7,0,
demand: 493:68,68,68,51,51,65,:10,4,7,1,5,0,
demand: 541:81,81,81,29,86,:7,10,6,0,0,
demand: 710:43,43,30,94,:9,10,0,0,
demand: 525:92,51,91,:6,0,0,
demand: 690:1,1,1,1,16,16,27,:9,5,7,4,1,8,0,
demand: 175:58,14,14,14,14,12,12,12,12,15,:0,3,8,7,5,4,6,1,10,0,
demand: 495:82,82,45,78,:9,5,0,0,
demand: 877:21,48,31,39,58,:0,0,4,0,0,
demand: 157:18,23,23,23,90,:5,6,8,7,0,
demand: 417:56,1,1,37,:8,2,7,0,
demand: 409:62,67,67,71,:1,4,6,0,
demand: 189:50,11,11,11,56,:0,6,4,9,0,
demand: 391:43,43,43,31,:10,9,8,0,
demand: 853:20,2,2,2,2,4,4,4,4,99,:8,6,1,9,7,5,4,2,3,10,
demand: 657:32,21,10,10,10,53,57,:3,9,7,1,6,5,8,
demand: 479:38,57,57,57,74,74,:0,7,4,10,5,2,
demand: 124:69,13,33,33,33,76,76,76,:0,0,3,5,9,8,6,10,
Average Delay: 3.4
Runtime (mS): 3328Acceptation rate: 1.0