2, 13, 9, 10, 2, 4, 7, 13, 9, 10, 4, 14, 
3, 10, 4, 14, 1, 3, 10, 4, 14, 1, 6, 
7, 4, 8, 10, 8, 14, 1, 14, 7, 4, 11, 4, 
1, 6, 15, 15, 15, 15, 6, 
13, 15, 15, 15, 15, 15, 15, 13, 9, 12, 
9, 8, 4, 11, 
6, 9, 6, 3, 6, 9, 5, 
15, 10, 14, 9, 3, 9, 15, 11, 
2, 9, 4, 3, 4, 9, 12, 8, 2, 13, 
15, 11, 8, 2, 14, 1, 15, 1, 
12, 8, 5, 14, 2, 13, 
15, 5, 3, 7, 12, 15, 5, 
12, 8, 5, 7, 
2, 14, 2, 12, 8, 
5, 2, 13, 
5, 3, 8, 2, 7, 2, 8, 3, 5, 9, 14, 12, 14, 2, 7, 2, 14, 9, 5, 9, 15, 11, 
4, 5, 
5, 2, 7, 10, 5, 10, 7, 10, 5, 10, 
2, 5, 2, 7, 4, 5, 2, 7, 5, 2, 7, 4, 5, 14, 
7, 7, 6, 9, 7, 2, 7, 1, 15, 7, 11, 7, 6, 9, 7, 8, 5, 8, 7, 
5, 11, 7, 7, 11, 7, 7, 11, 7, 15, 7, 2, 7, 2, 7, 7, 7, 2, 7, 7, 2, 4, 
7, 11, 7, 11, 7, 7, 7, 11, 7, 14, 10, 7, 13, 2, 
15, 7, 7, 9, 7, demand: 217:8,2,13,9,10,2,4,7,13,9,10,4,14,:0,7,3,0,4,6,2,0,5,0,1,0,0,
demand: 125:12,3,10,4,14,1,3,10,4,14,1,6,:0,0,6,2,0,5,0,4,1,0,7,0,
demand: 479:14,7,4,8,10,8,14,1,14,7,4,11,4,:0,0,4,0,6,0,0,7,0,0,3,1,0,
demand: 112:14,1,6,15,15,15,15,6,:0,3,1,4,2,6,7,0,
demand: 920:9,13,15,15,15,15,15,15,13,9,12,:0,0,4,5,2,1,3,6,0,7,0,
demand: 481:8,9,8,4,11,:0,1,0,2,0,
demand: 591:2,6,9,6,3,6,9,5,:0,2,3,0,4,0,5,0,
demand: 445:6,15,10,14,9,3,9,15,11,:0,0,6,0,3,4,5,0,0,
demand: 233:8,2,9,4,3,4,9,12,8,2,13,:0,0,3,0,7,0,4,1,5,0,0,
demand: 515:5,15,11,8,2,14,1,15,1,:0,0,2,7,0,4,0,6,0,
demand: 99:9,12,8,5,14,2,13,:0,7,3,0,4,0,0,
demand: 817:13,15,5,3,7,12,15,5,:0,0,0,2,0,4,0,0,
demand: 143:13,12,8,5,7,:0,1,5,0,0,
demand: 508:7,2,14,2,12,8,:0,0,6,0,4,7,
demand: 538:10,5,2,13,:0,4,0,0,
demand: 885:9,5,3,8,2,7,2,8,3,5,9,14,12,14,2,7,2,14,9,5,9,15,11,:0,4,0,0,0,1,0,0,0,6,0,0,3,0,0,2,0,0,0,7,0,0,0,
demand: 294:3,4,5,:0,0,3,
demand: 550:11,5,2,7,10,5,10,7,10,5,10,:0,7,0,2,0,5,0,6,0,3,0,
demand: 357:3,4,5,14,:0,0,7,0,
demand: 698:3,6,9,7,8,5,8,7,:0,0,0,4,0,6,0,1,
demand: 351:8,7,2,4,:0,4,0,0,
demand: 323:1,14,10,7,13,2,:0,0,0,4,0,0,
Average Delay: 7.9523809523809526
Runtime (mS): 19Acceptation rate: 0.35