194, 229, 39, 49, 187, 189, 49, 187, 49, 241, 
35, 39, 187, 189, 243, 21, 185, 49, 39, 249, 47, 249, 39, 187, 189, 169, 244, 177, 35, 170, 
243, 223, 22, 160, 75, 129, 49, 158, 48, 75, 223, 154, 194, 
243, 21, 158, 103, 113, 243, 38, 70, 129, 177, 236, 47, 139, 
187, 69, 218, 174, 152, 224, 
236, 47, 139, 174, 177, 242, 39, 229, 14, 69, 243, 21, 244, 229, 14, 228, 152, 14, 13, 
152, 188, 113, 228, 42, 188, 176, 
14, 42, 227, 184, 69, 218, 58, 39, 42, 242, 
184, 227, 160, 185, 48, 187, 
103, 60, 70, 166, 205, 160, 48, 60, 188, 205, 203, 58, 75, 205, 166, 117, 230, 
88, 65, 228, 86, 103, 65, 13, 203, 188, 42, 117, 205, 203, 227, 136, 13, 65, 209, 190, 32, 202, 169, 65, 32, 
203, 202, 27, 246, 160, 48, 27, 202, 32, 190, 209, 200, 65, 184, 202, 208, 
202, 148, 
190, 32, 65, 61, 209, 190, 32, 117, 203, 86, 246, 27, 221, 61, 65, 246, 27, 202, 86, 246, 243, 
27, 246, 129, 86, 246, 79, 86, 246, 79, 248, 221, 86, 79, 248, 190, 212, 246, 79, 158, 
190, 248, 113, 221, 248, 55, 221, 248, 65, 105, 221, 115, 
212, 105, 55, 212, 105, 174, 
55, 105, 212, 38, 92, 157, 
55, 212, 55, 105, 182, 55, 92, 133, 65, 105, 174, 117, 92, 133, 160, 227, 92, 133, 5, 116, 
92, 193, 
92, 242, 186, 207, 32, 92, 242, 161, 186, 223, 182, 
1, 134, 133, 117, 
41, 134, 195, 223, 186, 96, 
74, 185, 194, 155, 13, 79, 
195, 134, 41, 238, 
2, 64, 134, 195, 223, 70, 134, 41, 74, 134, 64, 2, 215, 
41, 60, 195, 223, 186, 30, 41, 74, 201, 195, 156, 148, 
1, 134, 64, 2, 242, 212, 105, 
2, 242, 228, 195, 201, 74, 78, 
1, 242, 207, 223, 186, 30, 195, 201, 195, 134, 41, 4, 
30, 186, 41, 30, 155, 22, 30, 155, 22, 155, 71, 
30, 41, 186, 106, 
2, 242, 223, 108, 194, 242, 223, 108, 30, 186, 2, 133, 44, 10, 29, 64, 130, 194, 108, 2, 215, 
155, 148, 194, 204, 
1, 201, 242, 223, 108, 194, 148, 155, 201, 88, 
1, 108, 223, 108, 194, 108, 2, 242, 223, 195, 147, 
108, 233, 26, 19, 155, 148, 194, 148, 155, 19, 10, 44, 133, 164, 77, 
1, 77, 164, 116, 194, 130, 233, 26, 19, 110, 
148, 10, 44, 10, 104, 
1, 27, 
64, 130, 233, 26, 19, 10, 116, 164, 77, 194, 56, 
64, 130, 194, 77, 164, 116, 164, 77, 164, 116, 10, 209, 229, 
26, 116, 10, 19, 155, 12, 233, 130, 64, 132, 12, 165, 
1, 214, 142, 132, 12, 77, 194, 132, 12, 222, 164, 82, 44, 132, 82, 44, 133, 163, 
10, 142, 214, 82, 44, 133, 44, 82, 44, 26, 19, 157, 132, 12, 222, 216, 
142, 214, 241, 142, 140, 
222, 12, 29, 49, 
142, 214, 134, 44, 63, 214, 241, 82, 157, 63, 207, 214, 241, 84, 130, 238, 201, 132, 157, 222, 103, 
84, 157, 82, 22, 63, 207, 241, 84, 22, 63, 214, 29, 
12, 29, 22, 63, 157, 84, 37, 
130, 238, 172, 40, 164, 172, 40, 233, 16, 29, 193, 
193, 63, 22, 30, 41, 74, 41, 238, 130, 233, 16, 127, 96, 157, 172, 40, 168, 16, 127, 77, 200, 63, 84, 
40, 168, 16, 29, 127, 16, 168, 172, 40, 168, 16, 133, 172, 108, 226, 168, 16, 238, 139, 
226, 110, 116, 226, 168, 73, 172, 96, 73, 215, 2, 
16, 127, 96, 73, 200, 96, 73, 142, 127, 193, 96, 200, 63, 207, 110, 116, 45, 
134, 1, 200, 193, 136, 226, 110, 73, 200, 193, 136, 226, 110, 26, 136, 16, 238, 22, 110, 207, 147, 
226, 207, 26, 136, 1, 200, 193, 168, 226, 16, 136, 73, 183, 107, 226, 63, 193, 159, 127, 183, 41, 159, 124, 198, 
159, 51, 137, 183, 107, 249, 122, 216, 124, 12, 137, 168, 40, 154, 30, 204, 
207, 249, 122, 3, 89, 
216, 154, 148, 159, 51, 124, 118, 67, 122, 18, 30, 154, 53, 161, 63, 153, 
3, 107, 183, 216, 242, 9, 200, 67, 18, 118, 67, 18, 132, 9, 161, 53, 67, 18, 118, 67, 127, 
163, 238, 9, 161, 18, 67, 18, 161, 145, 18, 67, 118, 18, 145, 161, 53, 67, 118, 222, 163, 3, 89, 
3, 96, 9, 161, 53, 67, 118, 18, 53, 147, 161, 239, 
136, 118, 18, 53, 147, 161, 9, 200, 73, 53, 18, 118, 9, 161, 147, 53, 67, 191, 
3, 163, 118, 9, 25, 163, 118, 9, 25, 163, 103, 
3, 163, 118, 9, 118, 110, 163, 3, 103, 
3, 53, 18, 163, 25, 9, 232, 161, 147, 53, 3, 147, 114, 163, 25, 118, 46, 9, 232, 161, 107, 
3, 163, 25, 9, 232, 237, 
41, 3, 147, 114, 147, 53, 8, 161, 232, 66, 114, 56, 147, 170, 150, 56, 149, 
122, 3, 89, 147, 170, 150, 33, 
3, 170, 147, 56, 150, 170, 145, 56, 150, 114, 56, 176, 8, 114, 56, 169, 
114, 66, 232, 150, 114, 66, 232, 150, 114, 8, 176, 56, 145, 76, 8, 114, 150, 8, 176, 56, 117, 
145, 56, 213, 66, 34, 46, 128, 34, 114, 46, 128, 34, 114, 46, 128, 248, 
66, 34, 128, 46, 34, 128, 34, 152, 
89, 3, 170, 232, 150, 8, 176, 51, 
34, 46, 25, 128, 76, 145, 213, 66, 34, 114, 46, 25, 128, 76, 145, 213, 66, 25, 128, 76, 152, 34, 
25, 46, 34, 66, 25, 46, 43, 34, 152, 76, 8, 150, 232, 170, 213, 145, 56, 176, 219, 34, 79, 
66, 232, 150, 56, 114, 34, 
43, 34, 152, 76, 8, 150, 89, 176, 219, 232, 170, 213, 56, 170, 213, 56, 170, 213, 113, 
114, 8, 150, 8, 76, 8, 114, 46, 43, 34, 219, 176, 89, 150, 152, 76, 8, 170, 162, 145, 213, 145, 162, 170, 8, 76, 182, 55, 156, 
43, 176, 219, 34, 43, 128, 162, 170, 56, 213, 56, 76, 2, 94, 
145, 176, 219, 34, 43, 176, 89, 170, 182, 145, 69, 213, 176, 89, 170, 182, 170, 
89, 69, 145, 182, 76, 219, 34, 223, 
145, 182, 219, 89, 170, 43, 85, 219, 182, 128, 43, 128, 182, 219, 213, 182, 219, 89, 69, 43, 4, 66, 
43, 128, 182, 170, 89, 219, 85, 43, 69, 89, 13, 8, 182, 113, 
162, 182, 69, 43, 11, 141, 115, 89, 219, 85, 69, 43, 11, 141, 201, 74, 
182, 55, 232, 
13, 162, 17, 13, 162, 17, 108, 
13, 146, 162, 17, 162, 146, 13, 162, 17, 162, 13, 162, 61, 115, 141, 11, 60, 195, 
81, 34, 
81, 13, 31, 131, 162, 61, 115, 85, 81, 17, 141, 11, 115, 61, 139, 115, 61, 115, 93, 
61, 139, 81, 85, 31, 131, 11, 52, 57, 31, 131, 61, 139, 52, 199, 
61, 131, 219, 85, 31, 57, 52, 139, 148, 31, 57, 52, 139, 43, 85, 31, 155, 
57, 115, 139, 52, 131, 197, 57, 148, 31, 61, 197, 239, 148, 139, 180, 239, 156, 111, 245, 158, 21, 
156, 239, 197, 146, 220, 180, 239, 156, 148, 139, 180, 220, 146, 197, 180, 20, 
156, 111, 245, 78, 111, 245, 78, 156, 111, 245, 78, 74, 172, 
197, 59, 
245, 78, 111, 180, 220, 146, 131, 
227, 146, 227, 161, 76, 
146, 180, 239, 245, 220, 131, 
180, 146, 74, 78, 74, 68, 
146, 180, 139, 220, 245, 158, 180, 111, 78, 87, 39, 120, 180, 20, 235, 179, 168, 
4, 250, 250, 250, 250, 250, 250, 245, 144, 125, 206, 80, 234, 123, 121, 205, 203, 
4, 20, 235, 179, 36, 95, 198, 179, 235, 20, 153, 237, 72, 211, 126, 5, 62, 20, 235, 178, 229, 61, 
179, 36, 95, 198, 179, 36, 95, 198, 211, 126, 20, 
4, 20, 126, 211, 198, 95, 208, 206, 125, 144, 211, 72, 237, 153, 20, 4, 230, 210, 87, 108, 
5, 62, 20, 153, 237, 72, 211, 198, 143, 54, 123, 121, 39, 87, 210, 230, 237, 80, 55, 
5, 62, 59, 35, 204, 104, 211, 144, 59, 35, 204, 125, 215, 208, 206, 16, 238, 
5, 62, 59, 35, 204, 125, 144, 211, 104, 204, 35, 59, 144, 211, 72, 112, 
5, 126, 211, 106, 234, 123, 121, 39, 87, 210, 230, 210, 87, 39, 143, 54, 149, 106, 240, 208, 206, 125, 
45, 178, 235, 20, 234, 80, 206, 160, 
5, 59, 33, 87, 95, 208, 215, 50, 231, 28, 71, 23, 39, 121, 37, 199, 106, 240, 39, 176, 230, 
211, 104, 204, 33, 102, 178, 45, 215, 50, 231, 28, 71, 23, 229, 50, 215, 208, 240, 106, 199, 9, 153, 
71, 23, 229, 50, 231, 28, 71, 231, 175, 54, 143, 171, 204, 33, 102, 175, 54, 164, 
199, 106, 149, 54, 175, 231, 71, 15, 102, 33, 87, 24, 59, 150, 
175, 102, 15, 247, 94, 
247, 94, 24, 68, 14, 8, 
15, 247, 94, 37, 209, 28, 83, 140, 171, 143, 94, 24, 68, 142, 
234, 123, 54, 149, 35, 247, 15, 37, 209, 28, 83, 140, 171, 119, 87, 33, 89, 
83, 28, 71, 23, 229, 223, 88, 209, 28, 151, 
173, 68, 24, 94, 37, 94, 43, 
50, 83, 36, 119, 151, 225, 72, 119, 87, 7, 225, 151, 121, 94, 143, 120, 149, 106, 167, 198, 166, 
45, 173, 68, 209, 145, 
196, 99, 72, 237, 99, 72, 225, 151, 138, 98, 204, 45, 246, 27, 
140, 192, 178, 45, 246, 27, 
204, 125, 144, 120, 90, 62, 112, 51, 137, 
210, 225, 7, 90, 120, 149, 93, 23, 173, 99, 72, 112, 196, 167, 224, 86, 
15, 71, 231, 175, 102, 178, 192, 102, 224, 192, 199, 98, 198, 196, 98, 138, 64, 
138, 101, 93, 224, 101, 93, 90, 7, 224, 
167, 106, 149, 54, 143, 198, 
101, 135, 143, 54, 6, 68, 191, 100, 91, 217, 135, 210, 230, 4, 20, 6, 71, 217, 144, 123, 234, 46, 
208, 112, 6, 71, 217, 151, 
71, 6, 112, 208, 206, 125, 101, 28, 6, 149, 97, 165, 88, 138, 135, 217, 144, 191, 100, 91, 217, 206, 
7, 87, 
6, 181, 135, 217, 83, 140, 217, 91, 44, 
6, 28, 209, 37, 6, 181, 135, 143, 94, 165, 250, 101, 135, 36, 88, 165, 97, 91, 220, 180, 
112, 6, 68, 191, 144, 217, 135, 181, 6, 181, 135, 206, 90, 6, 54, 63, 
125, 23, 91, 153, 217, 135, 181, 91, 98, 207, 
6, 20, 180, 88, 165, 121, 6, 112, 217, 91, 100, 247, 97, 36, 95, 
19, 88, 165, 97, 91, 217, 135, 217, 224, 100, 178, 91, 100, 191, 95, 240, 100, 147, 
72, 5, 229, 23, 91, 178, 100, 178, 192, 181, 91, 100, 191, 91, 98, 97, 165, 88, 135, 100, 191, 135, 97, 215, 36, 
135, 88, 237, 181, 109, 97, 247, 100, 191, 100, 101, 
88, 191, 91, 181, 91, 100, 91, 97, 165, 121, 165, 230, 88, 135, 91, 217, 
88, 191, 91, 181, 6, 71, 231, 50, 229, 50, 231, 71, 6, 181, 91, 191, 88, 109, 91, 191, 140, 171, 109, 97, 165, 102, 15, 109, 35, 191, 97, 190, 
5, 109, 66, 109, 97, 247, 97, 109, 100, 165, 121, 109, 109, 100, 247, 97, 109, 121, 165, 121, 39, 87, 7, 90, 120, 109, 90, 100, 247, 97, 247, 100, 109, 198, 109, 7, 87, 109, 91, 97, 109, 198, 140, 171, 109, 90, 120, 149, 97, 109, 5, 94, 
97, 15, 109, 100, 84, 
7, 225, 198, 109, 109, 198, 140, 192, 109, 121, 165, 173, 109, 90, 206, 109, 100, 109, 198, 109, 173, 165, 230, 237, 109, 237, 109, 97, 165, 173, 109, 100, 190, 
90, 120, 109, 121, 165, 66, 109, 109, 121, 165, 121, 109, 207, 32, 
133, 109, 227, 
90, 170, 90, 111, 
7, 87, 7, 7, 99, 7, 15, 
72, 99, 173, 99, 180, 20, 25, 99, 65, 
120, 120, demand: 949:243,194,229,39,49,187,189,49,187,49,241,:0,0,0,0,6,19,17,10,20,0,0,
demand: 938:161,35,39,187,189,243,21,185,49,39,249,47,249,39,187,189,169,244,177,35,170,:0,0,0,13,3,2,19,16,1,0,0,17,0,0,20,10,9,5,18,0,0,
demand: 727:240,243,223,22,160,75,129,49,158,48,75,223,154,194,:0,14,0,0,16,15,11,20,9,2,7,0,0,0,
demand: 370:12,243,21,158,103,113,243,38,70,129,177,236,47,139,:0,15,6,20,5,12,14,9,16,18,4,8,13,0,
demand: 982:165,187,69,218,174,152,224,:0,20,11,6,12,19,0,
demand: 947:194,236,47,139,174,177,242,39,229,14,69,243,21,244,229,14,228,152,14,13,:0,14,11,0,6,10,0,0,0,3,17,20,0,18,0,5,19,16,8,0,
demand: 547:42,152,188,113,228,42,188,176,:0,8,7,10,19,6,12,0,
demand: 769:161,14,42,227,184,69,218,58,39,42,242,:0,2,12,16,9,0,15,19,0,6,0,
demand: 664:120,184,227,160,185,48,187,:0,9,17,4,13,14,0,
demand: 892:246,103,60,70,166,205,160,48,60,188,205,203,58,75,205,166,117,230,:0,4,18,13,5,16,15,10,19,1,12,2,17,20,9,6,3,0,
demand: 9:36,88,65,228,86,103,65,13,203,188,42,117,205,203,227,136,13,65,209,190,32,202,169,65,32,:0,0,9,13,2,4,3,0,17,14,1,19,11,18,10,0,0,16,0,7,12,6,20,8,0,
demand: 245:213,203,202,27,246,160,48,27,202,32,190,209,200,65,184,202,208,:0,5,9,13,14,0,15,6,19,7,8,0,0,1,4,3,0,
demand: 679:220,202,148,:0,6,0,
demand: 324:151,190,32,65,61,209,190,32,117,203,86,246,27,221,61,65,246,27,202,86,246,243,:0,1,19,14,0,0,2,15,13,7,5,8,4,18,0,6,9,11,10,16,3,0,
demand: 566:226,27,246,129,86,246,79,86,246,79,248,221,86,79,248,190,212,246,79,158,:0,14,0,20,6,11,1,19,4,5,17,13,2,7,3,9,12,15,10,0,
demand: 834:65,190,248,113,221,248,55,221,248,65,105,221,115,:0,8,4,20,1,6,14,10,3,9,12,15,0,
demand: 468:43,212,105,55,212,105,174,:0,17,4,3,11,12,0,
demand: 312:182,55,105,212,38,92,157,:0,1,8,2,20,18,0,
demand: 959:81,55,212,55,105,182,55,92,133,65,105,174,117,92,133,160,227,92,133,5,116,:0,18,13,0,15,0,17,11,3,0,14,0,16,9,8,20,0,10,6,0,0,
demand: 261:1,92,193,:0,18,0,
demand: 445:183,92,242,186,207,32,92,242,161,186,223,182,:0,14,13,3,12,2,18,17,0,1,16,0,
demand: 962:137,1,134,133,117,:0,5,7,6,0,
demand: 108:74,41,134,195,223,186,96,:0,6,11,2,12,18,0,
demand: 390:224,74,185,194,155,13,79,:0,1,20,17,8,0,0,
demand: 153:156,195,134,41,238,:0,12,1,19,0,
demand: 283:70,2,64,134,195,223,70,134,41,74,134,64,2,215,:0,17,7,9,11,14,20,1,13,2,6,5,3,0,
demand: 658:102,41,60,195,223,186,30,41,74,201,195,156,148,:0,13,20,4,8,14,11,6,5,9,7,0,0,
demand: 625:179,1,134,64,2,242,212,105,:0,14,18,13,2,19,0,0,
demand: 953:119,2,242,228,195,201,74,78,:0,1,0,20,15,3,19,0,
demand: 877:200,1,242,207,223,186,30,195,201,195,134,41,4,:0,14,9,3,20,16,18,17,5,0,0,13,0,
demand: 75:135,30,186,41,30,155,22,30,155,22,155,71,:0,19,14,20,4,12,18,11,6,10,0,0,
demand: 821:21,30,41,186,106,:0,5,20,4,0,
demand: 594:38,2,242,223,108,194,242,223,108,30,186,2,133,44,10,29,64,130,194,108,2,215,:0,8,13,2,14,11,16,1,12,4,10,15,20,9,5,6,19,3,18,7,0,0,
demand: 55:66,155,148,194,204,:0,5,19,18,0,
demand: 413:248,1,201,242,223,108,194,148,155,201,88,:0,12,4,20,1,15,5,9,14,18,0,
demand: 121:216,1,108,223,108,194,108,2,242,223,195,147,:0,8,6,10,0,13,11,0,0,14,0,0,
demand: 351:144,108,233,26,19,155,148,194,148,155,19,10,44,133,164,77,:0,9,18,7,16,6,17,14,0,11,2,5,13,1,12,0,
demand: 461:46,1,77,164,116,194,130,233,26,19,110,:0,3,5,6,11,13,10,17,19,20,0,
demand: 325:31,148,10,44,10,104,:0,3,7,8,0,0,
demand: 588:173,1,27,:0,11,0,
demand: 476:87,64,130,233,26,19,10,116,164,77,194,56,:0,4,7,2,13,6,5,3,19,18,14,0,
demand: 910:6,64,130,194,77,164,116,164,77,164,116,10,209,229,:0,11,12,15,8,10,7,0,5,1,16,17,0,0,
demand: 505:199,26,116,10,19,155,12,233,130,64,132,12,165,:0,3,16,11,13,12,6,19,8,10,7,18,0,
demand: 968:91,1,214,142,132,12,77,194,132,12,222,164,82,44,132,82,44,133,163,:0,10,17,12,9,16,1,14,6,7,5,18,11,13,3,2,4,0,0,
demand: 168:209,10,142,214,82,44,133,44,82,44,26,19,157,132,12,222,216,:0,11,7,12,6,9,15,0,19,20,17,13,2,1,10,16,0,
demand: 287:90,142,214,241,142,140,:0,11,9,3,19,0,
demand: 478:247,222,12,29,49,:0,19,20,6,0,
demand: 519:116,142,214,134,44,63,214,241,82,157,63,207,214,241,84,130,238,201,132,157,222,103,:0,6,13,20,17,7,3,19,4,12,16,2,11,5,8,14,18,15,10,9,1,0,
demand: 908:17,84,157,82,22,63,207,241,84,22,63,214,29,:0,16,7,15,12,11,8,18,5,9,14,20,0,
demand: 31:134,12,29,22,63,157,84,37,:0,1,8,19,15,14,9,0,
demand: 417:140,130,238,172,40,164,172,40,233,16,29,193,:0,14,3,7,9,13,17,19,10,4,18,0,
demand: 222:34,193,63,22,30,41,74,41,238,130,233,16,127,96,157,172,40,168,16,127,77,200,63,84,:0,5,9,11,0,0,15,0,18,20,0,12,2,16,10,8,3,14,7,19,4,17,13,0,
demand: 903:172,40,168,16,29,127,16,168,172,40,168,16,133,172,108,226,168,16,238,139,:0,12,1,11,9,5,4,3,6,10,8,18,20,7,15,13,16,14,19,0,
demand: 893:131,226,110,116,226,168,73,172,96,73,215,2,:0,11,3,15,10,14,2,13,5,19,0,0,
demand: 29:227,16,127,96,73,200,96,73,142,127,193,96,200,63,207,110,116,45,:0,8,15,17,5,1,12,4,20,10,9,14,3,0,2,18,0,0,
demand: 428:19,134,1,200,193,136,226,110,73,200,193,136,226,110,26,136,16,238,22,110,207,147,:0,0,15,2,7,12,9,5,0,17,11,8,3,13,0,16,10,1,14,6,0,0,
demand: 5:114,226,207,26,136,1,200,193,168,226,16,136,73,183,107,226,63,193,159,127,183,41,159,124,198,:0,9,14,0,3,0,18,8,0,13,0,2,15,7,19,11,0,4,17,10,6,20,16,5,0,
demand: 634:68,159,51,137,183,107,249,122,216,124,12,137,168,40,154,30,204,:0,12,7,18,4,8,6,17,19,2,20,13,10,15,1,0,0,
demand: 642:32,207,249,122,3,89,:0,15,1,12,0,0,
demand: 38:125,216,154,148,159,51,124,118,67,122,18,30,154,53,161,63,153,:0,9,3,15,0,11,4,7,17,16,12,0,8,6,19,10,0,
demand: 379:118,3,107,183,216,242,9,200,67,18,118,67,18,132,9,161,53,67,18,118,67,127,:0,7,2,0,4,15,12,10,13,3,11,19,5,20,8,14,17,6,16,9,1,0,
demand: 34:116,163,238,9,161,18,67,18,161,145,18,67,118,18,145,161,53,67,118,222,163,3,89,:0,19,15,8,13,14,12,0,4,0,5,11,9,1,0,2,7,16,6,20,3,0,0,
demand: 918:175,3,96,9,161,53,67,118,18,53,147,161,239,:0,2,10,17,19,3,12,11,18,4,7,6,0,
demand: 873:128,136,118,18,53,147,161,9,200,73,53,18,118,9,161,147,53,67,191,:0,15,2,3,7,16,19,1,0,20,9,14,5,8,4,17,6,0,0,
demand: 863:231,3,163,118,9,25,163,118,9,25,163,103,:0,8,11,7,17,16,1,9,12,13,19,0,
demand: 43:235,3,163,118,9,118,110,163,3,103,:0,5,14,2,19,0,15,20,13,0,
demand: 469:248,3,53,18,163,25,9,232,161,147,53,3,147,114,163,25,118,46,9,232,161,107,:0,11,15,10,13,5,18,16,7,1,6,14,12,3,4,19,8,20,2,17,9,0,
demand: 465:147,3,163,25,9,232,237,:0,15,0,13,0,5,0,
demand: 659:186,41,3,147,114,147,53,8,161,232,66,114,56,147,170,150,56,149,:0,0,4,14,1,0,9,8,6,20,12,10,16,3,19,18,2,0,
demand: 795:20,122,3,89,147,170,150,33,:0,0,2,11,1,3,19,0,
demand: 314:197,3,170,147,56,150,170,145,56,150,114,56,176,8,114,56,169,:0,11,0,5,17,16,13,12,4,10,1,14,3,20,18,7,0,
demand: 354:229,114,66,232,150,114,66,232,150,114,8,176,56,145,76,8,114,150,8,176,56,117,:0,8,12,7,16,18,3,2,11,19,1,6,13,9,10,20,15,14,17,5,4,0,
demand: 577:69,145,56,213,66,34,46,128,34,114,46,128,34,114,46,128,248,:0,12,15,18,2,14,13,7,6,17,20,19,4,10,1,5,0,
demand: 192:165,66,34,128,46,34,128,34,152,:0,19,11,12,6,15,3,0,0,
demand: 493:112,89,3,170,232,150,8,176,51,:0,0,15,18,19,8,4,0,0,
demand: 291:193,34,46,25,128,76,145,213,66,34,114,46,25,128,76,145,213,66,25,128,76,152,34,:0,18,19,14,20,16,2,13,7,9,0,12,4,6,5,1,3,11,8,15,17,0,0,
demand: 674:78,25,46,34,66,25,46,43,34,152,76,8,150,232,170,213,145,56,176,219,34,79,:0,1,12,11,9,0,18,4,15,0,20,17,14,5,16,6,7,3,8,10,13,0,
demand: 424:169,66,232,150,56,114,34,:0,1,14,4,11,0,16,
demand: 836:85,43,34,152,76,8,150,89,176,219,232,170,213,56,170,213,56,170,213,113,:0,17,19,0,1,5,9,2,13,11,3,8,14,10,7,20,6,4,18,0,
demand: 130:46,114,8,150,8,76,8,114,46,43,34,219,176,89,150,152,76,8,170,162,145,213,145,162,170,8,76,182,55,156,:0,0,5,13,0,19,6,0,16,9,20,12,10,14,8,0,1,15,18,0,7,3,0,0,11,2,17,4,0,0,
demand: 83:11,43,176,219,34,43,128,162,170,56,213,56,76,2,94,:0,2,3,18,14,15,9,0,11,0,16,0,6,0,0,
demand: 360:63,145,176,219,34,43,176,89,170,182,145,69,213,176,89,170,182,170,:0,2,20,8,0,6,13,5,18,7,1,0,3,14,10,16,17,0,
demand: 896:99,89,69,145,182,76,219,34,223,:0,13,0,17,1,16,20,0,0,
demand: 941:210,145,182,219,89,170,43,85,219,182,128,43,128,182,219,213,182,219,89,69,43,4,66,:0,12,10,5,7,2,19,0,11,6,0,3,16,8,17,20,14,4,9,0,15,0,0,
demand: 847:187,43,128,182,170,89,219,85,43,69,89,13,8,182,113,:0,1,0,7,0,14,19,0,9,0,15,13,16,20,0,
demand: 677:16,162,182,69,43,11,141,115,89,219,85,69,43,11,141,201,74,:0,7,14,0,18,3,13,5,11,20,17,0,2,19,12,0,0,
demand: 117:188,182,55,232,:0,9,0,0,
demand: 332:180,13,162,17,13,162,17,108,:0,2,6,11,20,4,1,0,
demand: 147:113,13,146,162,17,162,146,13,162,17,162,13,162,61,115,141,11,60,195,:0,1,0,15,5,0,0,12,17,8,0,2,3,16,7,6,18,0,0,
demand: 45:216,81,34,:0,12,0,
demand: 30:54,81,13,31,131,162,61,115,85,81,17,141,11,115,61,139,115,61,115,93,:0,7,18,9,1,11,16,12,13,5,15,17,10,4,14,8,3,19,0,0,
demand: 47:101,61,139,81,85,31,131,11,52,57,31,131,61,139,52,199,:0,20,9,10,8,15,2,11,3,12,18,13,4,7,17,0,
demand: 840:167,61,131,219,85,31,57,52,139,148,31,57,52,139,43,85,31,155,:0,7,10,0,16,8,20,14,18,0,5,12,19,6,0,1,2,0,
demand: 639:168,57,115,139,52,131,197,57,148,31,61,197,239,148,139,180,239,156,111,245,158,21,:0,14,0,13,4,11,5,12,0,18,10,7,19,0,16,2,1,8,20,9,0,0,
demand: 432:26,156,239,197,146,220,180,239,156,148,139,180,220,146,197,180,20,:0,13,7,20,12,19,14,18,9,0,16,4,3,5,8,15,0,
demand: 783:55,156,111,245,78,111,245,78,156,111,245,78,74,172,:0,9,5,4,17,13,12,15,3,14,16,20,0,0,
demand: 366:205,197,59,:0,11,0,
demand: 41:144,245,78,111,180,220,146,131,:0,16,4,15,20,11,17,0,
demand: 535:77,227,146,227,161,76,:0,0,10,0,0,0,
demand: 76:240,146,180,239,245,220,131,:0,15,2,0,11,14,0,
demand: 520:207,180,146,74,78,74,68,:0,9,7,0,1,0,0,
demand: 599:213,146,180,139,220,245,158,180,111,78,87,39,120,180,20,235,179,168,:0,19,17,0,9,18,0,16,0,5,7,6,1,14,3,13,15,0,
demand: 936:87,4,250,250,250,250,250,250,245,144,125,206,80,234,123,121,205,203,:0,6,19,10,14,15,20,9,2,7,5,18,13,4,1,8,0,0,
demand: 986:230,4,20,235,179,36,95,198,179,235,20,153,237,72,211,126,5,62,20,235,178,229,61,:0,5,11,7,20,1,3,17,16,13,9,18,8,19,10,2,14,4,15,6,12,0,0,
demand: 301:161,179,36,95,198,179,36,95,198,211,126,20,:0,15,2,17,13,9,7,4,18,8,10,0,
demand: 488:46,4,20,126,211,198,95,208,206,125,144,211,72,237,153,20,4,230,210,87,108,:0,3,7,18,6,14,12,4,19,2,9,17,5,8,20,11,13,15,1,16,0,
demand: 849:202,5,62,20,153,237,72,211,198,143,54,123,121,39,87,210,230,237,80,55,:0,10,20,16,19,15,14,17,7,13,3,2,9,8,11,5,12,6,4,0,
demand: 945:241,5,62,59,35,204,104,211,144,59,35,204,125,215,208,206,16,238,:0,15,8,16,5,20,19,11,13,17,7,14,9,10,6,3,0,0,
demand: 990:197,5,62,59,35,204,125,144,211,104,204,35,59,144,211,72,112,:0,4,16,13,15,17,11,9,10,12,7,0,8,18,1,6,0,
demand: 842:185,5,126,211,106,234,123,121,39,87,210,230,210,87,39,143,54,149,106,240,208,206,125,:0,4,20,11,5,14,6,2,12,9,3,16,0,17,15,8,1,13,7,19,18,0,0,
demand: 675:51,45,178,235,20,234,80,206,160,:0,7,1,14,9,13,4,6,0,
demand: 729:227,5,59,33,87,95,208,215,50,231,28,71,23,39,121,37,199,106,240,39,176,230,:0,14,7,12,2,9,8,20,11,19,10,16,3,1,17,6,15,4,5,18,0,0,
demand: 823:236,211,104,204,33,102,178,45,215,50,231,28,71,23,229,50,215,208,240,106,199,9,153,:0,6,19,3,1,12,7,17,5,13,2,11,9,18,15,4,20,14,8,10,16,0,0,
demand: 509:6,71,23,229,50,231,28,71,231,175,54,143,171,204,33,102,175,54,164,:0,1,12,20,6,11,3,7,17,18,19,9,15,13,16,10,5,14,0,
demand: 305:26,199,106,149,54,175,231,71,15,102,33,87,24,59,150,:0,1,17,19,10,6,3,15,13,8,11,7,4,9,0,
demand: 536:3,175,102,15,247,94,:0,20,15,10,5,0,
demand: 630:222,247,94,24,68,14,8,:0,3,10,13,20,0,0,
demand: 927:71,15,247,94,37,209,28,83,140,171,143,94,24,68,142,:0,3,20,10,12,13,18,1,15,5,11,19,8,7,0,
demand: 256:137,234,123,54,149,35,247,15,37,209,28,83,140,171,119,87,33,89,:0,20,11,16,9,3,12,1,13,19,6,17,4,15,2,14,10,0,
demand: 114:84,83,28,71,23,229,223,88,209,28,151,:0,19,15,10,0,5,0,0,8,6,0,
demand: 925:250,173,68,24,94,37,94,43,:0,13,20,9,1,6,0,0,
demand: 188:47,50,83,36,119,151,225,72,119,87,7,225,151,121,94,143,120,149,106,167,198,166,:0,3,20,11,1,13,4,6,18,10,12,5,15,16,19,9,8,14,7,2,17,0,
demand: 402:66,45,173,68,209,145,:0,2,15,16,6,0,
demand: 101:175,196,99,72,237,99,72,225,151,138,98,204,45,246,27,:0,4,18,10,17,13,16,3,15,8,1,9,12,0,0,
demand: 214:84,140,192,178,45,246,27,:0,1,2,14,9,0,0,
demand: 329:85,204,125,144,120,90,62,112,51,137,:0,14,0,11,8,18,9,2,0,0,
demand: 419:160,210,225,7,90,120,149,93,23,173,99,72,112,196,167,224,86,:0,11,7,13,1,14,6,15,16,18,4,17,5,19,2,20,0,
demand: 202:102,15,71,231,175,102,178,192,102,224,192,199,98,198,196,98,138,64,:0,9,10,0,17,7,6,3,16,12,1,20,15,14,2,18,13,0,
demand: 241:210,138,101,93,224,101,93,90,7,224,:0,7,19,5,8,2,4,18,0,0,
demand: 80:116,167,106,149,54,143,198,:0,3,0,7,0,0,0,
demand: 129:122,101,135,143,54,6,68,191,100,91,217,135,210,230,4,20,6,71,217,144,123,234,46,:0,1,13,7,0,18,3,15,8,5,20,12,6,11,0,17,4,9,2,10,16,0,0,
demand: 831:100,208,112,6,71,217,151,:0,11,7,19,6,18,0,
demand: 77:143,71,6,112,208,206,125,101,28,6,149,97,165,88,138,135,217,144,191,100,91,217,206,:0,0,1,17,0,7,6,16,10,2,11,12,8,13,3,4,5,9,18,15,19,20,0,
demand: 444:126,7,87,:0,3,0,
demand: 446:48,6,181,135,217,83,140,217,91,44,:0,1,8,2,15,11,6,13,4,0,
demand: 212:200,6,28,209,37,6,181,135,143,94,165,250,101,135,36,88,165,97,91,220,180,:0,5,6,0,7,15,12,2,14,9,1,10,11,20,17,8,13,4,19,0,0,
demand: 768:196,112,6,68,191,144,217,135,181,6,181,135,206,90,6,54,63,:0,0,15,17,5,9,12,8,19,18,0,20,16,7,2,14,0,
demand: 876:239,125,23,91,153,217,135,181,91,98,207,:0,6,14,1,3,18,15,20,13,11,0,
demand: 176:55,6,20,180,88,165,121,6,112,217,91,100,247,97,36,95,:0,1,14,0,19,3,10,16,9,13,18,12,17,7,0,0,
demand: 660:26,19,88,165,97,91,217,135,217,224,100,178,91,100,191,95,240,100,147,:0,0,12,5,8,2,0,19,18,6,20,17,16,7,3,11,10,1,0,
demand: 551:99,72,5,229,23,91,178,100,178,192,181,91,100,191,91,98,97,165,88,135,100,191,135,97,215,36,:0,0,9,14,0,4,6,7,0,11,5,0,12,20,2,10,3,16,19,8,15,18,1,13,17,0,
demand: 922:93,135,88,237,181,109,97,247,100,191,100,101,:0,0,19,6,3,7,8,9,0,12,0,0,
demand: 439:147,88,191,91,181,91,100,91,97,165,121,165,230,88,135,91,217,:0,3,11,15,19,0,2,0,1,0,10,8,6,20,16,0,0,
demand: 409:137,88,191,91,181,6,71,231,50,229,50,231,71,6,181,91,191,88,109,91,191,140,171,109,97,165,102,15,109,35,191,97,190,:0,8,16,0,12,0,0,0,9,10,0,0,0,0,20,0,18,11,2,0,5,6,0,1,0,13,0,17,19,14,3,4,0,
demand: 606:230,5,94,:0,9,0,
demand: 195:29,97,15,109,100,84,:0,4,14,5,16,0,
demand: 894:236,100,190,:0,4,0,
demand: 276:150,109,121,165,121,109,207,32,:0,13,0,11,0,7,0,0,
demand: 393:2,133,109,227,:0,0,4,0,
demand: 652:89,170,90,111,:0,0,6,0,
demand: 8:218,7,15,:0,14,0,
demand: 216:78,25,99,65,:0,0,10,0,
Average Delay: 13.671328671328672
Runtime (mS): 425147Acceptation rate: 0.715