2, 13, 9, 10, 2, 4, 7, 13, 9, 10, 4, 14, 
10, 5, 4, 5, 3, 
11, 4, 1, 14, 10, 11, 4, 1, 6, 2, 4, 
4, 1, 4, 11, 4, 8, 9, 15, 11, 
7, 4, 1, 4, 11, 
9, 4, 11, 15, 15, 15, 5, 9, 14, 
15, 15, 1, 
9, 3, 15, 7, 
9, 5, 10, 2, 
15, 15, 15, 15, 9, 8, 3, 8, 9, 
15, 6, 15, 5, 9, 14, 12, 3, 12, 14, 9, 5, 4, 10, 3, 10, 4, 14, 4, 10, 
demand: 217:8,2,13,9,10,2,4,7,13,9,10,4,14,:0,7,3,0,4,6,2,0,5,0,1,0,0,
demand: 87:11,10,5,4,5,3,:0,7,0,5,0,0,
demand: 435:10,11,4,1,14,10,11,4,1,6,2,4,:0,0,5,2,0,3,0,6,7,1,0,0,
demand: 935:2,4,1,4,11,4,8,9,15,11,:0,6,3,0,4,5,0,7,0,0,
demand: 348:3,7,4,1,4,11,:0,0,3,5,0,0,
demand: 955:12,9,4,11,15,15,15,5,9,14,:0,4,2,0,5,6,7,0,0,0,
demand: 864:6,15,15,1,:0,5,7,0,
demand: 212:4,9,3,15,7,:0,4,0,1,0,
demand: 703:13,9,5,10,2,:0,0,0,6,0,
demand: 243:6,15,15,15,15,9,8,3,8,9,:0,1,6,3,2,5,0,7,0,4,
demand: 121:11,15,6,15,5,9,14,12,3,12,14,9,5,4,10,3,10,4,14,4,10,:0,0,2,0,0,1,0,0,7,0,0,5,0,0,0,3,0,0,4,0,0,
Average Delay: 8.3
Runtime (mS): 24Acceptation rate: 1.0