2, 13, 9, 10, 2, 4, 7, 13, 9, 10, 4, 14, 
5, 4, 1, 14, 10, 5, 4, 1, 14, 10, 14, 9, 13, 
1, 4, 1, 6, 3, 
4, 1, 14, 10, 11, 4, 8, 1, 3, 
15, 15, 15, 15, 9, 8, 2, 
15, 11, 10, 3, 6, 2, 
15, 13, 9, 
15, 15, 15, 15, 6, 3, 9, 3, 
3, 8, 9, 8, 3, 5, 9, 5, 3, 
7, 5, 9, 6, 3, 1, 6, 9, 5, 1, 3, 1, 6, 9, 4, 3, 11, 
6, 9, 4, 3, 
4, 9, 6, 12, 9, 2, 8, 2, 14, 2, 12, 2, 14, 
12, 9, 7, 8, 12, 5, 14, 
15, 1, 14, 5, 8, 15, 
5, 14, 3, 4, 9, 
4, 14, 8, 10, 4, 5, 3, 7, 3, 5, 15, 
5, 
7, 9, 
14, 5, 10, 7, 10, 5, 2, 
8, 5, 11, 
12, 8, 5, 8, 7, 8, 5, 8, 7, 8, 5, 11, 7, 13, 
5, 14, 7, 14, 5, 14, 12, 7, 12, 14, 5, 14, 12, 7, 13, 
15, 7, 11, 7, 4, 7, 7, 
3, 4, 9, 7, 7, 7, 7, 11, 7, 7, 8, 7, 7, 13, 7, 4, 9, 7, 13, 7, 13, 7, 3, 4, 9, 7, 7, 15, 7, 13, 
15, 7, 15, 6, 
demand: 217:8,2,13,9,10,2,4,7,13,9,10,4,14,:0,7,3,0,4,6,2,0,5,0,1,0,0,
demand: 416:10,5,4,1,14,10,5,4,1,14,10,14,9,13,:0,0,6,4,0,3,0,7,5,0,1,0,0,0,
demand: 891:6,1,4,1,6,3,:0,0,1,3,4,0,
demand: 461:2,4,1,14,10,11,4,8,1,3,:0,4,2,0,0,5,7,0,6,0,
demand: 373:11,15,15,15,15,9,8,2,:0,3,6,1,2,0,0,0,
demand: 796:9,15,11,10,3,6,2,:0,0,7,0,0,6,0,
demand: 837:7,15,13,9,:0,3,0,0,
demand: 423:5,15,15,15,15,6,3,9,3,:0,4,7,1,5,6,0,3,0,
demand: 173:6,3,8,9,8,3,5,9,5,3,:0,0,0,5,0,1,0,3,0,0,
demand: 763:13,7,5,9,6,3,1,6,9,5,1,3,1,6,9,4,3,11,:0,0,0,7,0,4,0,0,1,0,0,2,0,0,6,0,5,0,
demand: 471:2,6,9,4,3,:0,0,2,0,0,
demand: 383:3,4,9,6,12,9,2,8,2,14,2,12,2,14,:0,0,2,0,7,5,0,6,0,1,0,4,0,0,
demand: 415:1,12,9,7,8,12,5,14,:0,4,3,0,7,5,0,6,
demand: 630:7,15,1,14,5,8,15,:0,0,0,3,0,5,0,
demand: 622:10,5,14,3,4,9,:0,0,5,0,0,0,
demand: 718:9,4,14,8,10,4,5,3,7,3,5,15,:0,0,3,7,0,0,6,0,2,0,5,0,
demand: 875:10,5,:0,2,
demand: 901:13,7,9,:0,6,0,
demand: 390:3,14,5,10,7,10,5,2,:0,1,6,0,2,0,7,0,
demand: 495:7,8,5,11,:0,0,7,0,
demand: 698:2,12,8,5,8,7,8,5,8,7,8,5,11,7,13,:0,0,3,4,0,7,0,5,0,6,0,2,0,1,0,
demand: 571:1,5,14,7,14,5,14,12,7,12,14,5,14,12,7,13,:0,5,0,7,0,1,0,0,3,0,0,2,0,0,0,0,
demand: 133:9,7,:0,4,
demand: 53:6,15,7,13,:0,0,6,0,
demand: 710:13,15,7,15,6,:0,0,2,0,0,
Average Delay: 7.958333333333333
Runtime (mS): 29Acceptation rate: 0.26666666666666666