2, 13, 9, 10, 2, 4, 7, 13, 9, 10, 4, 14, 
5, 4, 5, 10, 15, 
10, 11, 4, 1, 6, 2, 4, 1, 15, 
4, 10, 4, 1, 6, 2, 15, 9, 
4, 11, 4, 1, 15, 5, 7, 
15, 15, 15, 15, 15, 15, 15, 12, 
9, 14, 4, 11, 
15, 1, 14, 
4, 11, 5, 9, 6, 3, 6, 9, 6, 3, 1, 13, 9, 13, 1, 3, 
1, 3, 9, 8, 4, 3, 15, 6, 9, 
15, 9, 5, 14, 1, 13, 7, 
11, 4, 9, 4, 1, 14, 3, 15, 8, 2, 14, 2, 7, 
12, 6, 2, 14, 2, 8, 12, 10, 14, 5, 8, 15, 
7, 12, 3, 10, 11, 10, 8, 14, 
1, 15, 14, 12, 14, 7, 3, 8, 12, 8, 3, 7, 5, 7, 
8, 5, 11, 7, 8, 5, 8, 7, 11, 5, 12, 
11, 5, 11, 7, 9, 
15, 5, 11, 7, 8, 5, 9, 14, 2, 6, 12, 
5, 8, 7, 11, 10, 5, 10, 7, 10, 5, 2, 7, 8, 5, 8, 7, 11, 10, 5, 6, 
5, 10, 11, 7, 10, 5, 2, 7, 5, 10, 11, 7, 11, 10, 5, 10, 7, 10, 5, 10, 7, 5, 6, 
5, 10, 11, 7, 5, 10, 11, 7, 5, 10, 11, 7, 15, 7, 10, 5, 10, 7, 2, 7, 
7, 5, 10, 11, 7, 11, 10, 5, 
7, 10, 7, 7, 7, 15, 7, 10, 7, 15, 7, 9, 
demand: 217:8,2,13,9,10,2,4,7,13,9,10,4,14,:0,7,3,0,4,6,2,0,5,0,1,0,0,
demand: 129:3,5,4,5,10,15,:0,0,2,0,4,0,
demand: 815:12,10,11,4,1,6,2,4,1,15,:0,2,0,7,3,5,0,4,1,0,
demand: 861:5,4,10,4,1,6,2,15,9,:0,1,6,0,4,5,0,0,0,
demand: 237:1,4,11,4,1,15,5,7,:0,0,7,6,4,3,0,0,
demand: 504:6,15,15,15,15,15,15,15,12,:0,4,1,7,6,3,5,2,0,
demand: 957:14,9,14,4,11,:0,4,0,0,0,
demand: 879:8,15,1,14,:0,1,0,0,
demand: 422:9,4,11,5,9,6,3,6,9,6,3,1,13,9,13,1,3,:0,6,2,0,3,0,7,0,4,0,5,0,0,1,0,0,0,
demand: 179:14,1,3,9,8,4,3,15,6,9,:0,0,0,1,0,0,4,0,0,5,
demand: 706:3,15,9,5,14,1,13,7,:0,0,5,0,1,0,0,0,
demand: 549:5,11,4,9,4,1,14,3,15,8,2,14,2,7,:0,0,0,2,0,6,3,7,0,1,0,5,0,0,
demand: 632:1,12,6,2,14,2,8,12,10,14,5,8,15,:0,3,6,0,1,0,2,4,0,5,0,7,0,
demand: 704:4,7,12,3,10,11,10,8,14,:0,0,5,0,0,6,0,0,0,
demand: 659:13,1,15,14,12,14,7,3,8,12,8,3,7,5,7,:0,0,0,3,4,0,0,0,1,5,7,0,2,6,0,
demand: 682:15,8,5,11,7,8,5,8,7,11,5,12,:0,0,7,0,4,1,5,3,6,0,2,0,
demand: 592:7,11,5,11,7,9,:0,0,1,0,4,0,
demand: 204:3,15,5,11,7,8,5,9,14,2,6,12,:0,0,5,0,6,3,7,0,0,0,0,0,
demand: 494:12,8,5,8,7,11,10,5,6,:0,0,6,0,2,0,0,7,0,
demand: 453:1,5,6,:0,4,0,
demand: 569:4,2,7,:0,0,4,
demand: 665:14,5,10,11,7,11,10,5,:0,7,0,0,4,0,0,0,
demand: 491:11,15,7,9,:0,0,4,0,
Average Delay: 8.545454545454545
Runtime (mS): 23Acceptation rate: 0.22