3, 69, 39, 67, 36, 61, 39, 69, 50, 28, 83, 7, 27, 36, 96, 
68, 83, 7, 69, 39, 67, 3, 68, 17, 27, 
83, 68, 17, 99, 51, 58, 51, 73, 41, 
69, 3, 93, 17, 2, 88, 39, 99, 50, 30, 5, 58, 3, 93, 45, 71, 2, 84, 
12, 45, 71, 2, 12, 45, 36, 88, 74, 59, 
12, 45, 71, 39, 12, 45, 71, 2, 12, 45, 64, 
12, 36, 45, 30, 71, 2, 48, 
17, 2, 71, 2, 11, 73, 53, 71, 2, 17, 
2, 11, 94, 12, 2, 47, 41, 98, 12, 94, 30, 47, 41, 98, 41, 
3, 71, 47, 90, 60, 
22, 98, 88, 93, 17, 84, 71, 70, 16, 94, 11, 41, 97, 16, 34, 1, 
22, 21, 63, 42, 21, 63, 21, 66, 98, 
46, 42, 21, 22, 98, 42, 21, 22, 97, 41, 3, 26, 
22, 97, 46, 42, 98, 97, 46, 42, 94, 11, 22, 65, 90, 47, 36, 
42, 94, 11, 73, 53, 77, 70, 96, 66, 21, 22, 32, 
90, 65, 22, 98, 42, 97, 46, 14, 38, 56, 53, 70, 65, 57, 
42, 53, 47, 38, 14, 33, 87, 
38, 14, 46, 56, 53, 42, 14, 38, 56, 83, 95, 
48, 96, 70, 60, 90, 60, 70, 60, 84, 53, 47, 41, 25, 41, 4, 42, 21, 42, 79, 19, 
22, 65, 95, 
41, 56, 38, 94, 92, 97, 
84, 20, 38, 13, 60, 49, 12, 
28, 20, 84, 32, 
66, 16, 77, 53, 84, 53, 43, 
44, 4, 56, 92, 20, 84, 44, 97, 92, 54, 
79, 6, 44, 4, 92, 22, 16, 46, 28, 79, 6, 16, 20, 28, 63, 76, 
11, 28, 63, 44, 4, 29, 
4, 25, 16, 65, 90, 6, 16, 20, 28, 63, 25, 4, 63, 6, 25, 24, 
12, 94, 48, 96, 48, 71, 53, 56, 18, 92, 20, 16, 87, 28, 96, 39, 79, 
39, 96, 39, 65, 18, 87, 36, 96, 18, 92, 9, 36, 96, 49, 48, 71, 77, 71, 48, 33, 60, 33, 48, 49, 
48, 33, 87, 54, 37, 81, 90, 60, 33, 48, 40, 28, 98, 
25, 4, 100, 100, 100, 12, 
33, 37, 79, 81, 25, 37, 25, 81, 
60, 44, 54, 37, 33, 54, 92, 72, 
37, 33, 37, 54, 37, 33, 60, 96, 49, 79, 28, 63, 85, 
44, 54, 33, 40, 81, 56, 53, 33, 18, 40, 81, 74, 
16, 77, 16, 20, 84, 33, 54, 37, 25, 81, 57, 81, 40, 53, 
37, 2, 5, 
33, 54, 81, 79, 37, 77, 81, 54, 33, 40, 57, 77, 81, 54, 57, 34, 25, 
79, 81, 65, 
1, 81, 40, 60, 90, 81, 54, 37, 79, 42, 
81, 77, 81, 25, 24, 
20, 84, 33, 78, 
37, 77, 81, 97, 39, 
25, 54, 57, 40, 33, 14, 77, 57, 40, 33, 10, 57, 90, 
40, 48, 38, 
77, 57, 10, 9, 22, 
37, 27, 
40, 48, 37, 77, 76, 40, 48, 5, 72, 
40, 76, 37, 77, 76, 94, 
37, 77, 33, 
40, 48, 37, 76, 77, 57, 29, 
76, 63, 
100, 100, 100, 100, 100, 100, 100, 100, 76, 40, 32, 57, 21, 
81, 90, 57, 10, 33, 84, 76, 64, 57, 32, 76, 77, 62, 
57, 2, 5, 
81, 90, 57, 32, 76, 64, 10, 1, 57, 32, 35, 
76, 64, 10, 76, 64, 10, 26, 35, 48, 32, 35, 49, 
52, 64, 10, 26, 54, 
48, 35, 72, 
77, 76, 64, 10, 64, 43, 
48, 32, 35, 26, 10, 52, 41, 56, 
10, 26, 35, 32, 48, 35, 32, 48, 35, 26, 64, 53, 40, 
35, 52, 64, 73, 
64, 52, 35, 26, 35, 52, 64, 76, 40, 48, 32, 57, 10, 57, 34, 4, 100, 
35, 52, 32, 26, 64, 35, 89, 26, 64, 35, 89, 26, 32, 41, 
32, 26, 89, 26, 32, 52, 64, 35, 89, 52, 10, 33, 89, 35, 99, 
89, 77, 14, 
26, 52, 89, 9, 10, 52, 26, 54, 89, 52, 26, 54, 89, 90, 
52, 89, 54, 26, 13, 100, 66, 8, 80, 100, 
8, 80, 100, 66, 8, 80, 100, 66, 8, 80, 74, 66, 8, 99, 15, 
13, 66, 8, 80, 8, 66, 8, 80, 57, 90, 
13, 66, 75, 11, 13, 66, 98, 8, 58, 
13, 66, 8, 66, 13, 72, 55, 57, 13, 66, 75, 11, 13, 72, 55, 80, 8, 75, 92, 72, 41, 
75, 92, 72, 55, 66, 75, 92, 72, 55, 53, 43, 
53, 55, 29, 55, 5, 2, 73, 34, 19, 73, 75, 62, 3, 68, 
1, 2, 51, 49, 19, 73, 34, 19, 73, 34, 19, 51, 49, 82, 34, 15, 75, 8, 
26, 64, 1, 82, 9, 36, 1, 2, 51, 49, 51, 2, 1, 82, 9, 36, 73, 82, 49, 51, 27, 51, 49, 51, 53, 33, 18, 
82, 36, 11, 9, 91, 59, 74, 95, 15, 34, 78, 29, 59, 27, 23, 51, 93, 
33, 1, 42, 
28, 1, 31, 24, 7, 
5, 82, 31, 24, 62, 23, 51, 59, 29, 78, 27, 16, 25, 
5, 53, 43, 
5, 74, 95, 15, 59, 29, 78, 27, 78, 29, 59, 43, 
9, 91, 59, 15, 34, 78, 24, 62, 23, 74, 95, 91, 43, 23, 62, 
1, 31, 24, 18, 
5, 74, 43, 91, 32, 
5, 74, 86, 43, 91, 95, 74, 43, 31, 59, 86, 85, 29, 31, 43, 91, 95, 91, 86, 59, 5, 74, 86, 59, 6, 
22, 9, 43, 8, 
13, 85, 19, 24, 25, 31, 
25, 81, 74, 85, 19, 49, 74, 23, 85, 86, 85, 49, 95, 74, 23, 85, 74, 86, 85, 85, 74, 83, 
15, 85, 13, 85, 86, 85, 74, 
23, 85, 74, 85, 23, 85, 23, 85, 74, 85, 19, 49, 19, 85, 23, 85, 3, 85, 74, 23, 85, 19, 85, 23, 85, 19, 49, 10, 
85, 24, 9, 
33, 43, 85, 28, 85, 85, 36, 85, 74, 85, 39, 85, 33, 85, 85, 85, 23, 85, 43, 85, 85, 23, 85, 57, 85, 57, 85, 76, 85, 16, 85, 85, 74, 85, 15, 85, 85, 85, 9, 
85, 76, 85, 85, 85, 23, 85, 60, 9, 85, 85, 85, 23, 85, 92, 85, 16, 85, 86, 
23, 85, 85, 85, 8, 
85, 85, 23, 85, 74, 85, 91, 95, 
9, 85, 45, 
19, 85, 23, 85, 85, 85, 85, 85, 100, 85, 85, 85, 10, 
85, 85, 23, 85, 85, 42, 85, 23, 85, 85, 30, 85, 23, 74, 85, 43, 23, 85, 85, 85, 74, 85, 85, 23, 51, 85, 85, 85, 85, 52, 85, 43, 23, 85, 90, 81, 74, 85, 43, 23, 85, 85, 85, 85, 3, 85, 85, 85, 74, 85, demand: 910:97,3,69,39,67,36,61,39,69,50,28,83,7,27,36,96,:0,13,4,12,6,7,8,14,3,10,0,9,2,0,11,0,
demand: 530:95,68,83,7,69,39,67,3,68,17,27,:0,14,3,5,4,0,10,0,8,13,0,
demand: 489:59,83,68,17,99,51,58,51,73,41,:0,3,1,6,2,0,11,0,0,0,
demand: 815:48,69,3,93,17,2,88,39,99,50,30,5,58,3,93,45,71,2,84,:0,9,5,15,10,0,7,3,6,4,13,0,11,0,8,2,1,14,0,
demand: 259:74,12,45,71,2,12,45,36,88,74,59,:0,11,12,2,7,8,14,4,10,0,0,
demand: 718:92,12,45,71,39,12,45,71,2,12,45,64,:0,7,14,15,4,13,11,12,2,1,8,0,
demand: 45:92,12,36,45,30,71,2,48,:0,1,4,13,5,12,15,0,
demand: 121:68,17,2,71,2,11,73,53,71,2,17,:0,0,0,8,12,15,0,0,7,0,0,
demand: 274:99,2,11,94,12,2,47,41,98,12,94,30,47,41,98,41,:0,15,5,7,0,14,11,1,10,2,13,9,8,6,12,0,
demand: 55:29,3,71,47,90,60,:0,0,9,13,12,0,
demand: 333:19,22,98,88,93,17,84,71,70,16,94,11,41,97,16,34,1,:0,2,15,3,0,4,0,9,8,0,12,14,6,1,0,0,0,
demand: 84:91,22,21,63,42,21,63,21,66,98,:0,3,13,10,2,12,9,0,0,0,
demand: 91:72,46,42,21,22,98,42,21,22,97,41,3,26,:0,13,9,2,10,5,4,3,12,7,6,0,0,
demand: 10:73,22,97,46,42,98,97,46,42,94,11,22,65,90,47,36,:0,1,13,14,3,5,11,15,4,9,6,10,2,7,0,0,
demand: 53:79,42,94,11,73,53,77,70,96,66,21,22,32,:0,5,0,1,0,15,0,6,0,0,9,0,0,
demand: 377:6,90,65,22,98,42,97,46,14,38,56,53,70,65,57,:0,15,6,3,0,13,5,9,2,12,14,7,1,8,0,
demand: 964:79,42,53,47,38,14,33,87,:0,9,12,3,7,13,0,0,
demand: 420:13,38,14,46,56,53,42,14,38,56,83,95,:0,2,8,4,10,12,3,15,9,7,0,0,
demand: 51:94,48,96,70,60,90,60,70,60,84,53,47,41,25,41,4,42,21,42,79,19,:0,0,0,8,1,5,0,2,6,11,0,10,0,13,9,7,0,4,0,15,0,
demand: 830:9,22,65,95,:0,0,10,0,
demand: 644:7,41,56,38,94,92,97,:0,5,9,3,4,15,0,
demand: 9:17,84,20,38,13,60,49,12,:0,7,8,4,0,1,0,0,
demand: 14:40,28,20,84,32,:0,15,2,5,0,
demand: 164:96,66,16,77,53,84,53,43,:0,0,13,0,0,14,4,0,
demand: 710:60,44,4,56,92,20,84,44,97,92,54,:0,15,6,9,12,1,11,13,3,8,0,
demand: 405:39,79,6,44,4,92,22,16,46,28,79,6,16,20,28,63,76,:0,13,10,11,15,12,4,2,3,5,1,7,14,9,8,6,0,
demand: 646:13,11,28,63,44,4,29,:0,4,5,15,9,7,0,
demand: 168:34,4,25,16,65,90,6,16,20,28,63,25,4,63,6,25,24,:0,3,15,12,4,0,11,10,5,7,9,1,8,13,6,2,0,
demand: 722:2,12,94,48,96,48,71,53,56,18,92,20,16,87,28,96,39,79,:0,0,0,0,13,0,0,0,4,1,10,0,8,7,3,6,0,0,
demand: 945:67,39,96,39,65,18,87,36,96,18,92,9,36,96,49,48,71,77,71,48,33,60,33,48,49,:0,0,6,0,3,2,14,0,1,11,4,0,0,12,0,0,0,15,0,13,8,5,0,0,0,
demand: 737:35,48,33,87,54,37,81,90,60,33,48,40,28,98,:0,0,11,2,8,13,12,3,0,7,14,1,4,0,
demand: 73:37,25,4,100,100,100,12,:0,9,3,2,7,11,0,
demand: 302:14,33,37,79,81,25,37,25,81,:0,15,8,9,2,4,10,0,0,
demand: 881:29,60,44,54,37,33,54,92,72,:0,4,9,10,6,1,8,0,0,
demand: 543:83,37,33,37,54,37,33,60,96,49,79,28,63,85,:0,7,8,0,15,11,2,0,5,0,4,0,3,0,
demand: 319:60,44,54,33,40,81,56,53,33,18,40,81,74,:0,0,10,5,2,11,3,0,7,4,8,1,0,
demand: 310:66,16,77,16,20,84,33,54,37,25,81,57,81,40,53,:0,0,5,0,0,3,11,12,13,0,9,2,0,15,0,
demand: 801:88,37,2,5,:0,2,0,0,
demand: 811:7,33,54,81,79,37,77,81,54,33,40,57,77,81,54,57,34,25,:0,13,6,11,3,12,7,4,8,9,1,5,14,2,10,15,0,0,
demand: 200:6,79,81,65,:0,0,4,0,
demand: 316:9,1,81,40,60,90,81,54,37,79,42,:0,0,11,2,3,0,5,7,1,0,0,
demand: 849:90,81,77,81,25,24,:0,12,5,0,0,0,
demand: 436:16,20,84,33,78,:0,0,0,12,0,
demand: 192:34,37,77,81,97,39,:0,13,14,5,0,0,
demand: 325:8,25,54,57,40,33,14,77,57,40,33,10,57,90,:0,3,4,6,13,15,0,10,9,14,12,1,7,0,
demand: 792:56,40,48,38,:0,5,3,0,
demand: 217:36,77,57,10,9,22,:0,4,3,15,0,0,
demand: 140:94,37,27,:0,4,0,
demand: 875:32,40,48,37,77,76,40,48,5,72,:0,14,8,12,2,11,1,5,0,0,
demand: 233:61,40,76,37,77,76,94,:0,11,5,1,9,12,0,
demand: 779:79,37,77,33,:0,12,3,0,
demand: 712:39,40,48,37,76,77,57,29,:0,3,1,4,5,0,10,0,
demand: 432:37,76,63,:0,14,0,
demand: 47:100,100,100,100,100,100,100,100,100,76,40,32,57,21,:0,8,12,15,5,14,10,7,1,4,9,11,13,0,
demand: 457:39,81,90,57,10,33,84,76,64,57,32,76,77,62,:0,14,0,4,11,9,0,7,13,5,6,15,2,0,
demand: 629:19,57,2,5,:0,12,0,0,
demand: 564:38,81,90,57,32,76,64,10,1,57,32,35,:0,2,0,15,5,11,10,14,0,9,4,0,
demand: 238:40,76,64,10,76,64,10,26,35,48,32,35,49,:0,12,5,4,13,9,11,6,15,14,3,7,0,
demand: 181:72,52,64,10,26,54,:0,6,11,2,7,0,
demand: 210:45,48,35,72,:0,7,12,0,
demand: 443:70,77,76,64,10,64,43,:0,0,0,2,7,0,0,
demand: 304:34,48,32,35,26,10,52,41,56,:0,11,2,5,1,15,7,0,0,
demand: 463:84,10,26,35,32,48,35,32,48,35,26,64,53,40,:0,12,4,1,9,8,5,11,13,2,15,3,0,0,
demand: 102:81,35,52,64,73,:0,11,4,9,0,
demand: 866:91,64,52,35,26,35,52,64,76,40,48,32,57,10,57,34,4,100,:0,8,12,14,2,0,1,7,0,0,3,11,0,5,0,0,0,0,
demand: 528:5,35,52,32,26,64,35,89,26,64,35,89,26,32,41,:0,4,10,11,3,9,13,6,2,8,12,15,7,14,0,
demand: 41:22,32,26,89,26,32,52,64,35,89,52,10,33,89,35,99,:0,8,14,12,0,9,5,7,0,6,15,13,0,10,0,0,
demand: 129:90,89,77,14,:0,10,0,0,
demand: 82:60,26,52,89,9,10,52,26,54,89,52,26,54,89,90,:0,3,11,15,0,6,2,7,0,14,12,8,0,5,0,
demand: 963:19,52,89,54,26,13,100,66,8,80,100,:0,7,5,0,8,15,0,13,14,10,0,
demand: 934:97,8,80,100,66,8,80,100,66,8,80,74,66,8,99,15,:0,14,7,0,2,11,1,0,15,8,9,0,6,13,0,0,
demand: 896:73,13,66,8,80,8,66,8,80,57,90,:0,9,1,12,8,0,5,15,6,0,0,
demand: 13:45,13,66,75,11,13,66,98,8,58,:0,14,11,10,0,5,9,0,4,0,
demand: 147:28,13,66,8,66,13,72,55,57,13,66,75,11,13,72,55,80,8,75,92,72,41,:0,1,4,8,0,12,14,10,0,7,2,3,0,13,5,15,6,0,9,0,11,0,
demand: 790:62,75,92,72,55,66,75,92,72,55,53,43,:0,7,0,4,13,0,15,0,3,14,0,0,
demand: 344:42,53,55,29,55,5,2,73,34,19,73,75,62,3,68,:0,0,4,1,12,11,0,9,8,14,5,2,13,0,0,
demand: 560:53,1,2,51,49,19,73,34,19,73,34,19,51,49,82,34,15,75,8,:0,13,0,12,4,8,11,6,10,14,3,7,15,1,2,5,9,0,0,
demand: 448:52,26,64,1,82,9,36,1,2,51,49,51,2,1,82,9,36,73,82,49,51,27,51,49,51,53,33,18,:0,0,0,5,7,1,0,8,0,2,4,0,0,13,3,9,0,12,0,6,11,10,0,15,0,0,0,0,
demand: 517:34,82,36,11,9,91,59,74,95,15,34,78,29,59,27,23,51,93,:0,1,0,0,10,6,2,5,15,13,8,11,14,3,4,7,12,0,
demand: 503:87,33,1,42,:0,0,1,0,
demand: 3:96,28,1,31,24,7,:0,0,14,2,4,0,
demand: 968:79,5,82,31,24,62,23,51,59,29,78,27,16,25,:0,14,9,6,11,5,2,12,13,10,7,4,0,0,
demand: 12:69,5,53,43,:0,12,0,3,
demand: 68:25,5,74,95,15,59,29,78,27,78,29,59,43,:0,9,5,4,8,13,10,2,11,0,7,15,0,
demand: 706:61,9,91,59,15,34,78,24,62,23,74,95,91,43,23,62,:0,7,3,15,5,1,11,9,2,8,6,12,10,13,0,0,
demand: 141:70,1,31,24,18,:0,15,9,0,0,
demand: 389:64,5,74,43,91,32,:0,15,7,12,3,0,
demand: 736:55,29,31,43,91,95,91,86,59,5,74,86,59,6,:0,0,6,10,0,5,13,4,14,12,0,7,3,0,
demand: 173:19,22,9,43,8,:0,0,10,15,0,
demand: 821:13,19,24,25,31,:0,15,8,0,0,
demand: 103:3,85,74,83,:0,2,8,0,
demand: 833:66,13,85,86,85,74,:0,0,7,8,11,0,
demand: 201:82,23,85,19,49,10,:0,15,6,0,9,0,
demand: 63:60,24,9,:0,15,0,
demand: 228:23,85,9,:0,7,0,
demand: 869:6,16,85,86,:0,0,13,0,
demand: 158:69,85,8,:0,12,0,
demand: 825:5,74,85,91,95,:0,0,5,0,0,
demand: 696:21,9,85,45,:0,1,2,0,
demand: 58:42,85,10,:0,12,0,
Average Delay: 10.02127659574468
Runtime (mS): 13946Acceptation rate: 0.5529411764705883