3, 69, 39, 67, 36, 61, 39, 69, 50, 28, 83, 7, 27, 36, 96, 
68, 83, 7, 69, 39, 67, 3, 68, 17, 27, 
83, 68, 17, 99, 51, 58, 51, 73, 41, 
69, 3, 93, 17, 2, 88, 39, 99, 50, 30, 5, 58, 3, 93, 45, 71, 2, 84, 
12, 45, 71, 2, 12, 45, 36, 88, 74, 59, 
12, 45, 71, 39, 12, 45, 71, 2, 12, 45, 64, 
71, 30, 12, 2, 71, 2, 11, 45, 36, 71, 36, 2, 11, 94, 30, 17, 1, 2, 51, 56, 
71, 7, 2, 40, 
42, 98, 60, 84, 71, 36, 88, 47, 41, 11, 73, 53, 71, 70, 16, 94, 16, 97, 16, 70, 16, 94, 48, 5, 53, 
47, 41, 11, 73, 53, 73, 11, 41, 25, 59, 
21, 42, 98, 22, 94, 11, 22, 98, 42, 46, 21, 9, 10, 
7, 71, 47, 41, 28, 
46, 42, 21, 46, 97, 39, 96, 48, 94, 11, 36, 71, 53, 71, 70, 96, 39, 97, 22, 65, 97, 39, 96, 70, 71, 48, 94, 48, 97, 
100, 100, 100, 100, 100, 100, 60, 
97, 22, 65, 41, 38, 14, 46, 22, 98, 42, 21, 63, 42, 98, 42, 63, 
47, 90, 74, 
14, 38, 56, 90, 65, 38, 14, 90, 47, 41, 38, 47, 90, 14, 
53, 56, 38, 53, 56, 14, 92, 56, 16, 45, 
25, 97, 65, 16, 77, 71, 84, 60, 70, 77, 16, 34, 94, 
6, 44, 84, 53, 77, 70, 60, 49, 96, 66, 16, 34, 4, 92, 9, 1, 34, 16, 90, 63, 53, 77, 70, 60, 33, 84, 20, 1, 81, 
28, 94, 11, 28, 20, 84, 33, 60, 44, 6, 79, 97, 
92, 4, 25, 70, 63, 28, 20, 92, 4, 25, 97, 79, 39, 
4, 25, 97, 79, 6, 44, 60, 21, 79, 28, 63, 22, 11, 28, 
4, 79, 25, 63, 18, 6, 87, 16, 18, 47, 15, 
18, 87, 36, 96, 65, 18, 96, 44, 42, 96, 40, 96, 81, 9, 
94, 37, 81, 57, 1, 36, 73, 92, 40, 96, 40, 72, 
4, 34, 37, 34, 1, 81, 1, 9, 36, 87, 33, 60, 49, 96, 40, 96, 48, 71, 77, 71, 48, 96, 66, 21, 66, 96, 48, 
77, 81, 40, 57, 86, 
84, 68, 95, 
14, 77, 81, 25, 54, 6, 37, 54, 81, 44, 54, 37, 33, 53, 63, 
81, 77, 57, 40, 92, 100, 
40, 57, 77, 81, 74, 33, 
54, 37, 60, 97, 25, 54, 28, 20, 84, 33, 39, 
77, 57, 40, 81, 84, 53, 33, 53, 5, 76, 
27, 28, 96, 81, 54, 57, 40, 81, 54, 57, 77, 76, 40, 81, 28, 95, 
77, 57, 54, 37, 86, 
57, 55, 33, 37, 6, 34, 
40, 76, 77, 54, 25, 81, 47, 77, 76, 40, 33, 37, 77, 54, 41, 77, 54, 17, 68, 
54, 77, 37, 25, 81, 74, 33, 48, 40, 76, 37, 53, 40, 33, 82, 
76, 37, 6, 54, 
14, 77, 37, 76, 64, 96, 28, 
33, 37, 76, 40, 81, 54, 57, 54, 81, 40, 76, 28, 
54, 44, 81, 96, 76, 37, 57, 32, 76, 64, 33, 20, 28, 76, 42, 44, 
33, 64, 4, 
54, 4, 100, 100, 100, 100, 100, 100, 33, 1, 
54, 33, 48, 35, 52, 25, 34, 57, 32, 76, 64, 33, 64, 76, 64, 53, 
57, 32, 48, 35, 52, 64, 10, 13, 
57, 32, 48, 93, 
52, 35, 48, 32, 16, 87, 
10, 64, 52, 35, 48, 32, 52, 15, 
35, 26, 64, 10, 76, 32, 52, 64, 10, 13, 60, 13, 77, 
35, 26, 84, 10, 26, 84, 
35, 26, 10, 49, 48, 89, 26, 35, 98, 22, 
64, 26, 35, 32, 52, 46, 35, 32, 52, 26, 10, 52, 26, 10, 19, 
48, 89, 86, 
35, 32, 26, 6, 
35, 89, 48, 63, 28, 52, 26, 64, 97, 
100, 64, 45, 16, 32, 26, 64, 92, 
28, 52, 10, 9, 82, 64, 48, 89, 26, 52, 10, 1, 64, 15, 
48, 52, 10, 9, 89, 52, 10, 30, 
52, 89, 48, 40, 
48, 52, 89, 26, 10, 85, 
10, 9, 89, 9, 10, 9, 21, 
10, 84, 89, 80, 8, 89, 64, 80, 89, 66, 8, 89, 80, 8, 89, 71, 7, 
89, 66, 8, 1, 80, 74, 66, 8, 1, 80, 64, 66, 89, 85, 
80, 8, 1, 13, 66, 99, 8, 10, 
13, 66, 75, 10, 13, 66, 75, 1, 80, 64, 66, 13, 72, 7, 66, 13, 72, 55, 71, 13, 5, 
66, 7, 13, 72, 55, 71, 13, 72, 55, 10, 75, 5, 72, 55, 10, 75, 26, 
75, 5, 72, 7, 13, 7, 72, 55, 5, 74, 95, 99, 72, 5, 74, 42, 
1, 82, 73, 82, 1, 82, 73, 2, 1, 2, 51, 2, 73, 2, 1, 31, 49, 19, 5, 74, 59, 54, 
1, 31, 49, 19, 62, 24, 31, 49, 19, 73, 34, 82, 31, 1, 49, 6, 34, 
68, 9, 91, 59, 33, 
36, 9, 36, 82, 34, 4, 92, 9, 91, 59, 74, 66, 16, 
49, 51, 43, 91, 9, 43, 91, 59, 29, 78, 27, 90, 
59, 29, 78, 27, 59, 29, 78, 27, 23, 74, 33, 15, 
15, 59, 29, 78, 27, 23, 74, 95, 15, 34, 82, 27, 78, 24, 15, 
demand: 910:97,3,69,39,67,36,61,39,69,50,28,83,7,27,36,96,:0,13,4,12,6,7,8,14,3,10,0,9,2,0,11,0,
demand: 530:95,68,83,7,69,39,67,3,68,17,27,:0,14,3,5,4,0,10,0,8,13,0,
demand: 489:59,83,68,17,99,51,58,51,73,41,:0,3,1,6,2,0,11,0,0,0,
demand: 815:48,69,3,93,17,2,88,39,99,50,30,5,58,3,93,45,71,2,84,:0,9,5,15,10,0,7,3,6,4,13,0,11,0,8,2,1,14,0,
demand: 259:74,12,45,71,2,12,45,36,88,74,59,:0,11,12,2,7,8,14,4,10,0,0,
demand: 718:92,12,45,71,39,12,45,71,2,12,45,64,:0,7,14,15,4,13,11,12,2,1,8,0,
demand: 799:36,71,30,12,2,71,2,11,45,36,71,36,2,11,94,30,17,1,2,51,56,:0,1,5,14,0,2,11,10,6,0,12,3,8,13,7,9,4,0,15,0,0,
demand: 669:55,71,7,2,40,:0,4,0,8,0,
demand: 404:28,42,98,60,84,71,36,88,47,41,11,73,53,71,70,16,94,16,97,16,70,16,94,48,5,53,:0,7,12,0,0,4,0,3,1,8,9,0,13,0,6,0,5,0,2,0,15,0,11,0,0,0,
demand: 980:15,47,41,11,73,53,73,11,41,25,59,:0,12,13,8,0,5,0,0,0,0,0,
demand: 294:78,21,42,98,22,94,11,22,98,42,46,21,9,10,:0,2,11,12,14,5,9,8,1,7,6,15,0,0,
demand: 660:57,7,71,47,41,28,:0,0,4,15,12,0,
demand: 94:61,46,42,21,46,97,39,96,48,94,11,36,71,53,71,70,96,39,97,22,65,97,39,96,70,71,48,94,48,97,:0,2,9,6,8,5,0,0,0,3,15,0,0,12,0,11,0,0,14,10,1,13,0,0,7,0,0,4,0,0,
demand: 574:100,100,100,100,100,100,100,60,:0,1,14,9,5,4,10,0,
demand: 696:25,97,22,65,41,38,14,46,22,98,42,21,63,42,98,42,63,:0,6,13,1,15,12,10,8,2,9,0,5,7,3,4,0,0,
demand: 103:77,47,90,74,:0,3,11,0,
demand: 275:46,14,38,56,90,65,38,14,90,47,41,38,47,90,14,:0,7,5,12,2,1,14,6,4,9,10,15,3,13,0,
demand: 847:12,53,56,38,53,56,14,92,56,16,45,:0,5,6,3,8,11,12,1,10,13,0,
demand: 273:78,25,97,65,16,77,71,84,60,70,77,16,34,94,:0,5,3,9,7,0,0,2,6,0,0,8,0,0,
demand: 750:18,6,44,84,53,77,70,60,49,96,66,16,34,4,92,9,1,34,16,90,63,53,77,70,60,33,84,20,1,81,:0,15,7,12,0,0,0,14,0,0,0,2,0,10,6,0,0,0,1,5,8,9,0,4,3,0,13,11,0,0,
demand: 829:11,28,94,11,28,20,84,33,60,44,6,79,97,:0,2,9,5,14,1,12,0,10,6,8,15,0,
demand: 580:29,92,4,25,70,63,28,20,92,4,25,97,79,39,:0,15,7,11,5,9,8,14,12,6,10,3,0,0,
demand: 194:62,4,25,97,79,6,44,60,21,79,28,63,22,11,28,:0,11,14,0,6,7,13,10,3,8,1,2,4,0,0,
demand: 411:95,4,79,25,63,18,6,87,16,18,47,15,:0,11,6,12,13,8,9,7,5,15,0,0,
demand: 814:27,18,87,36,96,65,18,96,44,42,96,40,96,81,9,:0,6,14,0,12,4,2,1,9,3,8,11,7,15,0,
demand: 922:69,94,37,81,57,1,36,73,92,40,96,40,72,:0,3,11,7,0,0,0,0,10,0,12,15,0,
demand: 746:68,4,34,37,34,1,81,1,9,36,87,33,60,49,96,40,96,48,71,77,71,48,96,66,21,66,96,48,:0,9,0,7,0,0,10,0,0,0,2,13,0,0,0,8,0,0,0,6,0,0,0,0,4,0,0,0,
demand: 330:14,77,81,40,57,86,:0,14,12,15,1,0,
demand: 987:14,84,68,95,:0,9,0,0,
demand: 871:9,14,77,81,25,54,6,37,54,81,44,54,37,33,53,63,:0,3,14,11,4,6,5,7,2,15,9,8,1,13,0,0,
demand: 996:16,81,77,57,40,92,100,:0,2,12,1,13,0,0,
demand: 859:61,40,57,77,81,74,33,:0,7,14,13,2,0,0,
demand: 667:44,54,37,60,97,25,54,28,20,84,33,39,:0,6,15,9,0,4,12,0,5,0,1,0,
demand: 212:47,77,57,40,81,84,53,33,53,5,76,:0,12,7,8,15,4,0,11,0,0,0,
demand: 949:51,27,28,96,81,54,57,40,81,54,57,77,76,40,81,28,95,:0,0,3,9,12,14,1,8,7,6,5,10,2,11,15,4,0,
demand: 704:11,77,57,54,37,86,:0,2,12,8,13,0,
demand: 632:54,57,55,33,37,6,34,:0,5,0,10,14,0,0,
demand: 777:12,40,76,77,54,25,81,47,77,76,40,33,37,77,54,41,77,54,17,68,:0,6,11,4,9,0,15,0,12,2,14,13,8,5,10,3,1,7,0,0,
demand: 712:73,54,77,37,25,81,74,33,48,40,76,37,53,40,33,82,:0,9,11,4,0,13,0,14,10,6,5,2,3,7,8,0,
demand: 82:5,76,37,6,54,:0,13,15,0,0,
demand: 343:46,14,77,37,76,64,96,28,:0,0,12,8,15,7,0,0,
demand: 357:39,33,37,76,40,81,54,57,54,81,40,76,28,:0,6,15,7,2,0,11,8,0,0,0,14,0,
demand: 240:61,54,44,81,96,76,37,57,32,76,64,33,20,28,76,42,44,:0,4,0,6,0,15,11,12,14,9,13,8,3,0,7,0,0,
demand: 534:47,33,64,4,:0,5,4,0,
demand: 292:14,54,4,100,100,100,100,100,100,33,1,:0,1,3,9,7,10,8,13,2,11,0,
demand: 449:6,54,33,48,35,52,25,34,57,32,76,64,33,64,76,64,53,:0,6,2,1,11,15,3,0,5,14,9,4,7,0,8,0,0,
demand: 664:18,57,32,48,35,52,64,10,13,:0,15,11,5,8,13,1,6,0,
demand: 868:34,57,32,48,93,:0,0,1,8,0,
demand: 354:28,52,35,48,32,16,87,:0,5,12,8,14,0,0,
demand: 706:13,10,64,52,35,48,32,52,15,:0,1,13,4,11,15,5,12,0,
demand: 85:19,35,26,64,10,76,32,52,64,10,13,60,13,77,:0,6,7,12,11,13,8,9,1,2,0,3,0,0,
demand: 760:15,35,26,84,10,26,84,:0,1,2,3,5,13,0,
demand: 313:38,35,26,10,49,48,89,26,35,98,22,:0,15,4,1,0,2,13,5,10,0,0,
demand: 569:52,64,26,35,32,52,46,35,32,52,26,10,52,26,10,19,:0,11,14,4,10,13,3,7,12,15,5,2,1,8,6,0,
demand: 367:97,48,89,86,:0,15,2,0,
demand: 520:87,35,32,26,6,:0,1,13,10,0,
demand: 453:99,35,89,48,63,28,52,26,64,97,:0,7,14,4,3,0,9,11,2,0,
demand: 226:60,100,64,45,16,32,26,64,92,:0,6,1,0,3,15,9,7,0,
demand: 984:50,28,52,10,9,82,64,48,89,26,52,10,1,64,15,:0,0,13,11,0,0,5,9,7,0,2,14,0,3,0,
demand: 823:23,48,52,10,9,89,52,10,30,:0,10,7,11,0,12,9,8,0,
demand: 691:73,52,89,48,40,:0,9,12,0,0,
demand: 761:29,48,52,89,26,10,85,:0,11,7,15,0,9,0,
demand: 605:64,10,9,89,9,10,9,21,:0,0,0,14,0,4,0,0,
demand: 743:98,10,84,89,80,8,89,64,80,89,66,8,89,80,8,89,71,7,:0,9,0,1,8,14,13,6,4,7,11,10,2,15,3,12,0,0,
demand: 465:55,89,66,8,1,80,74,66,8,1,80,64,66,89,85,:0,1,12,4,0,13,0,14,10,0,5,0,6,9,0,
demand: 376:16,80,8,1,13,66,99,8,10,:0,3,2,0,4,8,0,12,0,
demand: 134:15,13,66,75,10,13,66,75,1,80,64,66,13,72,7,66,13,72,55,71,13,5,:0,7,3,11,0,6,12,13,0,2,0,15,10,14,0,9,8,4,5,0,1,0,
demand: 595:18,66,7,13,72,55,71,13,72,55,10,75,5,72,55,10,75,26,:0,2,0,4,15,1,0,3,8,14,0,13,0,7,5,0,10,0,
demand: 802:22,75,5,72,7,13,7,72,55,5,74,95,99,72,5,74,42,:0,11,0,8,0,6,0,0,4,7,5,14,0,12,10,9,0,
demand: 593:88,1,82,73,82,1,82,73,2,1,2,51,2,73,2,1,31,49,19,5,74,59,54,:0,1,2,9,0,10,15,4,0,6,0,8,0,11,0,7,13,3,14,5,12,0,0,
demand: 864:92,1,31,49,19,62,24,31,49,19,73,34,82,31,1,49,6,34,:0,11,2,9,12,4,8,1,13,10,15,5,14,6,3,7,0,0,
demand: 276:83,68,9,91,59,33,:0,0,6,12,15,0,
demand: 849:45,36,9,36,82,34,4,92,9,91,59,74,66,16,:0,0,1,0,12,14,0,0,4,8,13,0,0,0,
demand: 635:1,49,51,43,91,9,43,91,59,29,78,27,90,:0,14,7,12,10,8,4,15,9,11,3,1,0,
demand: 932:91,59,29,78,27,59,29,78,27,23,74,33,15,:0,7,10,1,3,2,9,6,14,11,12,0,0,
demand: 513:9,15,59,29,78,27,23,74,95,15,34,82,27,78,24,15,:0,12,3,4,15,6,2,5,11,9,7,1,13,14,10,0,
Average Delay: 12.385714285714286
Runtime (mS): 12699Acceptation rate: 1.0