demand: 119:64,64,64,64,46,46,46,46,11,:8,9,2,6,10,7,1,3,0,
demand: 321:73,73,73,73,35,:8,9,5,3,0,
demand: 12:59,59,59,59,92,:4,9,6,7,1,
demand: 920:15,15,15,15,17,17,21,:2,3,6,9,4,7,0,
demand: 68:15,45,45,45,45,63,63,63,31,:10,3,6,5,1,4,7,8,0,
demand: 836:75,75,75,75,75,88,88,88,36,36,:5,1,7,10,3,2,6,4,8,9,
demand: 416:64,20,66,:4,0,0,
demand: 366:22,22,22,22,14,14,14,69,:3,6,2,1,7,5,4,0,
demand: 140:50,34,34,34,34,34,49,49,49,:7,10,2,3,4,5,1,6,8,
demand: 326:20,46,81,:10,0,0,
demand: 1000:60,60,60,60,60,36,36,36,3,3,:5,7,2,1,10,3,8,9,6,4,
demand: 861:2,2,2,31,31,31,58,:1,5,8,7,3,9,0,
demand: 372:72,72,72,72,32,:10,9,3,7,0,
demand: 599:47,47,47,47,47,21,21,21,21,21,24,:4,9,1,7,5,10,3,6,8,2,0,
demand: 62:65,65,65,65,17,17,17,17,39,39,92,:5,2,6,1,7,4,8,3,9,10,0,
demand: 107:56,56,56,1,90,:1,10,2,0,0,
demand: 627:71,71,71,71,6,6,6,6,86,:3,6,8,4,7,2,10,1,0,
demand: 246:64,51,46,:8,0,0,
demand: 263:19,19,39,92,86,88,75,:1,9,0,0,0,0,0,
demand: 235:53,53,53,53,38,:1,9,5,3,7,
demand: 145:89,89,89,89,89,30,30,30,30,30,60,:2,3,5,1,7,9,6,10,4,8,0,
demand: 992:82,82,82,82,90,:10,3,5,8,0,
demand: 632:87,87,87,87,60,:1,6,9,3,0,
demand: 772:51,51,51,100,:4,1,7,0,
demand: 820:28,28,1,1,1,1,76,76,76,76,:4,1,9,3,6,8,5,7,10,2,
demand: 560:97,97,30,30,30,17,17,17,:4,2,1,5,9,6,7,8,
demand: 844:26,10,10,:0,10,9,
demand: 473:39,63,:4,5,
demand: 915:62,62,62,69,:3,4,8,0,
demand: 443:1,1,48,:6,1,0,
demand: 571:91,91,57,:8,1,0,
demand: 468:71,71,71,71,71,71,71,20,20,20,:6,1,2,9,7,5,8,3,4,10,
demand: 703:36,20,64,64,64,51,51,51,92,92,86,:0,4,5,6,2,1,7,8,9,10,0,
demand: 622:15,60,58,:0,4,0,
demand: 939:49,49,49,69,69,14,:3,2,5,8,9,7,
demand: 759:23,23,23,19,19,43,:5,1,3,7,4,0,
demand: 850:30,74,74,74,74,99,99,:0,8,1,3,6,4,5,
demand: 154:69,53,53,53,75,75,75,88,42,:0,4,8,9,7,10,5,3,0,
demand: 29:7,7,7,7,27,:10,3,5,2,0,
demand: 940:27,27,27,27,17,17,17,23,23,31,:7,10,9,1,8,2,6,5,4,3,
demand: 801:53,1,:0,9,
demand: 976:50,74,74,74,29,29,3,:0,9,5,6,8,1,0,
demand: 329:7,21,:2,0,
demand: 611:89,2,2,2,2,32,32,:6,7,4,5,10,8,1,
demand: 283:94,94,94,94,94,94,94,62,62,62,:8,5,2,4,7,9,3,1,10,6,
demand: 629:12,12,12,12,12,12,12,43,43,43,:1,4,5,8,6,9,7,10,3,2,
demand: 989:58,58,86,86,86,29,29,29,50,:6,2,4,9,1,10,7,5,0,
demand: 674:32,32,32,56,56,1,1,1,60,:10,2,6,8,5,7,9,4,0,
demand: 755:38,38,38,51,51,51,80,80,80,80,:3,2,10,1,8,4,5,7,6,9,
demand: 73:80,80,80,9,9,74,:1,10,9,7,4,0,
demand: 278:75,75,75,75,18,18,18,65,:10,2,6,3,5,9,4,0,
demand: 120:29,29,55,:7,8,0,
demand: 964:40,40,33,33,52,52,52,87,:6,10,7,4,9,1,8,0,
demand: 502:6,43,43,95,95,:0,2,7,6,1,
demand: 729:21,12,12,12,38,38,34,:2,9,3,7,10,5,0,
demand: 284:45,45,45,45,10,10,13,13,13,13,:9,2,5,7,6,10,8,4,1,3,
demand: 485:52,52,52,33,33,56,:3,9,6,1,5,2,
demand: 843:48,48,39,23,93,:4,9,0,0,0,
demand: 827:90,90,1,1,1,56,56,56,56,15,:1,5,6,3,2,4,10,8,7,0,
demand: 493:68,68,68,10,10,65,:10,4,7,1,5,0,
demand: 541:81,81,81,88,86,:7,10,6,0,0,
demand: 710:43,30,94,94,:0,0,9,10,
demand: 525:92,36,91,:6,0,0,
demand: 690:1,62,62,62,94,94,27,:0,9,5,7,4,1,8,
demand: 175:58,93,93,93,93,82,82,82,82,15,:0,3,8,7,5,4,6,1,10,0,
demand: 495:82,82,15,78,:9,5,0,0,
demand: 877:21,12,58,:0,4,0,
demand: 157:18,18,82,82,90,:5,6,8,7,0,
demand: 417:56,37,37,:8,2,7,
demand: 409:62,62,71,:1,4,6,
demand: 189:50,11,11,56,:6,4,9,0,
demand: 391:43,11,11,11,31,:0,10,9,8,0,
demand: 853:20,55,55,55,55,61,61,61,61,99,99,:0,8,6,1,9,7,5,4,2,3,10,
demand: 657:32,78,78,78,78,57,57,57,:0,3,9,7,1,6,5,8,
demand: 479:38,25,25,25,9,9,74,:0,7,4,10,5,2,0,
demand: 124:69,77,77,77,77,76,:3,5,9,8,6,10,
Average Delay: 3.0285714285714285
Runtime (mS): 5061Acceptation rate: 1.0