demand: 753:133,133,133,133,41,41,106,106,106,106,:3,8,10,6,7,2,1,5,4,9,
demand: 17:82,82,82,82,85,85,85,20,:1,10,7,6,2,5,4,8,
demand: 909:141,141,141,141,230,4,4,4,4,56,:10,2,3,4,8,9,6,7,1,0,
demand: 981:164,164,164,51,51,207,:6,5,8,9,4,0,
demand: 653:221,221,221,132,132,93,:8,1,4,9,2,0,
demand: 194:70,70,70,70,48,48,48,149,:1,7,8,9,6,5,4,0,
demand: 315:128,128,128,197,:3,6,2,9,
demand: 725:137,137,137,137,76,76,76,76,185,185,110,:3,6,8,10,2,7,1,4,9,5,0,
demand: 97:172,172,172,172,172,14,14,:7,4,3,8,1,5,6,
demand: 519:226,226,226,146,:2,1,9,0,
demand: 175:132,132,132,132,132,189,189,189,189,:9,5,10,2,7,8,3,6,1,
demand: 786:59,2,176,:4,7,0,
demand: 615:200,200,200,38,227,:8,9,10,0,0,
demand: 803:225,225,225,225,225,177,:6,3,7,4,8,5,
demand: 109:90,90,90,90,90,12,12,12,12,50,:9,8,1,5,10,4,6,3,2,0,
demand: 710:106,106,48,171,:8,7,0,0,
demand: 502:65,65,1,168,168,:10,2,8,7,9,
demand: 937:138,138,138,138,226,:1,9,7,6,3,
demand: 636:245,245,245,245,245,245,61,61,:3,2,4,6,9,5,1,10,
demand: 179:104,68,:8,0,
demand: 252:1,3,3,3,23,23,:0,3,8,2,1,4,
demand: 156:211,211,211,211,211,7,7,7,228,:1,9,3,2,8,4,6,7,10,
demand: 50:119,4,98,98,98,98,167,167,167,:3,10,8,2,5,9,1,6,7,
demand: 64:127,127,127,202,202,44,44,74,:10,3,6,7,1,5,4,0,
demand: 268:242,242,242,162,162,106,:8,5,6,4,1,0,
demand: 617:30,30,30,30,30,54,:7,3,9,6,1,2,
demand: 673:108,108,162,242,:3,6,0,0,
demand: 664:156,156,156,89,89,89,43,43,43,44,70,:8,9,3,6,4,5,1,10,7,0,0,
demand: 271:229,231,:2,0,
demand: 80:93,93,93,93,9,9,9,9,90,:5,3,2,4,7,1,9,8,0,
demand: 469:83,83,83,83,3,224,224,:3,6,9,10,1,4,5,
demand: 269:25,25,25,25,5,5,5,153,:5,1,6,2,7,4,8,0,
demand: 612:179,109,:7,0,
demand: 4:146,146,146,146,146,146,146,60,60,60,:10,7,9,8,3,5,2,1,4,6,
demand: 496:75,75,75,20,127,:8,10,6,3,0,
demand: 834:120,120,120,120,17,17,17,56,:2,10,7,4,8,6,3,0,
demand: 128:197,197,1,70,:2,6,0,0,
demand: 284:110,110,155,155,155,130,130,:4,3,9,2,6,10,5,
demand: 13:220,220,220,240,:5,3,7,0,
demand: 820:175,39,:5,0,
demand: 765:85,35,35,35,35,35,164,164,164,164,164,:0,7,10,4,5,8,2,6,3,1,9,
demand: 137:51,28,244,:2,0,0,
demand: 534:108,38,:10,0,
demand: 276:196,196,196,196,56,56,56,56,141,167,:9,8,3,4,1,7,10,5,0,0,
demand: 896:187,187,187,6,86,:9,7,1,0,0,
demand: 420:45,45,45,121,:6,1,9,0,
demand: 221:155,173,173,173,38,38,109,210,:0,7,10,8,5,9,0,0,
demand: 122:220,220,220,220,220,220,142,142,:7,2,4,10,6,3,5,9,
demand: 938:243,243,243,243,22,22,22,30,157,157,:4,7,2,8,6,3,10,5,1,9,
demand: 694:66,66,232,:1,3,0,
demand: 815:212,212,212,212,212,11,11,53,53,53,:6,7,1,5,3,8,4,2,10,9,
demand: 991:20,49,49,49,49,67,67,67,:0,8,7,4,6,5,2,1,
demand: 350:44,44,74,74,48,35,:3,9,5,2,10,0,
demand: 918:20,170,170,170,122,122,122,127,:0,2,1,3,10,5,7,0,
demand: 814:110,38,38,38,38,183,183,:0,6,8,7,9,3,1,
demand: 769:103,103,192,:4,8,0,
demand: 625:15,15,57,:8,10,0,
demand: 976:125,125,125,17,54,:9,8,4,5,0,
demand: 209:123,123,123,123,123,197,:7,8,6,2,9,1,
demand: 749:15,15,173,173,170,170,170,20,:7,9,3,4,6,10,2,0,
demand: 817:84,84,14,240,:10,1,0,0,
demand: 387:3,8,8,8,153,153,:0,4,6,8,10,5,
demand: 547:196,34,34,34,34,34,174,174,174,174,:0,8,4,10,2,6,3,7,1,9,
demand: 588:74,74,160,160,122,122,85,:6,5,3,9,1,8,0,
demand: 770:250,250,250,10,10,10,102,102,102,102,:2,3,4,5,6,10,1,7,9,8,
demand: 39:140,140,140,60,60,146,:10,4,2,7,5,0,
demand: 835:145,145,235,:4,3,0,
demand: 483:238,142,:8,0,
demand: 282:11,42,42,42,79,79,79,230,:0,5,8,2,10,1,3,0,
demand: 527:170,20,57,25,25,:0,6,3,2,1,
demand: 157:16,16,16,179,179,44,:2,10,4,8,5,0,
demand: 550:107,107,4,47,:8,10,0,0,
demand: 131:226,226,64,64,64,64,:10,1,6,3,5,7,
demand: 151:169,169,169,169,77,:1,4,3,5,7,
demand: 726:133,28,28,:0,6,4,
demand: 685:59,155,:3,0,
demand: 121:174,60,60,60,60,60,47,47,47,47,:2,10,7,6,3,8,5,1,4,9,
demand: 610:93,93,93,17,17,163,163,:1,9,3,7,8,4,2,
demand: 352:14,240,240,240,240,97,97,97,:4,7,5,10,1,6,8,3,
demand: 52:231,186,186,186,160,160,160,72,:2,5,6,4,7,3,9,0,
demand: 567:91,91,47,211,211,211,:8,5,10,9,3,2,
demand: 559:160,21,21,:0,7,3,
demand: 328:238,238,238,242,:8,3,9,0,
demand: 784:49,56,165,165,165,15,:7,4,9,8,5,0,
demand: 68:243,186,186,186,186,122,122,122,122,50,:0,3,1,2,6,10,5,9,8,7,
demand: 412:216,216,216,24,51,:1,8,7,6,0,
demand: 186:91,227,:7,6,
demand: 289:12,186,186,186,186,135,135,135,135,54,54,:0,1,3,2,8,4,9,6,7,10,5,
demand: 878:211,111,111,111,183,183,59,:5,2,1,10,4,7,0,
demand: 771:150,150,150,130,:2,6,5,0,
demand: 964:13,13,13,67,:8,9,2,0,
demand: 977:119,32,32,97,:0,9,7,0,
demand: 285:163,163,61,61,61,145,:1,2,8,4,7,6,
demand: 471:76,34,34,34,34,168,168,:0,8,5,2,10,9,4,
demand: 813:69,69,69,69,31,31,31,:5,10,6,9,7,4,2,
demand: 231:63,63,63,63,78,:9,5,3,4,0,
demand: 82:213,213,97,:5,1,0,
demand: 719:43,29,:6,0,
demand: 990:100,100,100,100,247,:10,6,3,1,9,
demand: 73:198,198,198,35,35,164,164,164,230,:7,4,8,3,6,10,1,2,5,
demand: 564:39,39,39,39,39,66,66,66,66,51,:7,2,3,9,5,8,4,1,10,0,
demand: 900:183,183,183,183,216,:10,5,4,2,0,
demand: 648:52,52,52,52,52,33,33,33,33,190,:8,4,6,5,1,9,10,2,7,0,
demand: 927:67,67,67,67,15,:8,10,2,7,0,
demand: 745:23,27,27,27,27,153,153,153,:4,6,1,5,2,8,7,10,
demand: 774:42,206,206,206,206,240,240,240,240,76,:0,5,4,2,1,9,7,10,8,6,
demand: 592:250,41,120,:0,3,0,
demand: 763:26,26,5,:7,4,0,
demand: 671:245,212,212,212,:0,5,8,6,
demand: 702:209,204,204,:4,10,5,
demand: 662:70,70,27,13,:4,6,9,0,
demand: 887:190,190,40,40,40,40,67,67,67,:3,8,6,9,10,2,7,5,1,
demand: 812:221,221,221,141,167,167,167,98,211,:10,1,9,2,8,5,6,4,0,
demand: 989:120,197,197,197,35,35,35,122,:0,9,3,10,4,5,1,0,
demand: 34:115,115,115,115,95,95,:2,1,6,10,8,7,
demand: 837:223,223,223,223,125,:4,1,5,3,6,
demand: 855:38,106,182,182,182,212,212,:0,0,3,9,6,2,1,
demand: 117:88,46,46,46,46,46,86,86,86,86,86,:0,2,3,1,9,8,7,6,5,10,4,
demand: 646:247,247,247,247,148,:1,2,10,7,0,
demand: 634:94,94,94,60,:1,9,2,0,
demand: 383:233,111,:2,7,
demand: 697:146,151,151,151,151,222,222,222,222,3,:4,10,6,9,1,2,8,7,3,0,
demand: 119:45,45,45,165,165,48,58,58,58,58,3,:1,5,3,4,9,2,7,10,8,6,0,
demand: 88:17,81,81,81,81,:0,9,7,1,2,
demand: 744:185,167,:1,0,
demand: 649:152,200,:3,0,
demand: 905:9,90,225,:0,6,0,
demand: 832:49,56,201,:9,0,0,
demand: 105:13,128,215,215,215,215,35,35,184,184,184,:0,5,10,2,3,4,7,1,8,6,9,
demand: 755:94,94,94,94,94,51,51,:10,8,1,3,5,2,9,
demand: 818:96,96,96,96,171,:8,5,7,2,1,
demand: 173:44,79,79,79,181,:6,5,2,1,10,
demand: 270:218,218,244,:6,4,0,
demand: 370:7,248,248,248,26,:6,10,9,1,0,
demand: 924:180,155,173,:7,4,0,
demand: 428:92,92,92,182,182,212,212,214,:5,9,10,1,6,3,8,2,
demand: 552:159,159,159,216,216,183,183,:9,3,8,4,1,2,5,
demand: 134:33,52,52,52,2,:2,8,9,4,10,
demand: 154:110,143,143,143,143,41,240,199,199,199,199,:0,4,7,6,1,8,3,2,10,5,9,
demand: 752:105,105,6,6,6,18,18,18,:4,10,5,9,8,1,2,7,
demand: 893:153,153,142,:10,6,0,
demand: 611:91,99,99,99,99,217,217,:0,1,5,10,8,6,4,
demand: 805:213,213,51,51,45,:2,1,7,3,0,
demand: 15:211,116,116,116,116,241,241,241,:0,9,3,1,5,2,8,7,
demand: 375:101,101,101,101,19,19,155,:6,8,7,2,5,4,10,
demand: 892:180,165,165,:0,4,7,
demand: 344:215,99,99,91,:0,3,2,0,
demand: 259:192,192,192,192,192,244,:2,6,9,1,4,10,
demand: 219:4,50,50,102,:1,5,3,2,
demand: 531:61,112,112,112,149,149,149,17,:0,5,8,3,9,7,2,0,
demand: 590:43,103,103,103,103,:6,4,2,10,8,
demand: 240:165,165,165,165,54,135,135,135,135,245,:4,7,5,1,8,9,2,6,3,0,
demand: 816:46,250,:2,0,
demand: 373:135,137,137,137,137,134,134,134,134,:0,7,8,1,5,3,6,4,10,
demand: 782:169,46,46,46,46,138,138,138,47,:1,8,5,3,6,10,2,7,0,
demand: 737:207,207,207,207,24,24,184,:9,4,8,10,3,2,0,
demand: 537:10,83,83,83,206,206,123,:0,6,3,8,10,1,0,
demand: 257:8,36,36,36,230,:9,4,8,6,0,
demand: 601:189,189,147,:9,1,8,
demand: 748:215,32,32,32,119,119,2,:0,4,9,7,1,6,0,
demand: 689:108,62,62,250,:0,5,3,0,
demand: 642:200,200,27,:8,10,0,
demand: 434:69,69,69,69,72,72,72,236,:5,4,9,6,3,2,7,10,
demand: 78:236,152,152,152,200,200,169,:0,10,5,9,2,8,0,
demand: 394:249,249,249,75,:10,5,7,1,
demand: 919:154,154,154,15,:5,4,10,0,
demand: 478:52,52,227,227,109,182,182,182,48,:3,7,2,5,4,9,10,6,0,
demand: 730:115,235,:0,5,
demand: 949:5,171,171,171,229,229,:0,5,8,4,6,3,
demand: 98:242,242,242,242,176,176,176,225,:10,4,6,1,5,9,8,0,
demand: 663:164,218,218,218,244,135,:0,8,10,2,7,0,
demand: 826:30,99,99,99,217,217,93,:0,3,4,9,7,6,0,
demand: 279:56,56,201,101,:10,5,0,0,
demand: 203:121,121,121,64,126,126,:5,9,8,4,10,1,
demand: 538:105,58,58,58,58,137,137,137,:0,3,10,6,8,7,1,2,
demand: 839:164,134,134,134,134,159,159,:0,1,3,2,5,10,6,
demand: 195:24,24,71,71,71,118,118,118,204,:9,5,4,6,1,7,2,10,0,
demand: 518:195,66,39,:3,0,0,
demand: 147:91,12,227,:0,0,3,
demand: 696:217,191,191,191,191,178,178,178,178,200,:0,3,6,2,5,7,10,4,9,1,
demand: 666:222,201,201,201,201,144,144,:6,4,3,8,7,2,1,
demand: 165:194,194,117,:5,1,3,
demand: 618:77,77,81,81,81,163,163,:1,10,3,4,8,2,6,
demand: 422:11,205,205,205,8,:0,9,6,8,0,
demand: 123:24,247,247,247,148,148,148,236,:0,1,2,9,5,7,6,0,
demand: 683:61,242,242,242,151,:0,7,3,9,0,
demand: 686:177,177,177,50,82,:2,1,7,4,0,
demand: 244:106,117,117,117,107,107,107,143,:0,3,2,10,1,5,7,0,
demand: 356:136,136,136,136,144,144,144,144,201,201,238,:2,7,8,6,10,5,1,9,4,3,0,
demand: 729:196,13,28,28,28,:0,10,4,9,6,
demand: 932:102,182,182,182,92,106,:0,7,4,1,2,0,
demand: 323:38,185,148,:0,4,6,
demand: 881:227,227,130,130,12,:5,10,7,9,0,
demand: 104:121,114,114,114,193,193,193,85,:1,5,8,10,9,2,4,0,
demand: 571:69,114,114,114,114,45,:9,8,2,7,5,1,
demand: 182:71,147,:7,4,
demand: 536:174,53,80,80,80,31,:0,8,5,7,2,0,
demand: 438:7,139,139,139,86,:0,6,7,2,0,
demand: 95:92,166,166,166,166,197,197,197,197,198,:0,8,5,9,1,3,6,4,7,2,
demand: 153:38,55,55,55,14,:0,8,4,3,0,
demand: 797:227,12,91,99,:0,0,9,0,
demand: 631:240,101,101,101,203,203,203,102,:7,4,10,3,5,9,8,0,
demand: 487:26,124,124,124,131,131,131,106,:2,9,3,7,4,10,5,0,
demand: 27:153,153,16,20,:5,3,6,0,
demand: 384:206,81,81,81,94,:0,5,4,3,9,
demand: 705:52,191,191,191,178,178,53,:0,2,6,5,8,1,0,
demand: 848:74,157,157,157,37,37,37,45,:6,3,2,1,4,7,9,0,
demand: 542:212,235,235,235,235,239,239,239,:0,10,7,8,2,9,6,1,
demand: 845:209,60,210,210,210,:6,2,3,10,1,
demand: 294:64,149,149,149,112,135,:0,6,10,2,5,0,
demand: 166:208,68,68,68,68,232,232,232,66,:8,9,4,6,2,7,5,1,10,
demand: 326:136,85,85,85,193,193,91,:2,3,1,10,6,5,0,
demand: 720:206,131,131,131,131,73,73,:10,8,6,1,3,4,5,
demand: 901:198,239,239,239,239,235,235,235,235,213,:0,1,3,4,7,6,9,10,2,0,
demand: 742:81,191,191,191,191,201,201,201,201,:0,2,4,9,8,10,6,7,5,
demand: 51:125,167,167,167,114,114,66,:0,8,2,7,6,5,0,
demand: 318:78,78,45,67,:5,6,0,0,
demand: 77:165,87,87,162,:0,1,4,0,
demand: 651:220,19,19,19,188,188,:4,9,2,6,7,3,
demand: 616:220,129,129,129,63,:5,1,9,4,0,
demand: 380:84,67,188,:0,4,8,
demand: 295:69,139,139,139,151,:0,10,7,9,0,
demand: 441:185,167,167,167,167,68,68,68,68,150,:0,5,8,2,3,4,6,9,10,7,
demand: 856:168,62,236,:5,3,0,
demand: 828:210,210,68,:1,6,0,
demand: 711:143,149,149,149,149,239,239,239,118,118,:4,6,9,8,5,3,7,2,10,1,
demand: 946:69,139,139,139,127,:0,7,5,10,0,
demand: 624:64,121,131,131,:0,0,4,6,
demand: 842:123,6,6,197,:7,6,1,0,
demand: 264:234,132,:4,0,
demand: 451:64,218,218,218,:0,1,3,5,
demand: 425:238,16,134,134,:0,6,8,5,
demand: 163:233,233,19,:10,1,0,
demand: 556:225,154,154,159,:0,6,4,0,
demand: 197:84,124,124,124,131,119,:0,6,10,1,7,0,
demand: 351:227,32,237,237,237,247,247,:0,9,7,10,1,5,4,
demand: 877:203,101,94,:0,4,0,
demand: 447:69,178,178,134,:0,3,9,0,
demand: 641:165,152,138,138,138,49,:0,4,5,10,7,0,
demand: 549:87,158,158,205,205,50,:1,3,5,9,2,0,
demand: 735:141,80,80,176,:0,8,2,1,
demand: 249:218,218,45,45,103,103,202,:1,5,10,6,3,2,0,
demand: 704:187,42,42,57,:9,2,7,6,
demand: 329:237,37,27,:0,4,0,
demand: 485:140,84,23,:2,0,0,
demand: 584:49,219,219,219,113,113,208,:2,8,4,7,5,10,1,
demand: 49:175,175,175,175,246,246,246,246,114,114,15,:2,8,3,5,4,10,9,6,7,1,0,
demand: 712:126,89,89,89,122,122,176,:0,6,3,10,7,1,0,
demand: 798:190,101,101,203,203,216,:0,3,7,2,9,0,
demand: 333:122,234,234,234,147,147,79,:0,1,3,2,9,7,0,
demand: 192:208,139,139,236,227,:0,8,6,2,5,
demand: 482:73,146,21,21,242,:0,5,4,2,0,
demand: 307:177,207,207,207,148,:7,10,4,6,0,
demand: 292:211,36,36,8,8,248,248,:0,5,3,10,1,9,6,
demand: 608:180,221,221,191,:6,4,1,0,
demand: 568:137,62,:3,0,
demand: 505:214,212,216,:10,0,0,
demand: 793:250,149,112,45,:2,8,10,0,
demand: 242:89,229,183,65,:0,2,4,0,
demand: 543:244,213,213,115,:0,2,9,0,
demand: 746:104,33,33,60,:4,2,9,6,
demand: 250:206,89,229,82,:0,4,9,0,
demand: 160:48,182,88,88,244,:0,2,5,10,0,
demand: 920:138,27,184,184,91,:7,9,3,6,0,
demand: 781:205,50,249,:1,0,0,
demand: 811:105,117,:9,7,
demand: 172:21,241,116,:0,3,0,
demand: 623:93,229,229,171,171,149,:0,9,6,1,10,0,
demand: 399:199,55,55,13,:0,7,5,0,
demand: 838:188,39,175,:5,0,0,
demand: 690:123,172,161,161,79,:0,10,3,1,0,
demand: 514:133,239,181,:0,8,0,
demand: 274:7,68,160,:0,8,0,
demand: 520:209,112,:0,10,
demand: 355:244,197,:0,6,
demand: 305:110,40,67,89,:0,4,7,1,
demand: 493:50,29,:0,5,
demand: 945:90,181,171,:1,5,10,
demand: 304:222,195,129,66,:10,5,8,0,
demand: 452:32,215,163,:0,5,0,
demand: 448:192,234,190,:0,3,0,
demand: 346:158,204,118,120,:0,9,4,6,
demand: 60:225,91,122,:0,2,0,
demand: 804:16,154,154,159,159,100,:0,6,3,1,10,2,
demand: 115:31,111,172,:0,2,0,
demand: 70:159,248,172,69,:0,3,10,0,
demand: 256:104,66,232,123,:0,1,7,0,
demand: 473:141,224,237,:0,7,6,
demand: 424:71,156,156,117,7,:0,10,6,7,0,
demand: 791:220,5,:0,1,
demand: 398:79,112,103,169,:0,1,5,6,
demand: 418:113,135,186,114,:0,2,5,0,
demand: 233:149,143,66,:0,2,0,
demand: 709:201,95,16,:0,5,0,
demand: 526:21,157,228,181,:0,9,7,0,
demand: 62:200,75,:0,2,
demand: 494:63,114,6,:0,7,0,
demand: 717:81,124,131,121,:0,10,7,0,
demand: 739:78,61,144,:0,6,0,
demand: 413:45,111,209,:0,9,0,
demand: 107:92,237,:9,0,
demand: 253:56,202,187,:0,1,0,
Average Delay: 3.068259385665529
Runtime (mS): 18301509Acceptation rate: 0.48833333333333334