demand: 119:64,64,64,64,46,46,46,46,11,:8,9,2,6,10,7,1,3,0,
demand: 321:73,73,73,73,35,:8,9,5,3,0,
demand: 12:59,59,59,59,92,:4,9,6,7,1,
demand: 920:15,15,15,15,17,17,21,:2,3,6,9,4,7,0,
demand: 68:15,45,45,45,45,63,63,63,31,:10,3,6,5,1,4,7,8,0,
demand: 836:75,75,75,75,75,88,88,88,36,36,:5,1,7,10,3,2,6,4,8,9,
demand: 569:79,79,30,30,74,74,29,:4,8,5,6,1,10,0,
demand: 279:63,63,63,34,34,77,:8,7,5,4,3,0,
demand: 830:78,78,78,36,74,:4,9,5,6,0,
demand: 740:98,98,98,98,8,8,8,8,10,:4,8,7,5,1,6,2,3,0,
demand: 413:52,52,29,74,36,:1,9,4,0,0,
demand: 945:80,80,80,80,32,32,41,41,41,41,:8,3,4,2,7,1,5,9,6,10,
demand: 658:67,67,67,5,26,:6,1,9,0,0,
demand: 905:35,19,:6,0,
demand: 486:67,67,5,18,:10,2,0,0,
demand: 683:8,8,60,:1,10,0,
Average Delay: 3.0
Runtime (mS): 593Acceptation rate: 1.0