demand: 336:13,13,13,13,12,:7,3,6,2,1,
demand: 490:11,11,11,7,7,4,:5,4,3,6,7,0,
demand: 445:2,2,2,1,1,11,:7,2,4,1,5,3,
demand: 919:4,4,4,15,15,15,:6,2,1,4,3,7,
demand: 181:3,3,3,13,7,:7,3,1,6,5,
demand: 289:4,6,6,12,12,1,1,1,7,:0,6,7,1,3,5,4,2,0,
demand: 461:4,14,14,14,12,12,12,:0,2,1,4,7,3,6,
demand: 653:8,8,8,14,14,14,7,3,:2,7,3,1,4,5,0,0,
demand: 718:10,10,10,2,:6,5,1,0,
demand: 865:8,10,10,11,:0,1,5,0,
demand: 720:15,15,15,5,5,:3,4,2,6,1,
demand: 274:5,1,7,:0,6,0,
demand: 249:9,9,10,10,12,3,:6,4,2,7,0,0,
demand: 261:13,10,10,10,5,:0,7,5,4,3,
demand: 605:8,8,12,3,:5,4,2,0,
demand: 379:4,2,7,11,:0,3,0,0,
Average Delay: 3.1333333333333333
Runtime (mS): 113Acceptation rate: 0.75