demand: 753:133,133,133,133,41,41,106,106,106,106,:3,8,10,6,7,2,1,5,4,9,
demand: 17:82,82,82,82,85,85,85,20,:1,10,7,6,2,5,4,8,
demand: 909:141,141,141,141,230,4,4,4,4,56,:10,2,3,4,8,9,6,7,1,0,
demand: 981:164,164,164,51,51,207,:6,5,8,9,4,0,
demand: 653:221,221,221,132,132,93,:8,1,4,9,2,0,
demand: 194:70,70,70,70,48,48,48,149,:1,7,8,9,6,5,4,0,
demand: 315:128,128,128,197,:3,6,2,9,
demand: 725:137,137,137,137,76,76,76,76,185,185,110,:3,6,8,10,2,7,1,4,9,5,0,
demand: 97:172,172,172,172,172,14,14,:7,4,3,8,1,5,6,
demand: 784:13,88,:10,0,
demand: 834:240,240,25,:7,9,0,
demand: 649:137,137,137,135,135,78,:5,10,1,7,6,0,
demand: 536:15,15,15,15,15,108,108,:6,4,2,10,1,8,7,
demand: 606:117,106,20,:5,0,0,
demand: 629:138,186,:6,0,
demand: 204:226,226,226,2,27,:3,4,9,6,0,
demand: 391:91,91,91,91,1,1,:1,6,10,2,5,8,
demand: 730:21,21,201,201,:4,8,10,3,
demand: 729:27,27,27,35,35,31,31,:10,7,8,3,5,4,1,
demand: 760:122,122,122,122,122,122,122,225,225,225,:5,8,9,1,3,4,7,2,10,6,
demand: 970:43,43,43,89,69,:8,4,1,5,0,
demand: 371:207,207,207,207,207,207,183,183,183,:9,5,1,7,6,8,10,3,4,
demand: 378:188,188,188,188,188,7,7,7,146,146,:3,1,9,5,6,2,8,7,10,4,
demand: 612:158,158,176,:6,4,8,
demand: 926:183,111,161,:5,0,0,
demand: 936:188,38,38,38,38,175,175,175,175,:0,8,3,6,4,7,1,10,5,
demand: 491:207,154,154,154,:0,10,9,1,
demand: 632:72,72,72,49,49,:6,8,1,2,3,
demand: 442:109,71,71,:0,7,10,
demand: 262:42,42,42,42,67,:6,9,3,2,7,
demand: 229:151,38,:5,0,
demand: 291:18,15,124,:6,0,0,
demand: 202:115,217,:8,7,
demand: 718:225,225,2,80,:1,3,8,0,
demand: 534:234,234,234,150,:1,9,6,3,
demand: 91:207,179,179,179,179,79,79,79,79,222,222,76,:0,6,10,1,2,4,8,5,3,7,9,0,
demand: 257:245,245,245,245,245,16,16,:5,2,6,7,8,4,10,
demand: 877:154,154,154,163,:8,10,6,4,
demand: 428:90,90,90,90,106,106,38,38,:6,8,5,7,2,4,9,1,
demand: 460:17,17,17,165,72,:2,5,8,0,0,
demand: 379:169,169,169,169,170,170,170,170,249,249,:1,9,10,6,2,3,5,8,4,7,
demand: 853:217,217,208,:8,10,0,
demand: 228:85,222,222,141,167,:6,8,7,2,0,
demand: 490:129,129,20,57,:10,8,0,0,
demand: 577:42,153,:2,5,
demand: 525:151,151,151,22,22,22,30,51,:9,10,1,3,8,5,2,0,
demand: 20:220,220,220,220,147,:10,1,7,8,0,
demand: 41:131,131,131,6,63,:6,7,2,3,0,
demand: 751:222,64,64,64,117,:0,9,6,1,4,
demand: 502:127,127,20,72,:10,5,3,0,
demand: 408:126,126,155,155,155,110,110,16,16,:6,8,7,1,3,2,10,5,4,
demand: 254:123,123,123,123,6,6,6,187,:2,4,9,3,1,6,5,0,
demand: 377:145,145,145,145,130,130,130,:9,3,8,2,4,5,7,
demand: 206:154,89,89,89,:1,8,2,5,
demand: 869:248,248,248,248,122,122,122,122,185,:8,4,9,6,3,10,7,5,1,
demand: 795:110,38,38,109,109,165,165,165,:0,6,3,5,1,10,4,2,
demand: 831:138,143,:4,0,
demand: 923:243,120,:9,0,
demand: 528:250,250,250,250,30,30,30,30,133,:4,2,7,5,1,6,3,8,0,
demand: 237:89,69,69,69,69,201,201,:0,10,4,9,8,5,2,
demand: 805:51,51,51,46,:3,9,6,5,
demand: 623:160,160,160,186,186,186,135,135,135,135,:2,10,1,3,6,4,5,7,9,8,
demand: 754:176,176,176,19,19,159,159,159,:2,7,4,9,10,5,3,1,
demand: 48:113,113,155,155,173,173,38,185,:10,5,1,7,8,2,0,0,
demand: 255:61,244,:8,0,
demand: 816:125,125,125,3,3,8,:7,8,9,6,4,0,
demand: 297:217,7,87,87,87,:0,2,3,4,6,
demand: 731:50,50,50,50,50,104,:6,1,8,4,7,3,
demand: 911:196,196,196,196,24,24,24,68,:4,5,1,3,10,6,2,0,
demand: 552:139,139,139,139,139,139,134,134,:5,4,1,9,6,2,8,7,
demand: 591:185,167,167,167,167,98,98,98,98,10,10,:0,8,5,6,10,2,3,4,9,7,1,
demand: 478:143,143,187,:1,6,0,
demand: 196:119,199,:10,0,
demand: 121:120,120,120,35,35,35,140,140,140,140,:3,9,4,7,5,8,10,2,6,1,
demand: 448:28,28,28,28,75,:9,3,8,4,0,
demand: 467:102,102,102,102,246,246,246,:3,8,4,7,10,9,1,
demand: 823:243,243,243,25,25,25,224,224,224,224,:8,4,7,5,6,10,9,2,3,1,
demand: 565:52,52,52,52,25,25,25,25,1,:9,2,7,3,6,10,5,8,0,
demand: 975:130,165,165,:8,10,5,
demand: 661:135,204,204,:9,8,6,
demand: 538:185,185,167,167,167,61,61,230,:5,10,2,6,7,9,3,8,
demand: 505:36,62,:5,0,
demand: 598:44,44,44,44,44,70,92,92,92,92,:4,5,9,6,3,10,2,1,8,7,
demand: 568:174,174,174,67,67,:5,6,8,10,4,
demand: 393:233,8,8,8,8,209,:7,2,3,9,10,8,
demand: 348:203,203,46,46,46,221,221,221,:10,3,4,8,9,6,5,7,
demand: 368:151,143,143,143,143,138,138,138,:0,6,3,9,5,10,2,1,
demand: 395:30,206,206,206,206,56,56,56,56,41,41,162,:0,3,9,2,1,8,10,6,7,5,4,0,
demand: 767:235,235,235,235,8,:8,6,7,3,0,
demand: 756:125,199,199,199,119,:10,4,1,6,0,
demand: 567:132,132,132,132,17,17,223,:3,1,6,9,7,10,2,
demand: 788:233,111,111,111,111,183,183,183,183,223,:0,2,4,7,6,1,8,5,10,0,
demand: 353:46,46,46,46,49,49,49,170,:8,5,4,3,1,9,6,0,
demand: 846:209,34,34,34,34,118,118,118,:0,2,5,9,1,4,8,7,
demand: 546:81,81,81,81,81,35,35,35,35,202,:10,7,8,9,4,2,6,5,1,0,
demand: 738:247,247,247,247,247,130,:2,4,1,6,3,8,
demand: 786:191,191,191,191,191,191,71,71,71,:1,4,3,10,8,5,9,2,6,
demand: 42:35,35,35,215,128,108,:9,8,5,7,0,0,
demand: 2:200,200,200,200,102,:8,4,2,9,3,
demand: 99:50,54,54,54,54,246,:10,1,6,5,8,7,
demand: 220:54,168,:4,8,
demand: 876:215,215,215,239,:10,9,1,0,
demand: 810:145,84,84,84,210,210,:0,6,7,4,8,1,
demand: 883:70,9,9,9,9,180,180,180,:0,8,10,2,3,1,6,5,
demand: 193:20,52,52,52,52,49,49,:0,10,8,5,4,3,2,
demand: 87:160,186,186,186,186,5,5,5,5,127,:0,5,1,3,8,4,7,10,9,0,
demand: 808:144,144,144,223,223,223,83,83,120,:8,4,2,3,1,6,7,9,0,
Average Delay: 2.7244897959183674
Runtime (mS): 182034Acceptation rate: 0.98