demand: 753:133,133,133,133,41,41,106,106,106,106,:3,8,10,6,7,2,1,5,4,9,
demand: 17:82,82,82,82,85,85,85,20,:1,10,7,6,2,5,4,8,
demand: 909:141,141,141,141,230,4,4,4,4,56,:10,2,3,4,8,9,6,7,1,0,
demand: 981:164,164,164,51,51,207,:6,5,8,9,4,0,
demand: 653:221,221,221,132,132,93,:8,1,4,9,2,0,
demand: 194:70,70,70,70,48,48,48,149,:1,7,8,9,6,5,4,0,
demand: 315:128,128,128,197,:3,6,2,9,
demand: 725:137,137,137,137,76,76,76,76,185,185,110,:3,6,8,10,2,7,1,4,9,5,0,
demand: 97:172,172,172,172,172,14,14,:7,4,3,8,1,5,6,
demand: 379:1,24,24,24,24,140,140,:3,9,6,2,10,1,7,
demand: 748:180,180,13,13,13,121,:5,8,6,4,9,10,
demand: 636:231,106,117,:8,5,0,
demand: 776:139,139,139,139,2,2,118,118,:9,6,2,4,1,3,5,8,
demand: 61:234,234,234,20,57,:1,10,6,0,0,
demand: 995:178,178,178,178,28,:1,4,6,8,5,
demand: 81:240,240,240,240,240,240,158,158,:9,8,4,10,5,2,1,6,
demand: 449:209,209,40,40,40,194,:5,3,1,2,6,7,
demand: 411:197,197,197,197,122,:4,7,5,6,0,
demand: 478:152,152,152,152,42,42,42,79,:7,1,5,3,6,9,2,0,
demand: 441:194,35,35,35,35,35,184,184,184,184,:0,9,1,8,5,10,3,2,6,7,
demand: 369:109,117,117,117,117,208,208,:4,5,3,8,1,6,10,
demand: 425:127,127,222,222,222,222,79,79,79,79,:3,10,5,9,6,8,4,2,7,1,
demand: 294:93,93,93,93,145,:5,9,4,7,10,
demand: 15:177,177,177,177,4,4,224,224,224,:9,2,4,6,10,1,8,3,5,
demand: 577:53,53,53,53,122,122,186,:9,8,1,10,7,6,0,
demand: 330:243,243,243,243,140,140,:1,9,8,3,2,7,
demand: 533:78,15,52,:0,7,0,
demand: 679:18,15,15,15,15,213,213,:3,10,7,4,1,9,6,
demand: 108:114,114,114,114,22,22,80,80,:7,6,9,2,10,5,8,1,
demand: 806:160,160,160,160,186,186,136,136,136,:7,3,2,8,1,10,6,5,9,
demand: 613:250,250,250,250,25,25,25,104,:6,9,1,3,5,10,4,0,
demand: 867:106,106,182,182,182,49,49,49,:6,7,4,8,9,5,3,1,
demand: 254:138,138,138,138,27,:10,6,2,3,4,
demand: 796:171,171,171,171,3,3,238,238,238,:9,6,4,8,7,2,1,10,5,
demand: 896:103,103,103,103,103,55,55,55,55,80,:5,9,6,2,1,8,10,7,3,4,
demand: 120:18,36,36,36,36,66,66,66,:4,8,3,7,5,9,6,2,
demand: 146:208,34,34,34,34,34,114,114,114,114,114,:0,7,3,9,4,1,5,8,2,10,6,
demand: 864:171,158,240,240,240,:0,7,3,8,1,
demand: 762:61,61,61,61,27,27,27,141,:10,2,6,8,1,5,9,0,
demand: 965:100,100,100,100,170,170,170,170,173,173,55,:7,3,10,2,4,6,9,8,1,5,0,
demand: 463:210,210,111,111,111,183,183,183,183,113,:9,10,3,1,2,6,7,4,8,5,
demand: 451:223,223,223,223,11,11,208,:1,10,3,6,8,4,0,
demand: 438:176,176,176,176,144,144,144,144,:3,9,1,8,5,7,10,6,
demand: 905:25,25,134,134,134,:6,2,7,4,8,
demand: 114:62,3,238,:8,0,0,
demand: 633:70,70,44,44,189,:5,7,10,6,0,
demand: 400:213,213,188,:5,3,0,
demand: 104:86,86,86,57,:7,3,9,0,
demand: 139:99,99,99,99,63,:7,3,10,9,0,
demand: 565:85,30,30,30,30,30,62,62,62,:6,7,4,8,3,9,5,2,1,
demand: 655:73,73,51,51,51,51,9,9,9,9,:4,8,2,3,6,9,10,5,7,1,
demand: 549:116,116,116,116,8,8,205,:7,2,10,9,4,3,0,
demand: 412:133,17,17,56,56,42,230,:0,9,4,8,6,0,0,
demand: 611:52,52,52,52,52,31,31,31,31,31,11,:9,3,6,2,4,1,10,7,8,5,0,
demand: 2:4,98,98,98,98,167,167,167,167,129,:0,1,7,8,6,3,10,4,9,0,
demand: 452:162,106,38,110,:5,0,0,0,
demand: 649:187,187,187,112,:2,8,7,0,
demand: 229:182,109,38,227,:6,0,0,0,
demand: 701:178,178,178,30,:5,1,10,0,
demand: 223:116,189,189,44,:7,3,5,0,
demand: 150:86,86,232,:4,6,0,
demand: 118:71,156,:9,0,
demand: 221:105,105,105,9,9,65,:2,5,7,3,6,0,
demand: 516:65,8,27,:10,8,0,
demand: 474:110,38,96,:10,0,0,
demand: 886:99,133,:1,0,
demand: 348:99,99,99,38,38,38,96,:5,1,9,8,7,3,2,
demand: 362:27,35,35,35,35,215,215,215,215,142,:0,6,1,5,2,8,9,3,7,10,
demand: 589:76,122,122,122,122,175,:1,3,5,10,2,4,
demand: 371:241,241,16,16,16,42,42,42,126,126,:10,8,5,4,7,1,2,3,6,9,
demand: 445:48,185,185,38,38,38,104,104,:4,3,6,5,1,9,2,10,
demand: 927:136,239,:8,0,
demand: 42:160,186,186,186,186,83,83,83,:0,4,3,5,7,9,1,8,
demand: 402:233,233,12,8,:3,6,2,0,
demand: 752:243,39,39,39,2,:0,6,10,5,0,
demand: 638:189,189,189,96,96,:6,4,2,10,1,
demand: 858:75,75,99,133,:5,10,0,0,
demand: 674:206,206,206,206,81,81,81,81,104,:4,7,1,8,3,6,10,9,0,
demand: 58:29,3,3,3,3,238,:5,9,6,3,2,8,
demand: 135:19,19,19,19,19,6,6,6,6,57,:5,1,2,7,9,6,4,10,3,0,
demand: 233:143,143,143,41,41,41,38,173,173,173,:10,2,4,3,1,9,6,7,8,5,
demand: 640:45,45,45,35,35,197,197,197,197,93,:7,9,4,5,8,1,2,6,3,0,
demand: 652:3,56,56,56,17,17,110,:0,10,2,3,4,9,0,
demand: 83:161,161,46,46,46,46,81,81,81,81,:5,1,2,8,3,4,7,10,6,9,
demand: 473:23,11,169,:6,0,0,
demand: 724:114,114,56,48,74,74,44,70,:6,3,10,9,7,4,8,0,
demand: 49:73,90,90,90,158,:0,5,10,3,0,
demand: 46:225,225,225,225,225,10,10,10,149,:5,7,9,4,3,6,8,1,10,
demand: 381:189,89,89,89,89,:0,10,9,1,4,
demand: 744:123,123,123,123,10,10,55,:10,5,8,3,2,9,7,
demand: 621:21,21,21,15,28,:1,3,8,0,0,
demand: 319:249,249,249,21,192,:5,3,6,9,10,
demand: 186:194,164,164,164,164,234,234,234,104,:6,3,7,9,10,1,2,5,0,
demand: 242:242,242,242,242,7,7,7,145,:7,1,2,4,5,6,8,3,
demand: 280:186,186,186,135,135,135,160,176,:4,9,2,10,8,1,0,0,
demand: 37:194,197,197,197,244,:6,3,9,5,0,
demand: 340:214,47,47,9,:4,7,3,0,
demand: 382:224,64,64,64,189,:0,8,9,4,0,
demand: 506:206,122,122,122,122,205,205,:0,4,1,8,5,9,3,
demand: 134:181,17,120,:8,0,0,
demand: 971:108,108,108,110,155,155,155,173,76,:10,6,9,5,3,4,8,0,0,
demand: 888:149,149,149,149,96,:9,5,2,3,6,
demand: 879:119,130,130,130,:9,7,2,6,
demand: 765:133,68,68,68,68,32,32,32,32,216,216,:0,7,8,10,3,1,9,5,6,4,2,
demand: 127:15,159,159,159,:0,8,1,9,
demand: 846:220,125,:8,0,
demand: 322:144,144,54,:6,1,0,
demand: 810:37,37,37,122,122,205,:1,10,3,8,5,0,
demand: 238:143,227,227,227,:3,10,9,5,
demand: 986:22,128,132,132,132,250,:0,10,5,4,8,9,
demand: 305:64,202,:0,8,
demand: 138:181,149,149,149,:3,2,6,7,
demand: 265:250,71,71,71,156,156,37,:2,4,6,8,10,7,0,
demand: 772:181,5,5,139,:0,5,6,0,
demand: 491:119,151,151,151,222,222,79,122,:0,8,7,6,3,4,0,0,
demand: 314:53,53,72,72,:6,1,4,5,
demand: 856:99,112,112,112,112,103,103,:9,6,7,5,3,10,4,
demand: 226:81,46,46,46,46,246,246,:2,3,6,4,1,5,8,
demand: 620:155,83,83,186,:0,8,3,5,
demand: 80:116,33,33,33,33,:0,9,1,4,7,
demand: 143:178,178,14,150,150,150,:10,8,2,5,1,6,
demand: 258:11,46,46,47,47,:0,8,9,1,3,
demand: 975:78,200,:3,4,
demand: 852:231,201,201,201,201,69,69,69,69,230,:0,9,7,2,4,10,3,8,5,0,
demand: 819:38,38,95,:6,10,5,
demand: 289:17,165,165,48,43,89,:0,3,5,0,0,0,
demand: 498:50,50,50,50,92,92,:2,6,3,1,10,5,
demand: 408:200,200,200,200,200,200,134,134,134,:8,5,7,1,6,10,3,4,9,
demand: 72:159,28,28,116,:3,4,5,0,
demand: 955:68,68,68,68,191,191,191,191,:3,5,2,4,10,7,1,9,
demand: 615:11,58,58,58,58,212,212,:0,4,7,3,8,9,2,
demand: 101:192,175,:10,0,
demand: 680:211,211,211,211,54,54,54,140,:4,10,5,3,6,7,1,0,
demand: 937:112,112,5,5,5,139,139,139,139,13,:1,5,6,7,10,4,3,2,8,9,
demand: 1000:134,134,134,23,23,23,226,226,226,226,:10,8,7,2,3,4,9,6,5,1,
demand: 814:215,211,:5,0,
demand: 555:50,20,49,:5,0,0,
demand: 520:221,73,:4,0,
demand: 829:56,12,12,45,:0,9,1,0,
demand: 851:82,77,241,:1,8,0,
demand: 793:208,34,34,34,34,219,219,:0,2,4,9,8,6,10,
demand: 92:56,56,52,52,13,:10,1,8,6,0,
demand: 607:7,211,211,211,54,54,64,:0,7,5,3,2,10,0,
demand: 697:151,151,87,87,:5,4,8,10,
demand: 199:48,146,146,146,146,146,212,212,212,212,212,:0,4,1,9,8,7,5,2,10,6,3,
demand: 892:53,129,129,129,167,167,167,141,113,:1,3,2,9,4,6,10,7,5,
demand: 773:187,75,75,234,:0,3,8,0,
demand: 18:80,63,63,63,63,93,93,:0,7,1,3,5,8,6,
demand: 676:5,135,135,36,36,:3,4,9,1,6,
demand: 619:142,220,220,220,220,125,125,125,125,49,:0,3,5,8,10,9,7,1,4,0,
demand: 787:110,179,179,179,79,79,79,143,:0,1,2,4,7,5,3,0,
demand: 497:250,107,107,107,107,97,97,:0,3,5,7,8,4,10,
demand: 133:64,54,246,:0,3,0,
demand: 845:110,12,12,236,236,:0,5,7,10,2,
demand: 164:129,167,167,97,:10,7,1,0,
demand: 707:228,228,12,12,233,233,126,:8,1,9,2,3,6,0,
demand: 877:153,8,50,:5,0,0,
demand: 966:169,169,169,169,121,121,121,87,:6,3,5,7,8,2,9,1,
demand: 899:33,52,56,:0,3,0,
demand: 140:207,207,207,207,207,43,43,43,28,28,:7,9,8,5,6,10,2,3,1,4,
demand: 673:152,188,:3,9,
demand: 349:22,67,67,67,99,:1,3,9,2,0,
demand: 207:182,182,182,182,182,120,120,:3,6,4,1,2,10,7,
demand: 102:171,171,168,168,168,239,239,239,239,187,:1,10,3,5,2,9,6,8,4,0,
demand: 182:97,191,191,191,191,146,146,146,146,10,:0,3,1,4,2,7,8,10,6,9,
demand: 416:114,131,131,131,116,:0,1,8,5,0,
demand: 872:71,156,156,187,:0,10,9,0,
demand: 718:167,94,94,94,204,204,204,61,:7,4,9,3,10,2,6,0,
demand: 252:217,217,217,217,120,120,120,120,182,182,181,:3,9,2,5,4,6,10,7,8,1,0,
demand: 768:7,239,239,239,168,168,186,:0,3,4,8,9,2,0,
demand: 386:178,74,74,44,44,43,233,:0,4,2,6,9,0,0,
demand: 632:186,135,160,225,:0,2,0,0,
demand: 329:27,138,138,138,26,:0,1,2,9,3,
demand: 99:127,102,102,16,:7,5,8,0,
demand: 817:96,200,:0,10,
demand: 881:121,40,40,40,122,:0,8,3,6,0,
demand: 239:44,125,220,220,220,62,:0,1,9,2,10,0,
demand: 890:107,107,189,116,:7,5,0,0,
demand: 732:61,91,91,91,23,:0,7,4,1,0,
demand: 593:7,211,211,211,65,:2,10,5,1,6,
demand: 918:152,131,131,131,209,:0,2,4,1,0,
demand: 304:226,226,138,138,101,101,101,23,:10,9,4,2,8,1,5,0,
demand: 446:108,102,102,204,:1,10,8,9,
demand: 730:230,69,69,69,69,201,201,201,201,141,:5,2,1,4,7,8,10,6,3,0,
demand: 884:160,153,153,153,153,:0,1,10,6,4,
demand: 891:246,87,:3,0,
demand: 418:221,221,163,163,215,:10,2,8,3,7,
demand: 782:179,179,153,153,153,8,:8,2,7,10,5,3,
demand: 63:201,137,137,137,135,:3,5,8,10,2,
demand: 282:173,183,183,183,177,:0,4,7,8,0,
demand: 595:43,39,243,:7,6,0,
demand: 467:4,164,164,164,218,218,218,151,:0,6,9,2,1,5,10,0,
demand: 803:113,183,183,183,236,:0,7,4,8,0,
demand: 720:31,165,165,165,165,147,147,147,147,120,:0,5,3,10,4,7,9,8,1,0,
demand: 740:94,94,94,6,247,:4,2,7,5,0,
demand: 783:168,60,60,60,60,188,188,188,:0,10,2,3,1,8,4,6,
Average Delay: 3.0267379679144386
Runtime (mS): 1075329Acceptation rate: 0.935