demand: 119:64,64,64,64,46,46,46,46,11,:8,9,2,6,10,7,1,3,0,
demand: 321:73,73,73,73,35,:8,9,5,3,0,
demand: 12:59,59,59,59,92,:4,9,6,7,1,
demand: 920:15,15,15,15,17,17,21,:2,3,6,9,4,7,0,
demand: 68:15,45,45,45,45,63,63,63,31,:10,3,6,5,1,4,7,8,0,
demand: 836:75,75,75,75,75,88,88,88,36,36,:5,1,7,10,3,2,6,4,8,9,
demand: 67:70,70,70,70,93,:7,9,4,10,6,
demand: 787:51,51,51,46,20,36,:10,4,2,9,6,0,
demand: 881:50,50,11,11,11,11,62,62,62,:4,1,9,10,6,2,7,5,3,
demand: 497:7,7,7,7,61,61,:4,6,7,2,5,1,
demand: 205:80,80,80,19,:7,3,1,0,
demand: 158:80,80,80,80,1,1,1,70,:9,3,6,8,5,7,10,0,
demand: 651:37,37,1,32,:5,8,0,0,
demand: 906:88,75,75,75,97,:0,8,2,5,3,
demand: 949:84,6,:5,0,
demand: 889:68,68,68,68,82,:6,4,7,2,0,
demand: 381:96,96,93,:6,2,5,
demand: 3:64,64,64,64,6,6,6,6,26,:10,4,2,6,5,1,9,7,0,
demand: 583:61,61,61,61,61,14,:9,3,6,8,5,4,
demand: 277:10,10,8,:5,10,0,
demand: 966:44,44,44,4,4,7,:9,8,2,7,6,0,
demand: 662:47,47,47,47,30,:8,5,4,10,7,
demand: 60:17,17,17,17,39,39,39,39,53,53,46,:8,7,1,5,2,10,6,9,3,4,0,
demand: 841:43,43,42,:3,7,0,
demand: 186:12,12,12,17,17,94,:6,4,3,9,5,0,
demand: 305:12,12,12,83,:6,7,8,0,
demand: 477:92,92,92,86,86,6,30,:2,10,5,6,7,0,0,
demand: 132:90,23,23,23,48,48,48,:0,10,6,2,8,9,4,
demand: 987:79,79,31,31,31,:7,4,9,3,5,
demand: 297:40,40,74,74,74,30,30,30,:10,3,8,1,2,9,7,4,
demand: 631:76,85,:5,0,
demand: 846:87,87,63,39,59,:7,3,0,0,0,
demand: 831:51,51,51,20,20,20,36,36,36,45,80,:2,8,7,5,1,10,9,4,6,3,0,
demand: 919:66,17,12,:10,0,0,
demand: 276:4,6,60,15,:7,0,0,0,
demand: 424:76,76,17,:2,9,0,
demand: 580:87,51,:2,0,
demand: 288:52,26,:4,0,
demand: 463:82,82,82,82,100,:6,2,10,7,3,
demand: 421:64,64,64,64,47,:10,7,8,3,0,
demand: 844:26,6,6,60,46,:4,3,6,0,0,
demand: 16:11,2,2,2,2,22,22,:8,7,5,2,3,6,1,
demand: 952:27,27,27,27,5,:3,1,10,2,0,
demand: 283:81,90,:10,0,
demand: 993:47,17,39,23,:6,3,0,0,
demand: 443:42,42,4,4,4,43,43,:6,5,8,10,4,7,1,
demand: 963:58,58,61,:6,8,0,
demand: 147:61,61,61,61,47,:9,8,2,10,0,
demand: 652:50,16,16,16,16,:5,4,7,1,9,
demand: 202:46,38,38,38,34,63,:0,8,2,3,9,0,
demand: 893:20,20,20,51,51,51,18,:6,9,3,2,1,8,10,
demand: 968:5,5,5,31,31,39,38,:6,10,9,3,2,0,0,
demand: 433:19,19,19,19,55,55,55,55,:7,1,9,3,2,4,5,8,
demand: 503:61,61,61,22,83,83,:9,10,6,4,1,8,
demand: 854:1,1,1,1,32,32,32,32,72,:3,9,8,2,5,6,1,4,0,
demand: 179:43,33,33,33,33,33,:1,2,8,3,5,4,
demand: 11:70,73,73,73,49,49,:0,3,1,8,5,9,
demand: 338:64,2,2,2,87,:9,3,5,4,0,
demand: 336:23,23,23,23,48,48,33,33,:2,7,9,5,6,10,4,8,
demand: 644:55,1,1,1,1,1,56,56,56,:5,10,7,3,1,8,9,4,2,
demand: 74:68,68,68,68,68,10,10,10,10,8,:6,1,4,5,8,2,10,7,3,0,
demand: 954:95,95,35,35,35,35,17,17,17,17,:3,4,5,8,1,9,6,10,7,2,
demand: 38:94,94,94,94,14,14,14,10,:3,7,2,5,8,4,10,0,
demand: 237:54,54,54,2,2,2,15,:5,1,4,6,7,2,0,
demand: 640:29,29,29,29,29,52,:5,1,8,4,10,7,
demand: 694:60,60,60,60,45,45,45,30,:4,5,3,10,9,1,2,6,
demand: 269:29,33,33,33,64,:0,1,2,8,0,
demand: 590:65,65,76,:8,1,0,
demand: 58:48,48,53,53,39,:5,9,8,4,0,
demand: 162:87,75,75,75,75,97,97,97,97,63,63,:0,4,6,10,3,9,7,5,8,2,1,
demand: 347:12,12,12,12,12,84,:3,5,2,7,10,1,
demand: 208:28,49,49,49,49,34,34,34,:7,4,6,10,8,3,2,1,
demand: 19:99,99,1,84,:4,1,0,0,
demand: 373:72,72,72,72,72,62,62,62,62,62,88,:7,4,1,3,9,5,8,10,2,6,0,
demand: 950:92,18,18,18,81,81,81,28,:0,4,5,7,3,6,10,2,
demand: 99:65,65,82,82,68,:5,4,7,6,0,
demand: 377:25,25,25,13,13,37,37,:4,5,8,2,6,3,10,
demand: 438:94,94,94,47,21,:9,2,3,7,0,
demand: 579:23,82,:7,0,
demand: 335:87,56,56,56,56,67,67,67,67,2,:6,1,7,5,8,3,4,2,9,0,
demand: 166:94,94,94,94,36,:5,10,3,6,0,
demand: 470:82,82,82,82,51,51,75,:9,8,10,3,6,7,2,
demand: 157:67,13,:10,0,
demand: 673:16,72,72,72,72,72,35,35,35,35,35,:0,10,3,1,6,5,9,7,4,2,8,
demand: 10:68,4,4,4,4,97,:6,10,2,3,1,5,
demand: 883:77,77,77,77,77,66,66,66,66,97,:8,10,1,5,9,4,2,6,7,3,
demand: 774:80,13,13,13,58,:10,2,3,1,8,
demand: 505:31,60,60,20,:5,7,8,0,
demand: 882:28,23,23,23,53,53,:0,10,5,8,6,4,
demand: 182:63,5,62,62,62,88,:0,7,3,6,8,2,
demand: 811:39,72,72,72,:0,8,9,10,
demand: 772:69,69,69,69,67,:10,9,6,3,0,
demand: 550:99,56,56,56,67,:6,7,4,9,0,
demand: 227:35,35,35,48,:2,3,7,10,
demand: 816:73,91,:0,8,
demand: 311:77,71,71,71,71,89,89,89,89,:0,1,10,4,7,9,3,8,5,
demand: 469:98,98,15,:8,6,0,
demand: 684:14,71,71,71,89,89,89,26,:0,2,1,4,7,3,9,0,
demand: 73:14,23,23,23,19,19,99,:0,1,7,5,4,3,10,
demand: 586:61,9,9,9,16,:10,6,1,7,0,
demand: 705:78,78,78,78,25,25,18,:10,4,8,6,9,5,1,
demand: 740:19,9,9,9,12,:0,10,9,7,3,
demand: 486:75,51,86,29,74,74,36,:0,10,2,9,6,8,3,
demand: 731:50,38,:0,6,
demand: 730:52,52,98,98,98,83,83,83,:7,4,1,6,2,8,3,5,
demand: 238:9,9,8,8,8,21,21,:6,8,3,10,2,7,5,
demand: 233:65,60,60,30,30,63,:0,3,6,10,9,0,
demand: 394:34,34,91,91,91,41,41,:5,10,7,9,3,4,8,
demand: 809:92,57,57,57,71,71,71,58,:0,1,4,10,7,8,9,0,
demand: 745:56,3,3,3,20,:3,10,2,9,0,
demand: 820:4,34,:4,0,
demand: 313:47,21,75,:0,1,0,
demand: 25:98,44,24,24,24,25,:9,4,7,8,1,0,
demand: 131:82,82,93,93,93,43,43,:2,4,8,7,9,3,10,
demand: 755:32,32,1,97,:7,3,2,0,
demand: 852:91,16,:5,0,
demand: 170:95,8,8,8,100,20,:0,10,9,1,8,0,
demand: 527:91,41,41,44,84,:8,10,1,2,0,
demand: 278:31,21,21,21,21,24,24,24,59,:0,8,1,3,5,2,9,10,4,
demand: 24:26,53,53,16,:0,6,2,0,
demand: 181:96,62,62,55,93,:0,6,5,4,1,
demand: 308:44,81,81,81,1,:5,1,3,6,0,
demand: 97:83,2,51,:0,1,0,
demand: 291:95,17,94,94,11,:0,9,7,8,0,
demand: 513:75,57,57,71,58,:0,5,7,6,0,
demand: 701:29,76,76,76,39,:0,5,3,8,0,
demand: 287:94,54,54,89,20,:0,5,3,1,0,
demand: 144:80,100,85,85,27,:0,5,9,2,0,
Average Delay: 2.9344262295081966
Runtime (mS): 84725Acceptation rate: 0.7176470588235294