demand: 119:64,64,64,64,46,46,46,46,11,:8,9,2,6,10,7,1,3,0,
demand: 321:73,73,73,73,35,:8,9,5,3,0,
demand: 12:59,59,59,59,92,:4,9,6,7,1,
demand: 920:15,15,15,15,17,17,21,:2,3,6,9,4,7,0,
demand: 68:15,45,45,45,45,63,63,63,31,:10,3,6,5,1,4,7,8,0,
demand: 836:75,75,75,75,75,88,88,88,36,36,:5,1,7,10,3,2,6,4,8,9,
demand: 790:88,14,:3,10,
demand: 250:43,43,43,36,36,36,20,64,:10,1,3,4,2,9,6,0,
demand: 834:23,23,23,39,39,17,17,70,:8,2,1,10,7,4,5,0,
demand: 980:46,46,92,92,51,51,59,59,:1,5,10,2,8,9,3,4,
demand: 95:26,34,34,31,:0,8,4,0,
demand: 570:51,51,51,51,51,64,64,64,64,64,59,:10,4,6,9,5,3,1,8,2,7,0,
demand: 25:55,55,55,55,2,2,:2,7,6,8,9,1,
demand: 960:58,58,58,1,99,:2,9,8,10,0,
demand: 399:10,10,10,10,24,24,67,67,67,67,:7,3,8,10,4,1,6,5,2,9,
demand: 624:43,43,43,6,6,86,86,86,92,:1,7,3,2,6,9,8,4,0,
demand: 4:46,2,2,2,2,67,67,67,:0,9,7,4,6,3,1,2,
demand: 794:92,68,68,68,68,68,37,37,37,37,37,:0,8,1,5,4,10,2,9,6,3,7,
demand: 270:92,36,20,20,20,64,64,64,80,:0,0,10,5,7,6,8,9,0,
demand: 263:36,45,45,45,53,75,:0,1,6,3,9,0,
demand: 379:78,78,78,78,76,:7,8,1,9,4,
demand: 14:72,72,72,6,6,96,:5,6,9,7,10,0,
demand: 23:6,60,60,60,67,:4,10,2,9,0,
demand: 694:51,51,51,51,51,77,:1,9,8,2,7,4,
demand: 344:42,74,74,74,29,29,86,:4,1,3,5,9,6,0,
demand: 188:48,48,48,48,31,31,31,31,83,:2,4,8,5,9,6,7,10,0,
demand: 599:16,16,16,16,16,57,57,:3,10,1,4,9,6,5,
demand: 929:99,99,99,30,43,:3,2,10,0,0,
demand: 346:34,100,:0,4,
demand: 581:17,17,17,27,4,:10,3,7,0,0,
demand: 847:70,70,70,70,1,1,1,81,:5,10,1,7,9,8,2,0,
demand: 45:42,13,13,13,25,25,:0,2,3,1,6,10,
demand: 476:82,82,82,82,82,100,:10,2,3,6,1,8,
demand: 325:35,35,35,35,35,68,:7,2,6,8,4,3,
demand: 779:23,23,23,23,23,29,29,29,29,74,:4,10,6,1,2,9,8,7,3,0,
demand: 868:77,77,77,77,52,52,33,33,33,:1,10,2,5,4,7,3,9,6,
demand: 505:47,47,47,47,7,7,50,50,50,:1,4,5,8,2,7,3,6,9,
demand: 702:46,2,2,2,2,2,98,98,98,98,:0,8,7,5,9,10,2,1,3,4,
demand: 30:22,22,22,23,:6,8,3,0,
demand: 550:26,30,30,30,:5,7,1,10,
demand: 417:63,63,63,49,49,49,73,50,:1,5,10,2,9,8,3,0,
demand: 241:29,29,1,1,1,62,62,62,:7,8,4,9,10,6,2,5,
demand: 924:8,100,:3,0,
demand: 123:63,74,74,74,74,30,30,30,30,3,3,:0,5,2,1,6,9,10,8,7,4,3,
demand: 392:33,33,33,33,33,33,19,19,:4,8,3,7,2,1,5,9,
demand: 84:87,87,87,2,15,:10,5,9,8,0,
demand: 668:13,13,13,49,49,:1,9,7,8,5,
demand: 253:52,52,52,23,23,19,19,19,19,43,:7,6,3,5,9,2,1,8,4,0,
demand: 311:58,52,33,33,:0,0,10,3,
demand: 743:63,11,11,11,11,62,62,62,:0,6,5,8,4,2,7,9,
demand: 880:27,27,4,4,4,89,:4,2,1,5,8,6,
demand: 632:97,97,97,97,8,8,8,59,:1,2,9,8,5,4,7,0,
demand: 805:45,18,18,18,96,96,:0,2,10,1,7,4,
demand: 785:42,1,1,1,1,28,28,:0,3,10,9,2,4,6,
demand: 21:20,20,53,13,:9,7,1,0,
demand: 351:21,21,47,94,:8,1,0,0,
demand: 628:88,75,75,75,75,41,41,:0,7,10,4,3,6,1,
demand: 468:17,17,17,17,38,38,38,38,34,34,63,59,:2,5,6,8,4,10,7,1,9,3,0,0,
demand: 69:48,14,14,14,14,9,9,:0,2,10,7,9,1,6,
demand: 921:83,83,83,83,75,75,6,:4,1,8,7,3,5,0,
demand: 24:81,81,81,81,56,:4,8,6,9,0,
demand: 876:55,80,80,80,80,9,9,9,:4,2,7,10,9,6,3,1,
demand: 173:92,35,35,35,35,35,73,73,73,:5,9,2,10,7,1,3,6,4,
demand: 765:78,78,12,12,12,25,25,:3,9,4,6,8,7,10,
demand: 131:93,93,27,:9,4,0,
demand: 279:84,84,89,89,89,4,4,4,4,100,:4,3,9,1,10,7,8,6,5,0,
demand: 142:67,4,4,:0,10,5,
demand: 602:11,2,68,68,68,37,:0,2,4,6,9,0,
demand: 1000:1,1,80,80,80,93,93,:7,6,9,1,10,2,3,
demand: 94:22,53,53,53,53,75,75,75,75,40,:2,3,8,4,5,7,10,6,1,0,
demand: 563:3,30,30,30,94,94,94,75,:0,9,5,3,8,4,7,0,
demand: 576:95,1,16,:1,0,0,
demand: 811:35,12,48,:4,7,0,
demand: 360:2,12,12,12,25,25,25,22,:8,6,1,9,5,3,10,0,
demand: 612:88,89,:0,3,
demand: 268:51,51,61,:5,9,0,
demand: 984:99,44,:2,5,
demand: 559:31,89,89,4,4,11,:0,10,9,2,4,3,
demand: 923:79,79,60,60,60,91,91,:1,8,2,10,7,3,9,
demand: 915:44,44,44,44,23,:4,8,9,5,3,
demand: 891:70,14,:3,0,
demand: 451:69,69,69,69,56,56,56,56,71,71,25,:9,8,7,3,4,2,6,5,10,1,0,
demand: 744:26,94,94,94,72,72,72,74,:0,9,6,2,4,3,1,0,
demand: 558:65,36,74,:4,0,0,
demand: 88:65,24,83,:7,2,0,
demand: 490:90,21,21,21,47,44,:0,7,1,5,10,0,
demand: 210:92,68,82,82,82,15,:0,10,2,7,9,0,
demand: 118:18,61,61,61,61,61,94,94,94,94,:7,3,4,5,6,2,10,1,8,9,
demand: 214:87,79,:1,0,
demand: 928:9,9,94,94,61,61,81,:3,8,10,1,7,4,0,
demand: 58:77,66,66,66,5,5,26,:0,8,7,4,1,2,6,
demand: 852:89,12,12,12,67,:0,4,3,2,0,
demand: 553:33,33,41,51,:7,5,4,0,
demand: 943:15,56,56,56,56,82,82,82,82,74,:0,2,6,7,4,1,3,8,10,0,
demand: 892:7,7,7,7,72,72,72,72,61,61,52,:10,8,5,1,9,2,4,6,7,3,0,
demand: 295:23,32,32,32,32,62,62,62,:3,2,9,4,5,1,8,10,
demand: 426:5,71,71,71,71,66,66,:0,4,1,7,8,9,5,
demand: 273:71,71,71,71,8,54,54,54,54,93,:5,3,4,9,8,10,1,6,2,0,
demand: 586:24,21,21,21,68,68,82,:3,7,8,6,1,10,0,
demand: 775:49,18,:6,0,
demand: 394:47,93,:0,10,
demand: 578:46,19,20,:0,6,0,
demand: 150:46,62,62,62,8,:0,10,7,5,0,
demand: 191:35,57,57,53,39,:0,6,1,8,0,
demand: 418:60,60,87,87,54,:1,3,8,6,0,
demand: 245:13,14,14,66,92,:0,6,9,8,0,
demand: 514:15,31,23,72,:0,2,0,0,
demand: 229:4,89,95,97,:0,3,2,0,
demand: 233:93,14,48,:0,9,0,
demand: 195:22,57,57,88,:0,5,9,6,
demand: 919:86,36,60,30,:0,5,0,0,
demand: 114:57,91,91,91,58,30,:10,8,7,1,0,0,
demand: 430:32,32,94,61,63,:3,10,7,8,9,
demand: 501:99,76,76,76,10,10,34,:0,3,9,6,5,7,0,
demand: 40:38,48,:5,10,
demand: 769:62,90,40,40,4,:5,1,3,4,0,
demand: 186:78,76,76,80,:0,5,10,0,
demand: 878:77,74,74,82,82,14,:2,3,5,7,9,0,
demand: 218:76,75,88,86,:10,0,0,0,
demand: 788:91,65,24,:0,8,0,
demand: 645:47,85,85,64,72,:0,10,6,2,8,
demand: 999:36,43,28,1,:0,6,2,0,
demand: 457:100,8,69,:0,9,0,
demand: 350:38,41,79,79,11,:0,3,9,8,0,
demand: 831:78,44,33,3,:0,4,0,0,
demand: 701:35,12,89,:0,7,0,
demand: 488:71,25,62,:1,10,0,
demand: 535:97,39,34,34,49,53,:0,5,3,9,0,0,
demand: 870:56,81,9,:9,0,0,
demand: 698:10,45,22,:0,7,0,
demand: 133:76,28,37,100,:0,6,2,0,
demand: 235:75,18,49,:0,10,0,
demand: 818:21,4,48,:0,7,0,
Average Delay: 3.173228346456693
Runtime (mS): 129440Acceptation rate: 0.635