194, 229, 39, 49, 187, 189, 49, 187, 49, 241, 
35, 39, 187, 189, 243, 21, 185, 49, 39, 249, 47, 249, 39, 187, 189, 169, 244, 177, 35, 170, 
243, 223, 22, 160, 75, 129, 49, 158, 48, 75, 223, 154, 194, 
243, 21, 158, 103, 113, 243, 38, 70, 129, 177, 236, 47, 139, 
187, 69, 218, 174, 152, 224, 
236, 47, 139, 174, 177, 242, 39, 229, 14, 69, 243, 21, 244, 229, 14, 228, 152, 14, 13, 
152, 188, 113, 228, 42, 188, 176, 
14, 42, 227, 184, 69, 218, 58, 39, 42, 242, 
184, 227, 160, 185, 48, 187, 
60, 58, 160, 140, 
166, 70, 75, 205, 8, 48, 27, 188, 205, 158, 103, 65, 205, 42, 166, 117, 200, 65, 2, 
203, 202, 184, 65, 228, 86, 188, 60, 129, 32, 190, 60, 48, 38, 70, 203, 184, 
202, 203, 205, 65, 32, 190, 65, 32, 227, 117, 200, 171, 
188, 60, 190, 32, 202, 27, 246, 86, 203, 205, 27, 202, 32, 190, 117, 169, 202, 27, 246, 86, 231, 175, 
246, 86, 203, 113, 190, 32, 202, 184, 60, 
117, 79, 86, 246, 27, 202, 221, 248, 190, 212, 221, 248, 79, 48, 38, 221, 248, 79, 86, 
248, 221, 86, 246, 105, 48, 187, 
248, 55, 79, 248, 55, 160, 105, 55, 62, 
55, 105, 212, 39, 
105, 212, 17, 92, 133, 212, 105, 55, 92, 17, 212, 133, 92, 27, 41, 3, 122, 
55, 41, 27, 202, 27, 92, 133, 74, 41, 92, 133, 74, 185, 194, 155, 22, 30, 134, 131, 
195, 134, 30, 41, 74, 133, 212, 248, 184, 
134, 30, 41, 134, 230, 
1, 32, 190, 195, 134, 30, 41, 74, 105, 212, 133, 74, 41, 30, 134, 195, 223, 229, 155, 13, 161, 242, 186, 202, 
2, 64, 242, 223, 18, 221, 64, 188, 60, 195, 223, 75, 149, 
223, 195, 201, 242, 186, 207, 242, 186, 207, 242, 161, 186, 207, 186, 189, 
1, 201, 195, 223, 242, 64, 2, 242, 223, 195, 201, 242, 223, 195, 30, 155, 13, 65, 100, 
223, 88, 209, 229, 155, 13, 136, 227, 161, 186, 223, 88, 209, 229, 155, 30, 134, 64, 2, 108, 194, 77, 223, 200, 209, 61, 229, 155, 2, 108, 73, 
1, 108, 194, 77, 195, 201, 44, 133, 74, 41, 44, 213, 
1, 108, 194, 77, 164, 116, 194, 77, 164, 116, 195, 223, 195, 201, 44, 10, 173, 
1, 201, 44, 10, 29, 133, 74, 10, 29, 148, 194, 116, 164, 82, 148, 134, 30, 
2, 10, 44, 82, 148, 194, 116, 164, 82, 148, 10, 15, 
1, 214, 195, 116, 164, 82, 214, 41, 19, 26, 2, 10, 19, 161, 
1, 108, 233, 26, 2, 10, 19, 26, 233, 130, 116, 142, 2, 64, 130, 11, 153, 
1, 214, 142, 2, 26, 233, 130, 116, 142, 132, 194, 116, 142, 132, 19, 12, 132, 19, 12, 132, 31, 
142, 132, 12, 19, 157, 222, 12, 233, 130, 116, 195, 105, 
1, 214, 241, 222, 157, 19, 12, 222, 157, 63, 207, 222, 12, 19, 157, 215, 
1, 172, 241, 214, 142, 2, 22, 142, 241, 84, 22, 63, 207, 241, 84, 30, 41, 71, 
29, 133, 44, 63, 207, 40, 172, 127, 29, 116, 130, 233, 164, 82, 44, 200, 164, 172, 40, 168, 145, 
16, 29, 127, 172, 40, 168, 16, 127, 96, 8, 
1, 29, 127, 16, 106, 
186, 96, 127, 29, 16, 127, 96, 63, 207, 155, 40, 168, 22, 84, 238, 130, 84, 22, 27, 
84, 241, 207, 40, 168, 226, 110, 207, 226, 116, 84, 238, 193, 73, 200, 193, 73, 170, 
84, 54, 
73, 193, 238, 200, 73, 193, 238, 200, 193, 10, 238, 200, 168, 26, 110, 30, 136, 17, 
136, 16, 226, 110, 73, 136, 17, 204, 
136, 183, 44, 200, 238, 136, 73, 110, 32, 
183, 142, 22, 238, 96, 193, 159, 226, 110, 159, 124, 216, 122, 183, 107, 238, 84, 34, 
51, 172, 40, 233, 110, 226, 40, 172, 127, 159, 154, 193, 124, 216, 122, 249, 154, 137, 51, 249, 195, 201, 
249, 154, 137, 107, 147, 107, 161, 18, 2, 9, 122, 127, 
3, 137, 147, 161, 124, 118, 67, 224, 
67, 18, 118, 67, 18, 118, 67, 29, 118, 67, 3, 97, 
3, 67, 118, 18, 241, 53, 161, 147, 53, 161, 107, 23, 
3, 67, 18, 145, 161, 22, 9, 161, 110, 226, 53, 161, 145, 18, 84, 53, 161, 147, 161, 53, 122, 183, 
1, 118, 18, 67, 3, 67, 18, 118, 9, 161, 53, 147, 161, 147, 
53, 147, 18, 118, 9, 161, 163, 156, 
9, 118, 26, 168, 163, 51, 96, 52, 
3, 163, 18, 53, 147, 18, 53, 154, 
demand: 949:243,194,229,39,49,187,189,49,187,49,241,:0,0,0,0,6,19,17,10,20,0,0,
demand: 938:161,35,39,187,189,243,21,185,49,39,249,47,249,39,187,189,169,244,177,35,170,:0,0,0,13,3,2,19,16,1,0,0,17,0,0,20,10,9,5,18,0,0,
demand: 727:240,243,223,22,160,75,129,49,158,48,75,223,154,194,:0,14,0,0,16,15,11,20,9,2,7,0,0,0,
demand: 370:12,243,21,158,103,113,243,38,70,129,177,236,47,139,:0,15,6,20,5,12,14,9,16,18,4,8,13,0,
demand: 982:165,187,69,218,174,152,224,:0,20,11,6,12,19,0,
demand: 947:194,236,47,139,174,177,242,39,229,14,69,243,21,244,229,14,228,152,14,13,:0,14,11,0,6,10,0,0,0,3,17,20,0,18,0,5,19,16,8,0,
demand: 547:42,152,188,113,228,42,188,176,:0,8,7,10,19,6,12,0,
demand: 769:161,14,42,227,184,69,218,58,39,42,242,:0,2,12,16,9,0,15,19,0,6,0,
demand: 664:120,184,227,160,185,48,187,:0,9,17,4,13,14,0,
demand: 81:129,60,58,160,140,:0,16,8,15,0,
demand: 57:216,166,70,75,205,8,48,27,188,205,158,103,65,205,42,166,117,200,65,2,:0,2,4,20,6,0,15,16,1,3,0,14,19,7,11,8,5,0,12,0,
demand: 554:113,203,202,184,65,228,86,188,60,129,32,190,60,48,38,70,203,184,:0,5,6,4,19,11,16,14,13,20,9,2,1,15,0,10,7,0,
demand: 148:238,202,203,205,65,32,190,65,32,227,117,200,171,:0,13,7,11,17,6,16,12,9,15,3,0,0,
demand: 825:57,188,60,190,32,202,27,246,86,203,205,27,202,32,190,117,169,202,27,246,86,231,175,:0,0,15,7,9,17,19,3,12,16,14,5,4,6,18,2,20,11,8,1,10,0,0,
demand: 626:53,246,86,203,113,190,32,202,184,60,:0,7,19,0,20,1,12,16,0,0,
demand: 515:67,117,79,86,246,27,202,221,248,190,212,221,248,79,48,38,221,248,79,86,:0,5,19,1,4,10,16,6,18,9,2,11,14,12,0,20,3,15,7,0,
demand: 924:181,248,221,86,246,105,48,187,:0,0,7,0,18,12,0,0,
demand: 794:240,248,55,79,248,55,160,105,55,62,:0,13,7,8,11,6,20,19,3,0,
demand: 795:239,55,105,212,39,:0,4,15,17,0,
demand: 373:12,105,212,17,92,133,212,105,55,92,17,212,133,92,27,41,3,122,:0,8,1,0,19,7,15,14,0,3,0,13,17,6,2,12,0,0,
demand: 662:83,55,41,27,202,27,92,133,74,41,92,133,74,185,194,155,22,30,134,131,:0,4,12,0,16,0,15,13,19,7,14,5,3,20,9,8,6,11,17,0,
demand: 928:187,195,134,30,41,74,133,212,248,184,:0,10,6,14,15,5,8,0,4,0,
demand: 959:140,134,30,41,134,230,:0,14,11,4,17,0,
demand: 671:36,1,32,190,195,134,30,41,74,105,212,133,74,41,30,134,195,223,229,155,13,161,242,186,202,:0,3,0,16,11,8,18,10,13,2,0,15,4,9,6,17,19,1,0,12,0,0,5,0,0,
demand: 421:51,2,64,242,223,18,221,64,188,60,195,223,75,149,:0,4,19,18,9,0,16,8,0,20,5,13,0,0,
demand: 78:128,223,195,201,242,186,207,242,186,207,242,161,186,207,186,189,:0,13,20,2,10,16,18,5,9,17,11,0,3,15,0,0,
demand: 709:219,1,201,195,223,242,64,2,242,223,195,201,242,223,195,30,155,13,65,100,:0,18,7,11,6,13,12,8,5,17,20,2,4,14,1,16,3,0,0,0,
demand: 329:249,223,88,209,229,155,13,136,227,161,186,223,88,209,229,155,30,134,64,2,108,194,77,223,200,209,61,229,155,2,108,73,:0,14,0,0,0,19,0,0,0,0,12,2,0,0,0,8,1,15,3,20,6,18,17,13,7,0,0,0,9,16,5,0,
demand: 694:237,1,108,194,77,195,201,44,133,74,41,44,213,:0,14,3,18,19,1,13,17,20,0,4,16,0,
demand: 199:92,1,108,194,77,164,116,194,77,164,116,195,223,195,201,44,10,173,:0,10,6,19,8,5,12,13,16,2,7,20,15,0,14,17,18,0,
demand: 588:98,1,201,44,10,29,133,74,10,29,148,194,116,164,82,148,134,30,:0,6,11,8,9,7,10,20,12,1,2,17,5,13,3,16,0,0,
demand: 376:43,2,10,44,82,148,194,116,164,82,148,10,15,:0,15,5,20,3,13,1,11,9,6,2,8,0,
demand: 3:137,1,214,195,116,164,82,214,41,19,26,2,10,19,161,:0,10,5,15,17,13,3,16,20,9,19,8,11,12,0,
demand: 350:49,1,108,233,26,2,10,19,26,233,130,116,142,2,64,130,11,153,:0,14,15,3,12,20,8,6,5,19,16,18,2,11,4,7,0,0,
demand: 663:90,1,214,142,2,26,233,130,116,142,132,194,116,142,132,19,12,132,19,12,132,31,:0,18,5,10,4,17,6,19,11,1,16,20,0,12,8,7,2,9,15,14,3,0,
demand: 31:21,142,132,12,19,157,222,12,233,130,116,195,105,:0,3,0,2,13,19,6,8,18,14,1,0,0,
demand: 579:131,1,214,241,222,157,19,12,222,157,63,207,222,12,19,157,215,:0,1,13,19,16,6,4,0,7,5,2,9,3,17,15,8,0,
demand: 776:134,1,172,241,214,142,2,22,142,241,84,22,63,207,241,84,30,41,71,:0,15,2,5,14,1,10,9,4,17,12,7,19,3,8,18,20,0,0,
demand: 131:81,29,133,44,63,207,40,172,127,29,116,130,233,164,82,44,200,164,172,40,168,145,:0,9,20,14,8,11,12,18,17,7,0,13,15,1,0,10,3,4,6,19,2,0,
demand: 169:126,16,29,127,172,40,168,16,127,96,8,:0,5,12,18,16,9,17,2,6,19,0,
demand: 918:188,1,29,127,16,106,:0,1,14,4,5,0,
demand: 395:203,186,96,127,29,16,127,96,63,207,155,40,168,22,84,238,130,84,22,27,:0,10,16,1,13,11,2,19,12,14,20,6,4,8,3,9,15,17,18,0,
demand: 860:230,84,241,207,40,168,226,110,207,226,116,84,238,193,73,200,193,73,170,:0,14,10,18,0,17,3,5,8,19,20,11,9,7,2,4,12,1,0,
demand: 960:241,84,54,:0,11,0,
demand: 888:200,73,193,238,200,73,193,238,200,193,10,238,200,168,26,110,30,136,17,:0,3,12,11,8,18,4,1,6,17,15,2,7,5,10,9,20,19,0,
demand: 582:34,136,16,226,110,73,136,17,204,:0,6,1,16,19,17,2,0,0,
demand: 390:91,136,183,44,200,238,136,73,110,32,:0,6,2,10,4,0,3,15,1,0,
demand: 417:117,183,142,22,238,96,193,159,226,110,159,124,216,122,183,107,238,84,34,:0,5,15,1,10,13,18,7,4,11,16,19,17,3,6,2,14,0,0,
demand: 447:74,51,172,40,233,110,226,40,172,127,159,154,193,124,216,122,249,154,137,51,249,195,201,:0,3,0,4,20,13,0,11,0,15,18,1,10,14,19,2,12,9,7,17,8,0,0,
demand: 163:93,249,154,137,107,147,107,161,18,2,9,122,127,:0,9,19,2,8,12,7,6,0,20,3,18,0,
demand: 606:102,3,137,147,161,124,118,67,224,:0,17,14,12,13,2,18,4,0,
demand: 150:4,67,18,118,67,18,118,67,29,118,67,3,97,:0,3,16,17,7,11,6,13,20,9,5,0,0,
demand: 677:89,3,67,118,18,241,53,161,147,53,161,107,23,:0,13,3,14,6,10,18,8,12,4,19,0,0,
demand: 58:36,3,67,18,145,161,22,9,161,110,226,53,161,145,18,84,53,161,147,161,53,122,183,:0,19,9,17,0,13,15,6,8,0,10,7,3,0,4,20,16,14,12,0,18,0,0,
demand: 607:14,1,118,18,67,3,67,18,118,9,161,53,147,161,147,:0,15,1,5,3,6,0,17,12,7,8,4,19,11,0,
demand: 688:5,53,147,18,118,9,161,163,156,:0,11,7,16,3,1,8,9,0,
demand: 653:11,9,118,26,168,163,51,96,52,:0,16,19,0,15,17,2,10,0,
demand: 214:97,3,163,18,53,147,18,53,154,:0,18,14,3,19,17,4,12,0,
Average Delay: 14.959183673469388
Runtime (mS): 251098Acceptation rate: 0.98