194, 229, 39, 49, 187, 189, 49, 187, 49, 241, 
35, 39, 187, 189, 243, 21, 185, 49, 39, 249, 47, 249, 39, 187, 189, 169, 244, 177, 35, 170, 
243, 223, 22, 160, 75, 129, 49, 158, 48, 75, 223, 154, 194, 
243, 21, 158, 103, 113, 243, 38, 70, 129, 177, 236, 47, 139, 
187, 69, 218, 174, 152, 224, 
236, 47, 139, 174, 177, 242, 39, 229, 14, 69, 243, 21, 244, 229, 14, 228, 152, 14, 13, 
152, 188, 113, 228, 42, 188, 176, 
14, 42, 227, 184, 69, 218, 58, 39, 42, 242, 
184, 227, 160, 185, 48, 187, 
2, 70, 166, 58, 60, 205, 203, 30, 48, 60, 103, 160, 75, 205, 166, 75, 
205, 42, 129, 200, 65, 13, 136, 227, 205, 203, 202, 148, 
228, 65, 188, 203, 205, 60, 32, 244, 169, 203, 202, 184, 65, 188, 203, 202, 42, 228, 
60, 32, 166, 117, 32, 166, 117, 29, 222, 
65, 32, 117, 190, 32, 117, 190, 32, 202, 42, 119, 
203, 202, 27, 161, 145, 
221, 27, 202, 86, 203, 5, 
65, 88, 217, 
27, 221, 202, 27, 221, 86, 246, 65, 32, 190, 32, 79, 113, 190, 248, 79, 246, 65, 86, 246, 27, 202, 227, 
86, 246, 79, 32, 190, 248, 221, 233, 
79, 246, 105, 55, 221, 27, 246, 86, 92, 55, 248, 79, 105, 3, 178, 
246, 38, 27, 55, 248, 212, 105, 246, 212, 248, 55, 92, 55, 114, 
212, 248, 55, 92, 133, 74, 212, 248, 55, 92, 55, 41, 105, 55, 92, 133, 74, 248, 185, 194, 155, 229, 223, 200, 223, 204, 
1, 134, 55, 92, 133, 74, 41, 134, 133, 70, 151, 
223, 212, 133, 74, 41, 134, 133, 74, 228, 195, 134, 133, 2, 222, 242, 134, 41, 30, 134, 195, 43, 
1, 134, 195, 223, 242, 186, 207, 242, 161, 186, 223, 195, 134, 30, 41, 186, 223, 195, 30, 115, 
1, 201, 195, 223, 186, 41, 30, 134, 242, 222, 2, 64, 242, 134, 30, 48, 
1, 201, 195, 30, 155, 22, 30, 118, 
2, 64, 99, 
186, 223, 195, 201, 163, 
2, 64, 242, 222, 108, 183, 
2, 108, 222, 164, 77, 194, 155, 115, 
1, 201, 155, 30, 108, 222, 164, 77, 194, 32, 
1, 77, 194, 108, 30, 155, 201, 74, 41, 186, 30, 10, 58, 39, 
134, 1, 201, 155, 19, 64, 242, 134, 41, 30, 108, 194, 77, 90, 
186, 10, 29, 148, 194, 130, 242, 194, 130, 233, 186, 30, 108, 49, 
1, 77, 164, 116, 26, 19, 155, 148, 10, 44, 82, 201, 44, 10, 64, 
214, 148, 10, 44, 82, 201, 155, 19, 26, 116, 21, 
214, 148, 82, 164, 77, 12, 233, 130, 194, 148, 214, 230, 
1, 164, 116, 26, 233, 130, 116, 77, 
133, 44, 10, 148, 214, 142, 26, 233, 130, 116, 69, 
1, 164, 116, 26, 233, 180, 
132, 194, 130, 116, 164, 82, 44, 148, 56, 
148, 214, 142, 26, 157, 19, 26, 142, 132, 12, 130, 194, 132, 12, 155, 148, 214, 142, 26, 157, 132, 40, 
155, 19, 157, 142, 132, 12, 132, 157, 26, 82, 201, 177, 
142, 241, 12, 29, 22, 82, 63, 207, 194, 132, 40, 172, 241, 84, 44, 63, 207, 214, 168, 116, 130, 187, 
22, 29, 127, 16, 132, 157, 63, 207, 241, 84, 63, 
22, 29, 127, 44, 82, 164, 172, 241, 84, 157, 63, 207, 164, 172, 40, 168, 16, 132, 40, 172, 241, 20, 
29, 22, 29, 127, 16, 168, 40, 63, 84, 238, 22, 96, 127, 30, 
200, 73, 193, 108, 172, 127, 44, 200, 73, 193, 238, 96, 73, 200, 96, 161, 
22, 238, 96, 73, 200, 73, 193, 73, 200, 96, 238, 193, 127, 168, 187, 
226, 12, 146, 136, 29, 40, 172, 241, 172, 238, 16, 168, 226, 63, 207, 169, 
136, 226, 110, 241, 136, 29, 226, 110, 162, 136, 29, 226, 168, 193, 73, 110, 226, 159, 110, 216, 183, 152, 14, 
183, 172, 168, 159, 124, 216, 122, 183, 233, 130, 249, 209, 200, 209, 136, 124, 107, 246, 
63, 154, 249, 159, 110, 22, 154, 249, 51, 22, 154, 183, 122, 200, 44, 137, 147, 161, 127, 96, 51, 145, 18, 
124, 118, 13, 161, 13, 155, 201, 195, 163, 118, 249, 165, 
51, 137, 154, 23, 107, 147, 161, 9, 118, 238, 22, 114, 
3, 242, 9, 161, 47, 
205, 2, 9, 161, 147, 53, 112, 
241, 18, 67, 53, 161, 213, 
122, 67, 18, 118, 9, 26, 118, 9, 25, 1, 125, 
3, 67, 18, 161, 9, 161, 18, 67, 53, 40, 9, 118, 207, 67, 18, 110, 67, 18, 118, 181, 
67, 53, 161, 193, 127, 44, 
3, 67, 122, 193, 9, 33, 
3, 144, 
163, 118, 9, 25, 18, 53, 161, 147, 53, 67, 3, 112, 
3, 67, 53, 147, 18, 25, 9, 232, 163, 18, 118, 163, 18, 53, 147, 18, 25, 163, 18, 110, 161, 
3, 163, 18, 147, 18, 163, 232, 9, 247, 
3, 163, 232, 9, 25, 18, 147, 53, 161, 227, 162, 145, 162, 227, 161, 53, 147, 220, 
3, 163, 232, 161, 163, 114, 185, 
56, 2, 24, 
66, 67, 
56, 147, 170, 145, 56, 150, 161, 14, 188, 
161, 150, 56, 145, 76, 8, 114, 163, 232, 150, 56, 145, 76, 8, 114, 163, 232, 150, 56, 145, 76, 8, 148, 190, 
66, 114, 8, 76, 145, 182, 
34, 114, 8, 76, 145, 56, 150, 232, 91, 
56, 150, 232, 66, 114, 8, 76, 145, 56, 155, 
114, 8, 76, 145, 76, 154, 
128, 76, 56, 114, 66, 232, 150, 114, 66, 232, 15, 
66, 213, 
170, 150, 232, 66, 213, 66, 114, 56, 114, 80, 
43, 34, 46, 128, 76, 56, 114, 8, 150, 170, 213, 66, 34, 114, 8, 14, 
66, 34, 46, 128, 76, 182, 183, 
66, 232, 66, 213, 66, 34, 40, 
66, 34, 46, 128, 76, 182, 25, 46, 34, 43, 4, 140, 
25, 46, 128, 34, 43, 128, 34, 43, 128, 34, 89, 150, 170, 213, 145, 176, 219, 46, 
242, 3, 128, 43, 46, 215, 
150, 170, 213, 145, 176, 219, 34, 89, 46, 25, 182, 76, 219, 176, 8, 73, 
8, 176, 89, 46, 43, 176, 89, 46, 43, 46, 224, 
46, 25, 182, 128, 34, 89, 46, 219, 176, 89, 150, 170, 213, 25, 182, 128, 176, 89, 176, 8, 176, 43, 195, 228, 
25, 213, 170, 182, 128, 176, 43, 170, 182, 128, 25, 213, 176, 43, 170, 182, 2, 94, 
46, 219, 76, 213, 176, 162, 170, 182, 176, 39, 89, 34, 219, 182, 170, 89, 42, 176, 145, 1, 219, 89, 150, 41, 
170, 43, 176, 162, 219, 34, 125, 
13, 162, 17, 176, 162, 13, 219, 25, 162, 13, 89, 162, 13, 31, 141, 13, 162, 17, 13, 162, 96, 
57, 81, 17, 141, 31, 131, 141, 31, 131, 141, 31, 131, 141, 115, 85, 141, 115, 85, 81, 57, 110, 
11, 115, 85, 81, 57, 31, 131, 141, 115, 85, 81, 57, 115, 85, 131, 11, 115, 61, 86, 
17, 61, 115, 11, 52, 57, 115, 11, 52, 141, 115, 57, 52, 11, 178, 
139, 61, 81, 139, 61, 81, 139, 61, 11, 52, 61, 139, 1, 
139, 11, 141, 85, 81, 139, 52, 141, 11, 245, 239, 156, 111, 85, 197, 7, 81, 180, 7, 
78, 176, 
156, 239, 245, 78, 156, 239, 245, 78, 156, 111, 245, 78, 156, 111, 180, 239, 197, 146, 220, 180, 46, 
146, 220, 180, 239, 197, 146, 220, 245, 111, 180, 239, 197, 146, 220, 78, 163, 239, 
197, 146, 180, 220, 245, 111, 78, 87, 156, 39, 146, 180, 111, 22, 146, 123, 121, 37, 220, 72, 211, 126, 104, 208, 178, 40, 
4, 140, 250, 250, 250, 83, 23, 35, 204, 125, 215, 50, 234, 123, 121, 37, 247, 4, 140, 250, 202, 
5, 62, 237, 80, 234, 123, 121, 37, 247, 4, 140, 250, 4, 97, 
5, 62, 237, 80, 234, 50, 215, 125, 204, 35, 23, 83, 215, 73, 
23, 35, 204, 125, 215, 50, 234, 80, 237, 62, 3, 128, 
4, 247, 37, 121, 123, 234, 80, 237, 62, 5, 126, 104, 208, 178, 54, 28, 179, 36, 95, 198, 179, 36, 184, 69, 
151, 33, 102, 179, 36, 95, 198, 247, 37, 240, 208, 157, 
120, 39, 144, 211, 72, 240, 198, 95, 36, 179, 102, 33, 151, 247, 198, 211, 72, 240, 226, 66, 
4, 247, 198, 240, 235, 178, 54, 28, 240, 72, 234, 125, 87, 39, 144, 125, 23, 83, 215, 237, 239, 
149, 59, 35, 104, 208, 206, 126, 235, 230, 215, 125, 204, 35, 62, 20, 235, 178, 54, 28, 240, 235, 13, 
33, 102, 33, 151, 33, 62, 20, 40, 
68, 209, 39, 144, 210, 209, 28, 71, 231, 59, 35, 153, 50, 231, 239, 
95, 24, 68, 209, 229, 209, 28, 240, 72, 211, 126, 104, 208, 70, 
230, 173, 71, 231, 59, 149, 120, 144, 210, 209, 68, 24, 231, 54, 
157, 5, 126, 206, 80, 171, 36, 45, 178, 234, 
229, 61, 209, 68, 24, 68, 209, 210, 144, 125, 87, 39, 209, 68, 99, 24, 231, 71, 46, 
45, 178, 54, 149, 59, 96, 
99, 229, 50, 153, 35, 171, 153, 71, 28, 
120, 144, 210, 127, 
210, 237, 173, 230, 215, 50, 39, 87, 15, 206, 106, 230, 199, 196, 123, 175, 
196, 123, 88, 
106, 230, 173, 59, 199, 196, 175, 54, 20, 143, 199, 180, 
140, 247, 198, 143, 94, 39, 124, 
199, 225, 95, 167, 149, 106, 206, 126, 120, 143, 115, 
45, 175, 171, 15, 102, 179, 36, 95, 198, 95, 225, 210, 140, 4, 119, 175, 192, 112, 68, 99, 224, 52, 141, 
94, 50, 168, 
119, 224, 99, 101, 94, 39, 209, 224, 127, 
7, 80, 101, 15, 140, 247, 35, 112, 192, 175, 224, 
7, 80, 101, 99, 90, 7, 93, 90, 192, 112, 13, 
121, 93, 119, 225, 199, 98, 138, 33, 98, 138, 95, 167, 196, 240, 28, 240, 182, 
138, 33, 98, 97, 72, 106, 167, 196, 101, 135, 217, 8, 
33, 6, 71, 217, 135, 90, 93, 7, 80, 206, 135, 217, 88, 165, 97, 46, 
112, 68, 99, 217, 88, 165, 97, 91, 112, 192, 246, 
6, 181, 135, 100, 93, 
33, 6, 181, 135, 100, 191, 91, 35, 59, 199, 196, 99, 217, 88, 165, 97, 91, 213, 25, 
151, 191, 175, 72, 97, 165, 88, 209, 88, 217, 88, 165, 97, 165, 88, 135, 100, 191, 67, 53, 
181, 6, 217, 109, 97, 72, 234, 91, 191, 91, 197, 
215, 33, 6, 217, 71, 6, 217, 109, 97, 72, 234, 91, 109, 217, 37, 6, 241, 
231, 71, 6, 71, 231, 71, 217, 109, 62, 88, 223, 198, 
88, 135, 100, 191, 80, 181, 135, 210, 162, 
181, 6, 37, 217, 109, 217, 71, 113, 
241, 20, 62, 88, 135, 191, 100, 91, 109, 97, 91, 23, 6, 191, 135, 88, 125, 87, 37, 109, 157, 
210, 135, 88, 135, 181, 135, 191, 91, 23, 35, 91, 234, 50, 234, 91, 191, 88, 181, 97, 109, 91, 100, 80, 191, 181, 80, 165, 125, 204, 125, 215, 130, 
147, 100, 91, 97, 181, 109, 91, 98, 165, 100, 99, 217, 71, 200, 
88, 191, 140, 181, 90, 100, 165, 106, 149, 165, 191, 88, 181, 80, 165, 88, 191, 181, 91, 100, 173, 71, 165, 106, 7, 93, 90, 181, 88, 191, 181, 80, 165, 80, 181, 88, 62, 20, 149, 191, 181, 80, 165, 100, 173, 191, 181, 80, 165, 191, 165, 100, 80, 20, 62, 165, 100, 93, 7, 181, 121, 
88, 104, 208, 
89, 165, 191, 151, 
55, 100, 165, 106, 181, 99, 217, 99, 181, 61, 90, 181, 99, 217, 126, 
7, 93, 100, 165, 191, 214, 165, 173, 71, 181, 100, 165, 106, 173, 102, 140, 100, 173, 165, 218, 
227, 93, 181, 93, 7, 181, 191, 181, 140, 206, 106, 181, 7, 181, 191, 181, 181, 191, 220, 181, 173, 59, 35, 204, 
149, 106, 181, 140, 167, 106, 7, 93, 7, 72, 234, 
191, 102, 102, 191, 102, 199, 
155, 229, 155, 103, 
149, 206, 106, 149, 225, 149, 225, 95, 167, 167, 95, 225, 39, 209, 
195, 165, 149, 108, 23, 149, 149, 66, 165, 23, 83, 23, 59, 149, 59, 149, 165, 149, 149, 149, 23, 165, 59, 149, 59, 149, 202, 149, 106, 23, 23, demand: 949:243,194,229,39,49,187,189,49,187,49,241,:0,0,0,0,6,19,17,10,20,0,0,
demand: 938:161,35,39,187,189,243,21,185,49,39,249,47,249,39,187,189,169,244,177,35,170,:0,0,0,13,3,2,19,16,1,0,0,17,0,0,20,10,9,5,18,0,0,
demand: 727:240,243,223,22,160,75,129,49,158,48,75,223,154,194,:0,14,0,0,16,15,11,20,9,2,7,0,0,0,
demand: 370:12,243,21,158,103,113,243,38,70,129,177,236,47,139,:0,15,6,20,5,12,14,9,16,18,4,8,13,0,
demand: 982:165,187,69,218,174,152,224,:0,20,11,6,12,19,0,
demand: 947:194,236,47,139,174,177,242,39,229,14,69,243,21,244,229,14,228,152,14,13,:0,14,11,0,6,10,0,0,0,3,17,20,0,18,0,5,19,16,8,0,
demand: 547:42,152,188,113,228,42,188,176,:0,8,7,10,19,6,12,0,
demand: 769:161,14,42,227,184,69,218,58,39,42,242,:0,2,12,16,9,0,15,19,0,6,0,
demand: 664:120,184,227,160,185,48,187,:0,9,17,4,13,14,0,
demand: 296:222,2,70,166,58,60,205,203,30,48,60,103,160,75,205,166,75,:0,0,13,9,17,12,7,16,0,14,8,11,10,20,3,18,0,
demand: 177:117,205,42,129,200,65,13,136,227,205,203,202,148,:0,7,14,20,0,6,0,0,15,18,17,19,0,
demand: 388:97,228,65,188,203,205,60,32,244,169,203,202,184,65,188,203,202,42,228,:0,13,16,11,17,0,1,2,0,20,6,8,4,19,10,7,18,0,0,
demand: 83:209,60,32,166,117,32,166,117,29,222,:0,4,5,1,19,9,10,16,0,0,
demand: 140:171,65,32,117,190,32,117,190,32,202,42,119,:0,8,14,5,7,12,19,3,2,11,0,0,
demand: 445:5,203,202,27,161,145,:0,4,8,12,0,0,
demand: 219:61,221,27,202,86,203,5,:0,14,9,6,12,0,0,
demand: 260:6,65,88,217,:0,15,0,0,
demand: 282:194,27,221,202,27,221,86,246,65,32,190,32,79,113,190,248,79,246,65,86,246,27,202,227,:0,10,3,9,12,4,19,14,13,0,15,2,5,20,8,11,17,1,16,7,18,6,0,0,
demand: 708:64,86,246,79,32,190,248,221,233,:0,15,9,7,0,11,14,5,0,
demand: 825:182,79,246,105,55,221,27,246,86,92,55,248,79,105,3,178,:0,10,8,13,5,14,0,18,2,11,6,7,4,12,0,0,
demand: 760:65,246,38,27,55,248,212,105,246,212,248,55,92,55,114,:0,0,20,16,19,8,13,7,18,5,11,0,12,14,0,
demand: 587:152,212,248,55,92,133,74,212,248,55,92,55,41,105,55,92,133,74,248,185,194,155,229,223,200,223,204,:0,10,0,0,9,8,7,18,0,0,17,2,1,4,0,14,15,11,16,20,13,12,0,6,5,0,0,
demand: 909:45,1,134,55,92,133,74,41,134,133,70,151,:0,12,3,0,14,11,7,5,4,18,20,0,
demand: 594:234,223,212,133,74,41,134,133,74,228,195,134,133,2,222,242,134,41,30,134,195,43,:0,1,2,19,6,3,12,15,16,20,14,11,7,17,18,5,13,9,8,10,4,0,
demand: 209:45,1,134,195,223,242,186,207,242,161,186,223,195,134,30,41,186,223,195,30,115,:0,16,20,13,3,1,5,15,12,0,19,6,2,10,9,18,7,17,4,8,0,
demand: 515:232,1,201,195,223,186,41,30,134,242,222,2,64,242,134,30,48,:0,1,2,12,6,14,20,10,15,16,5,8,19,3,9,0,0,
demand: 45:14,1,201,195,30,155,22,30,118,:0,11,14,12,13,3,7,10,0,
demand: 189:240,2,64,99,:0,7,18,0,
demand: 531:85,186,223,195,201,163,:0,10,8,4,1,0,
demand: 99:56,2,64,242,222,108,183,:0,17,2,1,3,9,0,
demand: 223:240,2,108,222,164,77,194,155,115,:0,3,2,9,7,6,13,8,0,
demand: 847:185,1,201,155,30,108,222,164,77,194,32,:0,4,8,7,15,3,11,1,13,10,0,
demand: 864:145,1,77,194,108,30,155,201,74,41,186,30,10,58,39,:0,11,19,5,4,10,1,16,20,0,14,18,9,0,0,
demand: 267:41,134,1,201,155,19,64,242,134,41,30,108,194,77,90,:0,0,17,0,18,16,9,0,0,0,4,13,12,5,0,
demand: 784:233,186,10,29,148,194,130,242,194,130,233,186,30,108,49,:0,15,6,16,11,5,2,20,7,12,18,1,0,4,0,
demand: 595:67,1,77,164,116,26,19,155,148,10,44,82,201,44,10,64,:0,18,1,20,8,13,2,7,11,9,19,12,14,3,5,0,
demand: 67:168,214,148,10,44,82,201,155,19,26,116,21,:0,3,14,16,8,6,0,11,12,10,5,0,
demand: 237:177,214,148,82,164,77,12,233,130,194,148,214,230,:0,4,8,16,19,11,2,12,10,20,13,9,0,
demand: 999:225,1,164,116,26,233,130,116,77,:0,15,8,2,17,12,13,9,0,
demand: 438:208,133,44,10,148,214,142,26,233,130,116,69,:0,15,1,13,10,18,16,6,2,20,7,0,
demand: 643:217,1,164,116,26,233,180,:0,4,11,0,8,18,0,
demand: 823:111,132,194,130,116,164,82,44,148,56,:0,17,20,13,0,4,1,15,12,0,
demand: 697:8,148,214,142,26,157,19,26,142,132,12,130,194,132,12,155,148,214,142,26,157,132,40,:0,16,11,20,15,6,17,18,4,3,5,2,0,19,7,10,0,8,9,13,12,14,0,
demand: 655:162,155,19,157,142,132,12,132,157,26,82,201,177,:0,1,0,5,2,10,18,0,9,13,12,0,0,
demand: 372:90,142,241,12,29,22,82,63,207,194,132,40,172,241,84,44,63,207,214,168,116,130,187,:0,11,18,14,6,17,20,7,16,15,13,19,2,3,8,1,9,5,4,12,10,0,0,
demand: 474:201,22,29,127,16,132,157,63,207,241,84,63,:0,8,13,5,19,1,15,18,7,12,9,0,
demand: 789:42,22,29,127,44,82,164,172,241,84,157,63,207,164,172,40,168,16,132,40,172,241,20,:0,6,20,2,14,0,13,4,5,16,11,7,19,1,9,18,3,12,15,17,8,0,0,
demand: 904:124,29,22,29,127,16,168,40,63,84,238,22,96,127,30,:0,9,7,0,1,16,18,19,12,5,17,4,11,14,0,
demand: 940:192,200,73,193,108,172,127,44,200,73,193,238,96,73,200,96,161,:0,19,9,16,10,12,13,20,18,14,8,7,3,5,1,2,0,
demand: 279:4,22,238,96,73,200,73,193,73,200,96,238,193,127,168,187,:0,14,4,9,3,10,0,19,18,8,17,16,11,7,12,0,
demand: 54:204,226,12,146,136,29,40,172,241,172,238,16,168,226,63,207,169,:0,16,10,0,3,4,13,0,14,0,9,17,11,12,0,18,0,
demand: 551:112,136,226,110,241,136,29,226,110,162,136,29,226,168,193,73,110,226,159,110,216,183,152,14,:0,3,18,17,15,19,14,11,12,0,2,10,7,1,13,20,16,4,8,6,5,9,0,0,
demand: 286:230,183,172,168,159,124,216,122,183,233,130,249,209,200,209,136,124,107,246,:0,12,10,13,19,16,6,3,8,0,20,2,0,1,0,18,7,5,0,
demand: 620:44,63,154,249,159,110,22,154,249,51,22,154,183,122,200,44,137,147,161,127,96,51,145,18,:0,4,17,6,2,13,0,9,18,3,0,7,16,8,1,0,19,12,5,10,15,14,0,0,
demand: 114:82,124,118,13,161,13,155,201,195,163,118,249,165,:0,16,3,0,19,0,0,0,20,12,5,9,0,
demand: 302:9,51,137,154,23,107,147,161,9,118,238,22,114,:0,16,11,14,0,18,8,1,9,7,15,0,0,
demand: 581:10,3,242,9,161,47,:0,12,20,11,1,0,
demand: 895:203,205,2,9,161,147,53,112,:0,0,10,14,9,13,3,0,
demand: 123:116,241,18,67,53,161,213,:0,10,14,9,13,8,0,
demand: 17:83,122,67,18,118,9,26,118,9,25,1,125,:0,2,4,18,17,3,20,8,11,6,0,0,
demand: 622:91,3,67,18,161,9,161,18,67,53,40,9,118,207,67,18,110,67,18,118,181,:0,14,3,11,18,2,0,8,16,17,15,5,19,20,13,6,10,7,4,12,0,
demand: 517:52,67,53,161,193,127,44,:0,9,17,19,20,0,0,
demand: 773:223,3,67,122,193,9,33,:0,2,1,0,20,17,0,
demand: 608:218,3,144,:0,5,0,
demand: 305:155,163,118,9,25,18,53,161,147,53,67,3,112,:0,9,11,20,4,14,3,10,13,5,8,18,0,
demand: 653:26,3,67,53,147,18,25,9,232,163,18,118,163,18,53,147,18,25,163,18,110,161,:0,16,12,1,20,17,0,5,14,13,3,4,6,15,18,11,9,19,10,7,0,0,
demand: 109:90,3,163,18,147,18,163,232,9,247,:0,1,10,13,18,0,19,14,6,0,
demand: 661:188,3,163,232,9,25,18,147,53,161,227,162,145,162,227,161,53,147,220,:0,13,10,1,0,20,0,7,0,15,0,0,6,0,0,0,2,9,0,
demand: 173:166,3,163,232,161,163,114,185,:0,13,19,12,10,18,11,0,
demand: 878:2,56,2,24,:0,10,0,0,
demand: 871:188,66,67,:0,7,0,
demand: 820:15,56,147,170,145,56,150,161,14,188,:0,10,16,3,20,4,6,17,0,0,
demand: 905:219,161,150,56,145,76,8,114,163,232,150,56,145,76,8,114,163,232,150,56,145,76,8,148,190,:0,14,15,13,1,5,6,18,0,16,12,19,20,11,9,2,0,10,8,4,7,17,3,0,0,
demand: 807:221,66,114,8,76,145,182,:0,10,15,20,16,3,0,
demand: 404:122,34,114,8,76,145,56,150,232,91,:0,18,5,2,8,6,16,4,11,0,
demand: 377:179,56,150,232,66,114,8,76,145,56,155,:0,10,9,13,19,1,8,14,3,7,0,
demand: 930:56,114,8,76,145,76,154,:0,1,13,16,3,0,0,
demand: 529:33,128,76,56,114,66,232,150,114,66,232,15,:0,7,15,13,19,20,1,17,14,4,0,0,
demand: 824:226,66,213,:0,20,0,
demand: 875:147,170,150,232,66,213,66,114,56,114,80,:0,1,6,18,14,5,0,17,4,0,0,
demand: 439:222,43,34,46,128,76,56,114,8,150,170,213,66,34,114,8,14,:0,12,15,1,17,10,9,0,19,5,14,13,8,7,16,6,0,
demand: 231:215,66,34,46,128,76,182,183,:0,18,13,17,16,1,9,0,
demand: 497:221,66,232,66,213,66,34,40,:0,3,15,0,8,11,9,0,
demand: 570:246,66,34,46,128,76,182,25,46,34,43,4,140,:0,8,14,16,7,6,10,20,2,5,17,0,0,
demand: 487:82,25,46,128,34,43,128,34,43,128,34,89,150,170,213,145,176,219,46,:0,12,8,4,10,14,16,7,5,2,18,6,20,19,1,17,11,13,0,
demand: 363:29,242,3,128,43,46,215,:0,0,2,17,6,1,0,
demand: 360:29,150,170,213,145,176,219,34,89,46,25,182,76,219,176,8,73,:0,13,20,19,14,9,12,6,1,10,3,7,16,2,11,4,0,
demand: 893:14,8,176,89,46,43,176,89,46,43,46,224,:0,8,4,9,1,2,16,10,20,12,0,0,
demand: 836:242,46,25,182,128,34,89,46,219,176,89,150,170,213,25,182,128,176,89,176,8,176,43,195,228,:0,7,13,4,3,0,10,8,12,15,11,0,16,9,17,1,20,19,5,0,2,6,14,0,0,
demand: 22:23,25,213,170,182,128,176,43,170,182,128,25,213,176,43,170,182,2,94,:0,16,20,12,13,7,1,11,18,3,10,9,2,19,5,17,6,0,0,
demand: 148:215,46,219,76,213,176,162,170,182,176,39,89,34,219,182,170,89,42,176,145,1,219,89,150,41,:0,17,19,11,13,4,0,3,10,8,0,12,0,7,6,18,5,0,20,16,0,1,9,0,0,
demand: 137:108,170,43,176,162,219,34,125,:0,13,0,10,5,9,0,0,
demand: 397:155,13,162,17,176,162,13,219,25,162,13,89,162,13,31,141,13,162,17,13,162,96,:0,17,18,5,20,19,3,10,2,8,15,16,11,13,1,7,14,9,12,6,4,0,
demand: 885:165,57,81,17,141,31,131,141,31,131,141,31,131,141,115,85,141,115,85,81,57,110,:0,1,9,13,4,3,5,16,18,11,2,8,20,12,10,17,6,15,19,7,14,0,
demand: 276:79,11,115,85,81,57,31,131,141,115,85,81,57,115,85,131,11,115,61,86,:0,17,16,4,11,2,8,18,0,20,14,6,1,15,10,5,9,19,7,0,
demand: 956:171,17,61,115,11,52,57,115,11,52,141,115,57,52,11,178,:0,2,12,20,10,7,9,18,16,8,0,3,17,11,15,0,
demand: 496:100,139,61,81,139,61,81,139,61,11,52,61,139,1,:0,6,8,2,3,10,9,12,11,18,7,17,16,0,
demand: 225:223,139,11,141,85,81,139,52,141,11,245,239,156,111,85,197,7,81,180,7,:0,13,6,0,10,0,11,4,0,9,5,3,1,17,2,15,0,20,16,0,
demand: 277:163,78,176,:0,9,0,
demand: 468:87,156,239,245,78,156,239,245,78,156,111,245,78,156,111,180,239,197,146,220,180,46,:0,14,4,1,8,16,20,9,19,12,10,18,6,17,11,3,2,5,7,15,13,0,
demand: 43:115,146,220,180,239,197,146,220,245,111,180,239,197,146,220,78,163,239,:0,13,12,6,3,17,19,10,18,8,20,11,14,7,1,4,0,0,
demand: 220:227,197,146,180,220,245,111,78,87,156,39,146,180,111,22,146,123,121,37,220,72,211,126,104,208,178,40,:0,7,9,0,6,0,12,17,3,15,0,20,0,8,0,10,5,18,1,16,14,4,11,19,13,2,0,
demand: 951:240,4,140,250,250,250,83,23,35,204,125,215,50,234,123,121,37,247,4,140,250,202,:0,20,3,19,10,1,13,17,4,15,9,18,8,6,16,7,2,12,5,14,11,0,
demand: 826:190,5,62,237,80,234,123,121,37,247,4,140,250,4,97,:0,12,14,13,8,10,1,19,16,17,4,6,18,0,0,
demand: 562:38,5,62,237,80,234,50,215,125,204,35,23,83,215,73,:0,18,11,16,10,12,4,15,13,19,9,2,8,6,0,
demand: 326:25,23,35,204,125,215,50,234,80,237,62,3,128,:0,2,17,13,14,11,20,10,5,16,7,0,0,
demand: 634:83,4,247,37,121,123,234,80,237,62,5,126,104,208,178,54,28,179,36,95,198,179,36,184,69,:0,14,4,0,18,16,11,0,0,2,19,6,12,9,15,7,3,1,5,8,17,20,13,0,0,
demand: 403:191,151,33,102,179,36,95,198,247,37,240,208,157,:0,19,4,13,7,9,6,3,2,14,17,12,0,
demand: 683:212,120,39,144,211,72,240,198,95,36,179,102,33,151,247,198,211,72,240,226,66,:0,4,17,8,15,12,16,13,1,7,20,19,14,5,6,11,2,18,9,0,0,
demand: 676:180,4,247,198,240,235,178,54,28,240,72,234,125,87,39,144,125,23,83,215,237,239,:0,9,14,6,15,5,11,12,20,2,10,19,3,13,1,7,18,17,8,16,4,0,
demand: 376:120,149,59,35,104,208,206,126,235,230,215,125,204,35,62,20,235,178,54,28,240,235,13,:0,5,12,9,8,16,13,10,18,15,11,0,0,19,3,20,14,17,2,7,6,4,0,
demand: 900:194,33,102,33,151,33,62,20,40,:0,13,5,0,20,6,7,18,0,
demand: 652:24,68,209,39,144,210,209,28,71,231,59,35,153,50,231,239,:0,11,17,5,18,8,10,15,1,12,6,16,19,9,7,0,
demand: 678:225,95,24,68,209,229,209,28,240,72,211,126,104,208,70,:0,4,19,15,14,8,0,9,0,7,0,12,0,17,0,
demand: 285:183,230,173,71,231,59,149,120,144,210,209,68,24,231,54,:0,16,1,8,3,15,20,5,17,10,7,2,9,18,0,
demand: 848:26,157,5,126,206,80,171,36,45,178,234,:0,0,10,18,20,11,5,6,2,7,0,
demand: 702:76,229,61,209,68,24,68,209,210,144,125,87,39,209,68,99,24,231,71,46,:0,12,0,20,0,15,11,1,13,9,17,4,18,3,6,2,5,0,8,0,
demand: 628:1,45,178,54,149,59,96,:0,15,9,14,20,11,0,
demand: 56:68,99,229,50,153,35,171,153,71,28,:0,4,19,14,20,16,1,2,0,0,
demand: 465:212,120,144,210,127,:0,8,18,0,0,
demand: 20:11,210,237,173,230,215,50,39,87,15,206,106,230,199,196,123,175,:0,10,6,19,3,9,14,8,7,1,20,5,15,12,4,17,0,
demand: 592:187,196,123,88,:0,15,0,0,
demand: 817:31,106,230,173,59,199,196,175,54,20,143,199,180,:0,18,7,1,16,3,8,13,9,5,15,11,0,
demand: 6:191,140,247,198,143,94,39,124,:0,8,14,7,12,13,19,0,
demand: 557:143,199,225,95,167,149,106,206,126,120,143,115,:0,4,8,6,5,10,7,9,3,14,15,0,
demand: 384:117,45,175,171,15,102,179,36,95,198,95,225,210,140,4,119,175,192,112,68,99,224,52,141,:0,18,13,20,2,3,17,0,14,16,0,12,7,8,0,5,9,4,15,10,6,1,0,0,
demand: 913:143,94,50,168,:0,19,6,0,
demand: 733:214,119,224,99,101,94,39,209,224,127,:0,4,20,11,2,19,9,17,12,0,
demand: 52:223,7,80,101,15,140,247,35,112,192,175,224,:0,12,6,5,20,7,17,11,1,19,16,0,
demand: 774:28,7,80,101,99,90,7,93,90,192,112,13,:0,4,6,3,14,5,20,13,12,8,15,0,
demand: 835:189,121,93,119,225,199,98,138,33,98,138,95,167,196,240,28,240,182,:0,17,5,19,20,9,18,2,14,13,3,0,8,10,11,16,0,0,
demand: 176:179,138,33,98,97,72,106,167,196,101,135,217,8,:0,12,0,15,13,14,3,4,17,20,19,18,0,
demand: 723:3,33,6,71,217,135,90,93,7,80,206,135,217,88,165,97,46,:0,7,1,6,13,8,3,16,17,10,14,5,18,19,20,15,0,
demand: 408:192,112,68,99,217,88,165,97,91,112,192,246,:0,11,17,9,2,18,12,8,4,0,7,0,
demand: 64:196,6,181,135,100,93,:0,1,3,13,16,0,
demand: 381:215,33,6,181,135,100,191,91,35,59,199,196,99,217,88,165,97,91,213,25,:0,0,15,5,2,19,18,4,9,10,6,14,7,16,20,12,13,3,0,0,
demand: 932:47,151,191,175,72,97,165,88,209,88,217,88,165,97,165,88,135,100,191,67,53,:0,10,13,6,14,5,0,0,17,18,16,0,12,2,0,1,8,7,15,0,0,
demand: 851:7,181,6,217,109,97,72,234,91,191,91,197,:0,0,13,1,18,20,10,14,2,8,0,0,
demand: 544:116,215,33,6,217,71,6,217,109,97,72,234,91,109,217,37,6,241,:0,17,11,1,19,6,20,15,13,16,9,14,5,12,4,10,7,0,
demand: 894:165,231,71,6,71,231,71,217,109,62,88,223,198,:0,0,0,5,0,6,0,3,1,17,12,0,0,
demand: 865:215,88,135,100,191,80,181,135,210,162,:0,12,5,16,2,10,4,8,11,0,
demand: 332:15,181,6,37,217,109,217,71,113,:0,0,18,14,0,5,0,9,0,
demand: 782:142,241,20,62,88,135,191,100,91,109,97,91,23,6,191,135,88,125,87,37,109,157,:0,0,14,0,12,8,20,5,19,18,16,1,10,2,13,4,3,11,9,17,7,0,
demand: 748:209,210,135,88,135,181,135,191,91,23,35,91,234,50,234,91,191,88,181,97,109,91,100,80,191,181,80,165,125,204,125,215,130,:0,0,0,4,0,16,0,0,18,10,9,12,17,6,0,19,1,15,8,7,20,0,13,0,5,2,0,3,0,11,0,14,0,
demand: 791:107,147,100,91,97,181,109,91,98,165,100,99,217,71,200,:0,0,5,0,8,1,11,4,6,20,2,0,16,0,0,
demand: 670:236,20,62,165,100,93,7,181,121,:0,17,0,3,15,6,0,1,0,
demand: 112:71,88,104,208,:0,15,0,0,
demand: 323:42,89,165,191,151,:0,0,19,13,0,
demand: 68:115,61,90,181,99,217,126,:0,0,17,12,0,2,0,
demand: 293:78,100,173,165,218,:0,15,17,1,0,
demand: 215:180,220,181,173,59,35,204,:0,0,11,6,0,0,0,
demand: 561:8,181,140,167,106,7,93,7,72,234,:0,4,14,0,10,0,6,9,0,0,
demand: 934:55,191,102,199,:0,4,14,0,
demand: 928:218,155,229,155,103,:0,0,10,0,0,
demand: 159:198,167,95,225,39,209,:0,14,0,6,0,0,
Average Delay: 13.513698630136986
Runtime (mS): 437132Acceptation rate: 0.4866666666666667