194, 229, 39, 49, 187, 189, 49, 187, 49, 241, 
35, 39, 187, 189, 243, 21, 185, 49, 39, 249, 47, 249, 39, 187, 189, 169, 244, 177, 35, 170, 
243, 223, 22, 160, 75, 129, 49, 158, 48, 75, 223, 154, 194, 
243, 21, 158, 103, 113, 243, 38, 70, 129, 177, 236, 47, 139, 
187, 69, 218, 174, 152, 224, 
236, 47, 139, 174, 177, 242, 39, 229, 14, 69, 243, 21, 244, 229, 14, 228, 152, 14, 13, 
152, 188, 113, 228, 42, 188, 176, 
14, 42, 227, 184, 69, 218, 58, 39, 42, 242, 
184, 227, 160, 185, 48, 187, 
16, 60, 205, 166, 29, 60, 48, 38, 70, 166, 75, 205, 158, 103, 65, 228, 175, 
203, 202, 27, 234, 
58, 188, 160, 205, 203, 202, 169, 65, 13, 203, 188, 42, 205, 203, 202, 70, 166, 56, 
205, 166, 18, 48, 27, 202, 70, 165, 
65, 200, 129, 86, 203, 202, 27, 246, 227, 202, 27, 202, 203, 86, 216, 
184, 65, 209, 190, 32, 65, 209, 190, 32, 117, 60, 32, 190, 117, 122, 
117, 32, 190, 117, 32, 65, 61, 209, 
190, 32, 79, 246, 86, 221, 113, 190, 248, 79, 246, 86, 46, 
38, 246, 79, 248, 221, 86, 246, 105, 79, 3, 
221, 27, 79, 248, 190, 113, 221, 248, 160, 55, 105, 221, 55, 105, 212, 55, 221, 212, 105, 246, 94, 
55, 105, 212, 105, 185, 194, 
139, 212, 246, 105, 3, 92, 117, 195, 228, 92, 17, 212, 133, 92, 228, 
92, 133, 14, 
195, 134, 57, 
41, 92, 133, 5, 
2, 133, 191, 
1, 134, 195, 223, 242, 186, 170, 58, 223, 13, 155, 22, 
2, 133, 166, 30, 134, 195, 223, 242, 48, 18, 
2, 139, 47, 
1, 134, 195, 223, 242, 161, 186, 207, 242, 223, 195, 223, 242, 134, 30, 195, 64, 2, 77, 
1, 134, 30, 41, 74, 133, 2, 64, 106, 
1, 201, 74, 41, 30, 155, 2, 242, 134, 64, 130, 242, 134, 64, 195, 30, 41, 74, 201, 34, 
74, 201, 1, 134, 74, 44, 201, 155, 194, 108, 223, 186, 56, 
1, 41, 186, 223, 108, 194, 77, 223, 186, 10, 29, 64, 130, 194, 108, 223, 186, 30, 155, 148, 3, 158, 
229, 155, 22, 155, 229, 223, 186, 223, 108, 194, 108, 223, 108, 194, 108, 223, 108, 19, 9, 
1, 201, 155, 148, 10, 74, 44, 201, 155, 30, 199, 
1, 108, 19, 10, 148, 214, 
1, 77, 194, 130, 233, 26, 19, 10, 148, 250, 
39, 10, 148, 155, 19, 26, 233, 130, 194, 77, 223, 88, 209, 
201, 1, 77, 194, 130, 233, 130, 194, 77, 164, 116, 194, 132, 177, 
77, 164, 116, 26, 19, 10, 44, 201, 19, 26, 116, 164, 82, 44, 132, 12, 19, 64, 130, 104, 
1, 214, 142, 10, 116, 142, 214, 82, 164, 222, 12, 132, 194, 
132, 12, 222, 164, 116, 142, 214, 82, 142, 116, 157, 82, 164, 222, 54, 
116, 157, 238, 
12, 29, 214, 82, 142, 157, 222, 12, 29, 64, 16, 127, 10, 116, 157, 63, 207, 222, 132, 82, 142, 221, 113, 
26, 16, 127, 29, 22, 201, 214, 29, 12, 84, 22, 19, 108, 172, 241, 84, 22, 63, 207, 233, 142, 10, 191, 
63, 207, 132, 16, 127, 63, 207, 241, 84, 30, 
22, 84, 241, 207, 40, 172, 155, 84, 233, 16, 238, 130, 84, 44, 200, 73, 172, 192, 
10, 127, 16, 1, 77, 1, 238, 16, 127, 172, 105, 3, 
133, 2, 22, 84, 241, 200, 73, 193, 241, 84, 22, 238, 96, 127, 193, 241, 58, 
77, 200, 148, 96, 238, 193, 241, 200, 73, 193, 40, 168, 226, 182, 
226, 168, 40, 193, 74, 142, 73, 193, 40, 168, 226, 110, 96, 238, 11, 
200, 96, 148, 214, 238, 136, 226, 86, 
16, 238, 96, 148, 156, 
168, 110, 226, 136, 226, 110, 159, 1, 136, 64, 110, 96, 3, 136, 73, 183, 136, 137, 
136, 183, 107, 159, 110, 216, 122, 169, 
137, 183, 107, 200, 216, 40, 172, 225, 
172, 73, 249, 136, 29, 124, 79, 
22, 154, 22, 51, 137, 47, 110, 162, 146, 
96, 3, 33, 
127, 96, 148, 154, 31, 124, 122, 193, 73, 249, 51, 9, 193, 241, 200, 107, 249, 226, 53, 5, 
226, 154, 122, 77, 
226, 53, 161, 18, 145, 161, 18, 145, 162, 136, 227, 161, 145, 170, 162, 227, 161, 227, 136, 73, 
130, 3, 67, 18, 118, 207, 67, 4, 230, 
3, 67, 18, 118, 145, 22, 9, 161, 53, 67, 18, 118, 13, 161, 53, 67, 18, 194, 
3, 67, 189, 
3, 67, 18, 118, 67, 18, 118, 67, 18, 122, 67, 18, 118, 9, 197, 
9, 161, 53, 67, 3, 163, 118, 18, 53, 161, 9, 118, 18, 53, 147, 161, 163, 118, 9, 51, 109, 
136, 3, 163, 161, 147, 53, 18, 163, 161, 147, 53, 18, 163, 3, 53, 147, 170, 163, 118, 9, 25, 18, 120, 
163, 3, 163, 118, 18, 53, 147, 161, 9, 132, 
3, 53, 147, 170, 145, 163, 118, 9, 25, 212, 
163, 170, 147, 114, 163, 118, 9, 25, 147, 127, 38, 
147, 170, 163, 170, 147, 170, 145, 170, 147, 170, 150, 56, 114, 150, 56, 53, 8, 147, 170, 224, 
56, 150, 114, 56, 150, 114, 56, 150, 114, 56, 176, 53, 3, 128, 34, 114, 194, 
114, 34, 128, 46, 114, 34, 128, 46, 34, 128, 46, 34, 128, 46, 34, 9, 
76, 145, 56, 176, 8, 76, 145, 56, 176, 8, 114, 34, 46, 128, 76, 145, 56, 77, 
56, 145, 76, 145, 56, 145, 76, 8, 176, 56, 114, 34, 46, 133, 92, 
46, 25, 128, 76, 8, 192, 
150, 170, 213, 66, 34, 43, 46, 25, 128, 76, 182, 25, 128, 43, 34, 66, 16, 238, 
34, 46, 25, 46, 34, 66, 213, 170, 150, 114, 8, 76, 8, 176, 8, 76, 8, 176, 8, 176, 56, 176, 89, 150, 170, 87, 
182, 122, 
66, 213, 170, 150, 170, 213, 66, 34, 43, 34, 66, 213, 170, 232, 66, 213, 170, 150, 170, 213, 68, 
43, 128, 182, 25, 213, 145, 232, 3, 128, 
250, 36, 
150, 8, 232, 66, 213, 145, 232, 66, 25, 182, 76, 219, 66, 232, 145, 213, 46, 47, 
43, 128, 43, 12, 
66, 232, 8, 182, 76, 219, 232, 145, 213, 76, 182, 8, 133, 
176, 89, 232, 219, 76, 213, 25, 66, 219, 232, 181, 
89, 176, 219, 232, 89, 176, 219, 25, 182, 8, 232, 106, 
213, 76, 219, 176, 89, 176, 22, 
34, 43, 34, 219, 34, 89, 232, 8, 182, 177, 43, 46, 25, 219, 182, 8, 232, 89, 9, 
89, 46, 43, 177, 182, 170, 58, 208, 
43, 207, 89, 13, 162, 89, 232, 43, 176, 219, 25, 213, 89, 13, 76, 99, 89, 13, 14, 43, 139, 162, 56, 
13, 162, 17, 13, 162, 17, 141, 219, 
136, 146, 13, 162, 17, 141, 115, 170, 162, 17, 141, 115, 85, 141, 17, 61, 115, 85, 141, 17, 61, 152, 
57, 162, 61, 115, 85, 81, 17, 61, 115, 85, 81, 57, 31, 131, 11, 141, 17, 245, 
57, 81, 85, 115, 61, 115, 85, 81, 57, 31, 131, 1, 
31, 131, 11, 115, 61, 17, 11, 131, 31, 11, 211, 
31, 43, 139, 115, 141, 52, 139, 11, 52, 139, 180, 4, 52, 139, 
52, 139, 180, 4, 52, 131, 11, 139, 43, 31, 245, 115, 139, 81, 180, 239, 156, 111, 52, 156, 239, 1, 45, 
245, 239, 156, 111, 245, 239, 180, 139, 52, 156, 111, 245, 239, 156, 111, 245, 215, 
180, 239, 245, 78, 197, 146, 220, 245, 78, 197, 146, 85, 197, 146, 220, 78, 245, 239, 211, 
146, 197, 78, 245, 111, 227, 146, 31, 247, 
111, 245, 220, 146, 197, 146, 220, 84, 146, 84, 220, 16, 
27, 84, 146, 123, 121, 146, 229, 123, 121, 37, 148, 214, 
4, 230, 210, 87, 39, 120, 149, 187, 
4, 230, 210, 87, 39, 176, 223, 
4, 230, 210, 87, 39, 120, 187, 
4, 250, 250, 250, 250, 250, 250, 37, 121, 39, 87, 210, 209, 50, 234, 123, 148, 
4, 230, 210, 209, 50, 234, 125, 206, 80, 165, 
demand: 949:243,194,229,39,49,187,189,49,187,49,241,:0,0,0,0,6,19,17,10,20,0,0,
demand: 938:161,35,39,187,189,243,21,185,49,39,249,47,249,39,187,189,169,244,177,35,170,:0,0,0,13,3,2,19,16,1,0,0,17,0,0,20,10,9,5,18,0,0,
demand: 727:240,243,223,22,160,75,129,49,158,48,75,223,154,194,:0,14,0,0,16,15,11,20,9,2,7,0,0,0,
demand: 370:12,243,21,158,103,113,243,38,70,129,177,236,47,139,:0,15,6,20,5,12,14,9,16,18,4,8,13,0,
demand: 982:165,187,69,218,174,152,224,:0,20,11,6,12,19,0,
demand: 947:194,236,47,139,174,177,242,39,229,14,69,243,21,244,229,14,228,152,14,13,:0,14,11,0,6,10,0,0,0,3,17,20,0,18,0,5,19,16,8,0,
demand: 547:42,152,188,113,228,42,188,176,:0,8,7,10,19,6,12,0,
demand: 769:161,14,42,227,184,69,218,58,39,42,242,:0,2,12,16,9,0,15,19,0,6,0,
demand: 664:120,184,227,160,185,48,187,:0,9,17,4,13,14,0,
demand: 121:64,16,60,205,166,29,60,48,38,70,166,75,205,158,103,65,228,175,:0,0,7,3,17,0,5,10,0,14,8,20,19,0,11,12,1,0,
demand: 264:51,203,202,27,234,:0,2,19,16,0,
demand: 895:171,58,188,160,205,203,202,169,65,13,203,188,42,205,203,202,70,166,56,:0,18,4,15,8,17,6,20,9,0,12,14,13,11,3,2,10,1,0,
demand: 6:45,205,166,18,48,27,202,70,165,:0,0,11,0,15,7,8,0,0,
demand: 535:17,65,200,129,86,203,202,27,246,227,202,27,202,203,86,216,:0,1,0,20,18,17,19,3,7,15,6,12,0,2,13,0,
demand: 480:131,184,65,209,190,32,65,209,190,32,117,60,32,190,117,122,:0,4,13,0,18,9,1,0,16,19,3,15,2,8,10,0,
demand: 189:195,117,32,190,117,32,65,61,209,:0,12,5,17,1,10,0,0,0,
demand: 503:229,190,32,79,246,86,221,113,190,248,79,246,86,46,:0,18,4,15,3,11,5,20,19,7,1,2,8,0,
demand: 582:127,38,246,79,248,221,86,246,105,79,3,:0,20,8,3,14,17,18,5,6,1,0,
demand: 904:14,221,27,79,248,190,113,221,248,160,55,105,221,55,105,212,55,221,212,105,246,94,:0,17,9,4,12,16,0,14,5,20,7,13,8,3,18,1,10,15,19,11,0,0,
demand: 181:105,55,105,212,105,185,194,:0,19,0,14,0,20,0,
demand: 690:47,139,212,246,105,3,92,117,195,228,92,17,212,133,92,228,:0,0,17,0,4,0,19,16,13,20,12,0,15,10,1,0,
demand: 589:6,92,133,14,:0,10,1,0,
demand: 948:117,195,134,57,:0,13,18,0,
demand: 615:85,41,92,133,5,:0,6,2,19,0,
demand: 154:64,2,133,191,:0,9,14,0,
demand: 183:219,1,134,195,223,242,186,170,58,223,13,155,22,:0,8,17,10,1,9,0,0,20,7,0,0,0,
demand: 741:174,2,133,166,30,134,195,223,242,48,18,:0,13,16,20,17,3,14,12,9,0,0,
demand: 750:205,2,139,47,:0,19,0,0,
demand: 304:151,1,134,195,223,242,161,186,207,242,223,195,223,242,134,30,195,64,2,77,:0,20,4,5,16,2,0,17,11,14,10,13,0,1,18,15,19,3,9,0,
demand: 488:16,1,134,30,41,74,133,2,64,106,:0,1,10,7,5,6,8,13,14,0,
demand: 874:83,1,201,74,41,30,155,2,242,134,64,130,242,134,64,195,30,41,74,201,34,:0,13,10,18,15,9,5,14,3,11,12,6,1,4,2,20,16,8,17,19,0,
demand: 236:167,74,201,1,134,74,44,201,155,194,108,223,186,56,:0,18,15,0,20,6,5,16,9,3,11,13,8,0,
demand: 913:237,1,41,186,223,108,194,77,223,186,10,29,64,130,194,108,223,186,30,155,148,3,158,:0,20,2,14,13,3,4,15,9,5,17,16,11,6,7,12,10,18,1,8,19,0,0,
demand: 829:209,229,155,22,155,229,223,186,223,108,194,108,223,108,194,108,223,108,19,9,:0,0,17,16,0,0,20,8,0,6,2,0,15,4,7,0,11,18,3,0,
demand: 311:145,1,201,155,148,10,74,44,201,155,30,199,:0,1,8,17,9,2,11,19,20,5,0,0,
demand: 48:35,1,108,19,10,148,214,:0,13,20,11,6,9,0,
demand: 688:16,1,77,194,130,233,26,19,10,148,250,:0,3,14,1,12,2,18,19,16,0,0,
demand: 366:176,39,10,148,155,19,26,233,130,194,77,223,88,209,:0,0,17,6,1,18,19,5,3,0,16,0,0,0,
demand: 210:43,201,1,77,194,130,233,130,194,77,164,116,194,132,177,:0,0,16,7,11,0,2,20,0,8,19,13,15,12,0,
demand: 862:134,77,164,116,26,19,10,44,201,19,26,116,164,82,44,132,12,19,64,130,104,:0,18,19,12,3,15,20,16,10,1,6,17,2,9,14,5,8,13,11,4,0,
demand: 155:153,1,214,142,10,116,142,214,82,164,222,12,132,194,:0,11,8,9,1,2,17,6,7,14,16,12,18,15,
demand: 179:17,132,12,222,164,116,142,214,82,142,116,157,82,164,222,54,:0,3,18,5,0,11,17,16,19,6,13,2,8,20,9,0,
demand: 57:163,116,157,238,:0,16,13,0,
demand: 444:237,12,29,214,82,142,157,222,12,29,64,16,127,10,116,157,63,207,222,132,82,142,221,113,:0,18,6,7,15,13,19,0,5,9,20,8,3,4,10,2,16,12,17,1,14,11,0,0,
demand: 333:116,26,16,127,29,22,201,214,29,12,84,22,19,108,172,241,84,22,63,207,233,142,10,191,:0,10,9,19,7,17,4,1,0,13,18,8,15,20,2,16,12,6,5,3,11,14,0,0,
demand: 782:161,63,207,132,16,127,63,207,241,84,30,:0,19,7,14,17,6,11,16,3,13,0,
demand: 349:145,22,84,241,207,40,172,155,84,233,16,238,130,84,44,200,73,172,192,:0,14,1,13,3,19,5,15,9,4,6,7,10,11,20,18,12,17,0,
demand: 457:148,10,127,16,1,77,1,238,16,127,172,105,3,:0,0,1,18,0,15,20,3,0,14,6,0,0,
demand: 481:67,133,2,22,84,241,200,73,193,241,84,22,238,96,127,193,241,58,:0,0,15,13,11,10,6,16,2,8,17,20,7,5,4,18,1,0,
demand: 196:158,77,200,148,96,238,193,241,200,73,193,40,168,226,182,:0,15,8,20,17,12,13,11,6,16,4,7,2,18,0,
demand: 86:189,226,168,40,193,74,142,73,193,40,168,226,110,96,238,11,:0,12,19,2,5,20,15,13,10,8,11,18,17,7,0,0,
demand: 312:229,200,96,148,214,238,136,226,86,:0,16,7,0,10,18,12,5,0,
demand: 211:158,16,238,96,148,156,:0,1,0,13,0,0,
demand: 743:102,168,110,226,136,226,110,159,1,136,64,110,96,3,136,73,183,136,137,:0,2,5,11,12,0,8,6,0,16,20,7,14,0,18,1,3,17,0,
demand: 908:13,136,183,107,159,110,216,122,169,:0,17,9,2,3,20,6,7,0,
demand: 483:47,137,183,107,200,216,40,172,225,:0,5,17,3,4,12,1,0,0,
demand: 669:213,172,73,249,136,29,124,79,:0,20,15,12,11,10,17,0,
demand: 31:3,22,154,22,51,137,47,110,162,146,:0,0,5,0,12,6,0,18,0,0,
demand: 412:212,96,3,33,:0,20,0,0,
demand: 29:120,127,96,148,154,31,124,122,193,73,249,51,9,193,241,200,107,249,226,53,5,:0,20,11,0,3,0,7,2,10,0,18,6,5,13,15,0,8,9,4,17,0,
demand: 76:208,226,154,122,77,:0,14,4,2,0,
demand: 451:81,226,53,161,18,145,161,18,145,162,136,227,161,145,170,162,227,161,227,136,73,:0,15,14,9,11,17,16,5,0,0,10,0,1,8,3,0,0,13,0,0,0,
demand: 144:64,130,3,67,18,118,207,67,4,230,:0,0,5,3,17,7,10,18,0,0,
demand: 979:224,3,67,18,118,145,22,9,161,53,67,18,118,13,161,53,67,18,194,:0,12,10,2,16,0,20,1,6,13,14,18,17,0,5,19,4,9,0,
demand: 339:154,3,67,189,:0,3,5,0,
demand: 143:125,3,67,18,118,67,18,118,67,18,122,67,18,118,9,197,:0,6,5,10,18,8,2,13,14,15,20,11,17,19,3,0,
demand: 679:209,9,161,53,67,3,163,118,18,53,161,9,118,18,53,147,161,163,118,9,51,109,:0,16,19,15,8,1,5,6,20,9,3,10,17,11,7,4,14,2,13,12,0,0,
demand: 945:56,136,3,163,161,147,53,18,163,161,147,53,18,163,3,53,147,170,163,118,9,25,18,120,:0,0,5,7,20,12,16,1,6,3,17,14,18,11,8,4,10,19,15,0,13,9,2,0,
demand: 335:123,163,3,163,118,18,53,147,161,9,132,:0,0,2,11,0,17,4,18,20,16,0,
demand: 766:192,3,53,147,170,145,163,118,9,25,212,:0,4,0,6,12,7,17,0,8,3,0,
demand: 752:201,163,170,147,114,163,118,9,25,147,127,38,:0,13,12,17,3,20,0,8,1,5,0,0,
demand: 302:236,147,170,163,170,147,170,145,170,147,170,150,56,114,150,56,53,8,147,170,224,:0,3,2,10,0,18,17,6,0,16,8,13,9,12,14,19,4,5,15,20,0,
demand: 424:197,56,150,114,56,150,114,56,150,114,56,176,53,3,128,34,114,194,:0,17,6,7,9,8,3,12,10,5,13,15,16,20,1,2,19,0,
demand: 358:80,114,34,128,46,114,34,128,46,34,128,46,34,128,46,34,9,:0,17,18,4,20,2,11,16,12,14,7,1,10,8,13,5,0,
demand: 423:106,76,145,56,176,8,76,145,56,176,8,114,34,46,128,76,145,56,77,:0,4,6,17,7,10,5,16,20,15,13,2,18,9,11,8,12,14,0,
demand: 973:97,56,145,76,145,56,145,76,8,176,56,114,34,46,133,92,:0,14,9,2,0,15,20,4,11,5,17,0,7,10,0,0,
demand: 960:154,46,25,128,76,8,192,:0,7,14,13,12,15,0,
demand: 16:72,150,170,213,66,34,43,46,25,128,76,182,25,128,43,34,66,16,238,:0,4,17,12,6,15,5,8,3,20,9,11,1,7,13,14,16,0,0,
demand: 385:122,34,46,25,46,34,66,213,170,150,114,8,76,8,176,8,76,8,176,8,176,56,176,89,150,170,87,:0,13,5,11,0,20,12,15,18,6,0,14,10,0,17,8,2,0,19,7,0,9,3,16,1,0,0,
demand: 310:158,182,122,:0,4,0,
demand: 588:137,66,213,170,150,170,213,66,34,43,34,66,213,170,232,66,213,170,150,170,213,68,:0,19,11,13,5,0,3,12,16,6,0,15,8,18,7,10,17,9,4,0,20,0,
demand: 52:207,43,128,182,25,213,145,232,3,128,:0,15,20,8,5,16,17,6,0,0,
demand: 440:250,250,36,:0,6,0,
demand: 508:111,150,8,232,66,213,145,232,66,25,182,76,219,66,232,145,213,46,47,:0,16,7,2,10,8,19,5,15,14,6,20,9,1,11,13,3,4,0,
demand: 111:177,43,128,43,12,:0,16,17,0,0,
demand: 859:173,66,232,8,182,76,219,232,145,213,76,182,8,133,:0,14,15,2,6,11,3,12,0,18,7,17,0,0,
demand: 763:37,176,89,232,219,76,213,25,66,219,232,181,:0,17,2,5,19,18,16,20,15,4,6,0,
demand: 59:243,89,176,219,232,89,176,219,25,182,8,232,106,:0,6,1,12,0,17,16,7,0,11,0,9,0,
demand: 780:131,213,76,219,176,89,176,22,:0,2,0,13,6,12,0,0,
demand: 140:151,34,43,34,219,34,89,232,8,182,177,43,46,25,219,182,8,232,89,9,:0,0,17,0,9,2,16,0,0,19,0,12,0,0,15,5,0,0,4,0,
demand: 245:99,89,46,43,177,182,170,58,208,:0,8,0,14,0,12,2,0,0,
demand: 40:214,43,207,89,13,162,89,232,43,176,219,25,213,89,13,76,99,89,13,14,43,139,162,56,:0,11,0,7,12,13,6,0,14,0,10,0,16,19,17,4,0,8,1,0,15,2,18,0,
demand: 413:134,13,162,17,13,162,17,141,219,:0,12,14,16,20,11,19,7,0,
demand: 592:29,136,146,13,162,17,141,115,170,162,17,141,115,85,141,17,61,115,85,141,17,61,152,:0,0,0,6,2,9,10,16,0,13,4,20,1,3,14,15,18,5,7,12,8,17,0,
demand: 206:204,57,162,61,115,85,81,17,61,115,85,81,57,31,131,11,141,17,245,:0,13,16,12,7,6,5,20,3,2,4,17,19,11,8,14,15,0,0,
demand: 568:66,57,81,85,115,61,115,85,81,57,31,131,1,:0,8,4,0,0,3,2,20,13,11,16,12,0,
demand: 531:221,31,131,11,115,61,17,11,131,31,11,211,:0,7,5,3,20,0,10,8,6,2,19,0,
demand: 670:87,31,43,139,115,141,52,139,11,52,139,180,4,52,139,:0,3,0,6,20,0,12,11,10,17,14,13,0,18,0,
demand: 974:106,52,139,180,4,52,131,11,139,43,31,245,115,139,81,180,239,156,111,52,156,239,1,45,:0,10,14,6,0,12,20,0,5,0,2,18,0,3,4,19,15,9,8,16,17,11,0,0,
demand: 36:249,245,239,156,111,245,239,180,139,52,156,111,245,239,156,111,245,215,:0,4,5,13,12,15,6,0,16,0,1,7,14,8,10,20,18,0,
demand: 361:99,180,239,245,78,197,146,220,245,78,197,146,85,197,146,220,78,245,239,211,:0,8,0,17,3,1,9,19,14,12,13,5,2,18,15,6,11,4,16,0,
demand: 598:84,146,197,78,245,111,227,146,31,247,:0,3,10,1,0,16,0,17,2,0,
demand: 755:94,111,245,220,146,197,146,220,84,146,84,220,16,:0,18,0,16,20,4,0,5,0,1,0,9,0,
demand: 39:202,27,84,146,123,121,146,229,123,121,37,148,214,:0,0,0,6,12,7,16,20,1,14,5,0,0,
demand: 2:141,4,230,210,87,39,120,149,187,:0,1,11,10,14,4,17,18,0,
demand: 911:21,4,230,210,87,39,176,223,:0,3,12,16,18,1,0,0,
demand: 320:58,4,230,210,87,39,120,187,:0,2,8,10,1,19,17,0,
demand: 768:45,4,250,250,250,250,250,250,37,121,39,87,210,209,50,234,123,148,:0,17,18,6,7,15,3,9,5,8,19,1,14,13,2,12,11,0,
demand: 892:6,4,230,210,209,50,234,125,206,80,165,:0,17,7,15,11,4,3,12,9,1,0,
Average Delay: 13.62
Runtime (mS): 364051Acceptation rate: 1.0