3, 69, 39, 67, 36, 61, 39, 69, 50, 28, 83, 7, 27, 36, 96, 
68, 83, 7, 69, 39, 67, 3, 68, 17, 27, 
83, 68, 17, 99, 51, 58, 51, 73, 41, 
69, 3, 93, 17, 2, 88, 39, 99, 50, 30, 5, 58, 3, 93, 45, 71, 2, 84, 
12, 45, 71, 2, 12, 45, 36, 88, 74, 59, 
12, 45, 71, 39, 12, 45, 71, 2, 12, 45, 64, 
1, 64, 53, 71, 2, 12, 94, 48, 
2, 12, 36, 71, 2, 11, 2, 71, 30, 71, 36, 45, 17, 7, 71, 66, 74, 
1, 2, 47, 41, 30, 5, 2, 47, 78, 
2, 98, 42, 21, 46, 42, 98, 2, 90, 47, 41, 98, 31, 
42, 98, 6, 
22, 48, 71, 53, 71, 48, 94, 88, 25, 
21, 42, 46, 21, 22, 94, 67, 
94, 22, 25, 
47, 41, 97, 22, 94, 65, 22, 21, 46, 42, 21, 97, 46, 11, 22, 37, 
38, 41, 97, 65, 41, 97, 65, 22, 97, 65, 90, 14, 38, 56, 58, 5, 
22, 97, 41, 11, 73, 53, 77, 70, 60, 84, 53, 5, 48, 96, 70, 16, 38, 14, 78, 
11, 53, 56, 38, 14, 90, 65, 70, 56, 90, 63, 45, 
11, 28, 20, 70, 63, 53, 70, 63, 90, 14, 92, 42, 
16, 66, 21, 63, 21, 66, 16, 66, 21, 63, 
84, 22, 97, 16, 34, 4, 90, 14, 92, 56, 16, 77, 71, 84, 20, 99, 8, 
60, 33, 84, 20, 28, 11, 
84, 33, 60, 44, 4, 34, 1, 2, 98, 41, 25, 79, 6, 47, 38, 16, 79, 6, 44, 84, 20, 
47, 2, 28, 79, 94, 92, 20, 28, 88, 
4, 44, 14, 78, 70, 
4, 44, 84, 33, 60, 33, 53, 64, 1, 34, 4, 34, 1, 9, 92, 94, 16, 6, 79, 25, 59, 74, 66, 96, 18, 14, 78, 25, 
13, 25, 87, 18, 14, 25, 87, 18, 96, 6, 79, 87, 8, 85, 
25, 22, 96, 40, 96, 44, 68, 
96, 22, 25, 54, 4, 99, 
77, 36, 71, 
77, 41, 92, 73, 36, 96, 40, 81, 37, 34, 57, 81, 40, 57, 1, 36, 47, 
81, 77, 41, 81, 40, 57, 77, 81, 63, 70, 55, 
14, 40, 81, 77, 57, 34, 56, 4, 54, 37, 57, 
96, 40, 57, 77, 18, 40, 49, 
37, 54, 81, 27, 
77, 81, 18, 87, 33, 48, 70, 57, 77, 76, 40, 57, 84, 
demand: 910:97,3,69,39,67,36,61,39,69,50,28,83,7,27,36,96,:0,13,4,12,6,7,8,14,3,10,0,9,2,0,11,0,
demand: 530:95,68,83,7,69,39,67,3,68,17,27,:0,14,3,5,4,0,10,0,8,13,0,
demand: 489:59,83,68,17,99,51,58,51,73,41,:0,3,1,6,2,0,11,0,0,0,
demand: 815:48,69,3,93,17,2,88,39,99,50,30,5,58,3,93,45,71,2,84,:0,9,5,15,10,0,7,3,6,4,13,0,11,0,8,2,1,14,0,
demand: 259:74,12,45,71,2,12,45,36,88,74,59,:0,11,12,2,7,8,14,4,10,0,0,
demand: 718:92,12,45,71,39,12,45,71,2,12,45,64,:0,7,14,15,4,13,11,12,2,1,8,0,
demand: 466:81,1,64,53,71,2,12,94,48,:0,0,0,0,15,0,7,0,0,
demand: 973:73,2,12,36,71,2,11,2,71,30,71,36,45,17,7,71,66,74,:0,0,0,3,14,15,1,0,0,10,9,0,6,4,0,13,0,0,
demand: 999:49,1,2,47,41,30,5,2,47,78,:0,0,1,6,10,3,0,8,9,0,
demand: 97:28,2,98,42,21,46,42,98,2,90,47,41,98,31,:0,12,6,2,7,5,13,11,9,1,15,10,8,0,
demand: 60:13,42,98,6,:0,14,10,0,
demand: 433:91,22,48,71,53,71,48,94,88,25,:0,2,0,4,13,0,0,7,3,0,
demand: 962:26,21,42,46,21,22,94,67,:0,1,10,13,14,6,8,0,
demand: 865:64,94,22,25,:0,7,4,0,
demand: 275:89,47,41,97,22,94,65,22,21,46,42,21,97,46,11,22,37,:0,14,11,10,15,5,4,13,0,2,0,9,7,12,3,0,0,
demand: 107:91,38,41,97,65,41,97,65,22,97,65,90,14,38,56,58,5,:0,6,11,10,14,12,8,2,4,5,15,13,1,9,7,0,0,
demand: 191:43,22,97,41,11,73,53,77,70,60,84,53,5,48,96,70,16,38,14,78,:0,3,11,0,14,0,8,0,9,5,0,1,0,0,0,12,10,6,7,0,
demand: 980:96,11,53,56,38,14,90,65,70,56,90,63,45,:0,12,10,15,6,2,9,5,7,8,11,14,0,
demand: 497:35,11,28,20,70,63,53,70,63,90,14,92,42,:0,1,6,13,11,12,10,15,8,0,5,7,0,
demand: 956:94,16,66,21,63,21,66,16,66,21,63,:0,0,0,4,15,0,0,8,0,0,0,
demand: 56:31,84,22,97,16,34,4,90,14,92,56,16,77,71,84,20,99,8,:0,12,9,0,13,0,15,4,0,6,10,14,0,0,2,11,0,0,
demand: 390:55,60,33,84,20,28,11,:0,15,0,7,2,14,9,
demand: 154:33,84,33,60,44,4,34,1,2,98,41,25,79,6,47,38,16,79,6,44,84,20,:0,1,0,13,10,15,0,0,0,4,0,8,2,11,9,5,6,14,12,7,0,0,
demand: 23:99,47,2,28,79,94,92,20,28,88,:0,3,0,13,1,4,14,10,12,0,
demand: 44:41,4,44,14,78,70,:0,10,15,4,0,0,
demand: 352:90,4,44,84,33,60,33,53,64,1,34,4,34,1,9,92,94,16,6,79,25,59,74,66,96,18,14,78,25,:0,10,8,9,0,14,0,3,0,0,0,13,0,0,0,7,0,11,2,4,6,0,0,0,12,1,0,0,0,
demand: 560:42,13,25,87,18,14,25,87,18,96,6,79,87,8,85,:0,0,11,2,15,0,14,7,12,6,5,9,1,0,0,
demand: 617:87,25,22,96,40,96,44,68,:0,3,0,8,14,1,4,0,
demand: 138:42,96,22,25,54,4,99,:0,8,0,10,14,5,0,
demand: 31:43,77,36,71,:0,11,0,0,
demand: 280:85,77,41,92,73,36,96,40,81,37,34,57,81,40,57,1,36,47,:0,14,4,5,0,0,8,7,13,12,0,1,10,11,2,0,0,0,
demand: 451:40,81,77,41,81,40,57,77,81,63,70,55,:0,6,11,3,13,14,2,7,1,9,4,0,
demand: 549:77,14,40,81,77,57,34,56,4,54,37,57,:0,3,6,8,1,13,0,4,9,11,14,0,
demand: 395:36,96,40,57,77,18,40,49,:0,0,12,14,8,9,7,0,
demand: 14:22,37,54,81,27,:0,10,5,14,0,
demand: 479:91,77,81,18,87,33,48,70,57,77,76,40,57,84,:0,7,8,0,9,11,15,3,13,10,5,12,6,0,
Average Delay: 12.1
Runtime (mS): 7769Acceptation rate: 1.0