demand: 119:64,64,64,64,46,46,46,46,11,:8,9,2,6,10,7,1,3,0,
demand: 321:73,73,73,73,35,:8,9,5,3,0,
demand: 12:59,59,59,59,92,:4,9,6,7,1,
demand: 920:15,15,15,15,17,17,21,:2,3,6,9,4,7,0,
demand: 68:15,45,45,45,45,63,63,63,31,:10,3,6,5,1,4,7,8,0,
demand: 836:75,75,75,75,75,88,88,88,88,36,:5,1,7,10,3,2,6,4,8,9,
demand: 857:58,58,58,3,3,60,60,60,66,:8,5,1,4,3,10,7,2,0,
demand: 194:17,26,:5,0,
demand: 171:93,93,93,31,31,31,100,88,:4,2,7,10,9,3,0,0,
demand: 177:16,16,16,70,10,:6,5,9,0,0,
demand: 113:37,37,37,37,37,5,5,5,5,5,65,:7,1,9,2,3,6,5,8,4,10,0,
demand: 69:3,54,54,54,54,8,8,:0,5,10,9,8,1,3,
demand: 752:37,60,60,60,60,1,1,1,1,:0,8,7,4,6,1,2,10,5,
demand: 855:56,56,24,:6,9,0,
demand: 236:87,87,87,3,71,:4,7,5,8,1,
demand: 831:53,53,53,53,53,38,38,:10,6,2,9,4,7,5,
demand: 2:88,75,75,75,76,:0,9,7,6,0,
demand: 706:44,2,89,:10,0,0,
demand: 99:44,44,44,4,4,80,:4,8,6,10,3,0,
demand: 730:64,64,64,17,17,17,39,31,:10,4,7,5,9,8,1,0,
demand: 380:52,52,52,52,94,:7,6,10,8,0,
demand: 158:71,71,71,71,71,71,25,25,25,:9,5,7,6,3,4,10,2,8,
demand: 633:62,62,62,6,43,:8,5,1,4,0,
demand: 326:92,92,86,86,:4,8,6,2,
demand: 294:81,81,81,54,:4,5,1,0,
demand: 438:62,62,62,62,62,6,6,6,6,76,:2,7,3,4,1,8,5,10,9,0,
demand: 188:86,86,29,29,29,80,80,80,:6,9,5,7,2,10,4,8,
demand: 547:55,55,55,80,:6,4,10,0,
demand: 264:77,77,77,17,65,:6,8,9,2,0,
demand: 310:26,34,34,34,34,49,49,49,49,79,:7,5,1,8,3,4,2,6,10,0,
demand: 823:69,69,8,8,8,56,56,56,:9,4,8,5,3,10,2,7,
demand: 47:22,22,44,:1,10,0,
demand: 816:19,19,84,:3,9,0,
demand: 299:68,68,68,35,:10,7,3,0,
demand: 215:45,45,45,45,73,:10,6,9,5,4,
demand: 879:34,63,63,63,39,39,19,19,54,:2,7,6,3,9,10,1,4,5,
demand: 915:3,71,71,71,71,32,32,:0,10,7,8,2,6,9,
demand: 300:83,83,83,83,10,10,10,10,90,:6,3,10,1,5,9,7,2,0,
demand: 592:9,9,9,9,6,:5,4,3,2,0,
demand: 514:20,20,20,36,83,:7,10,6,0,0,
demand: 460:14,33,:1,0,
demand: 961:20,20,46,53,53,13,13,:2,9,1,10,6,3,7,
demand: 995:46,43,43,43,36,36,92,:0,2,8,5,10,9,0,
demand: 787:49,73,95,:7,0,0,
demand: 534:77,77,81,81,:5,7,1,10,
demand: 295:100,100,4,47,:3,6,0,0,
demand: 693:70,70,70,70,2,2,2,5,:10,7,8,3,2,9,6,0,
demand: 122:11,11,11,5,52,33,:1,8,7,5,3,0,
demand: 359:61,61,61,61,61,17,17,17,17,27,:3,4,8,1,2,5,9,7,6,0,
demand: 157:49,18,18,18,93,:0,3,4,8,5,
demand: 487:49,64,64,64,64,47,47,:0,4,2,9,7,1,5,
demand: 606:73,24,24,24,24,24,32,32,32,:4,10,9,2,6,5,3,7,1,
demand: 960:66,66,66,66,94,94,52,:2,5,10,1,9,4,0,
demand: 850:33,33,33,33,14,14,14,14,71,:3,8,4,10,1,2,7,9,5,
demand: 233:32,100,:5,9,
demand: 507:17,82,82,82,82,97,97,97,58,:2,4,6,10,1,9,5,7,0,
demand: 878:83,33,33,33,94,94,94,62,62,:4,10,5,3,7,9,8,6,2,
demand: 972:99,99,99,99,99,57,:1,4,10,7,5,8,
demand: 815:33,33,33,33,74,74,74,74,30,30,43,32,:8,2,10,4,3,9,5,7,6,1,0,0,
demand: 307:13,13,13,13,13,14,14,:6,8,7,9,1,3,5,
demand: 948:76,76,76,57,:4,7,1,6,
demand: 217:61,61,61,61,86,:2,6,7,10,0,
demand: 685:39,51,51,51,54,:5,4,3,10,6,
demand: 983:29,52,:7,0,
demand: 156:52,94,94,94,94,72,72,72,72,22,:0,10,5,7,1,6,2,8,3,0,
demand: 176:90,1,1,1,93,:9,7,4,2,6,
demand: 715:99,82,82,82,82,97,97,97,97,24,:0,1,9,8,5,3,6,10,4,7,
demand: 923:59,51,51,64,85,:8,10,9,0,0,
demand: 788:40,40,2,2,68,:6,1,10,9,0,
demand: 959:88,27,27,27,27,1,1,1,8,8,:0,8,2,10,9,5,7,1,6,3,
demand: 840:27,74,74,36,36,36,45,45,45,30,30,:0,2,5,1,3,6,10,8,9,4,7,
demand: 179:11,11,74,29,:1,5,2,9,
demand: 874:43,43,43,19,19,23,23,31,34,:1,9,10,4,5,8,2,0,0,
demand: 396:40,2,2,2,2,68,68,68,68,25,:0,7,4,6,3,2,9,10,8,1,
demand: 866:14,23,23,23,31,31,31,15,:0,10,5,3,6,7,2,0,
demand: 117:6,75,75,75,51,51,51,54,:0,10,1,6,5,2,8,0,
demand: 591:7,7,7,4,4,73,:6,8,2,3,7,0,
demand: 96:98,98,98,98,21,21,21,21,88,:6,1,3,9,10,4,8,7,0,
demand: 111:27,48,48,48,48,41,41,41,41,63,:0,7,6,4,1,8,3,2,5,0,
demand: 45:14,54,74,:0,3,0,
demand: 578:52,68,68,68,2,2,15,54,:0,3,1,8,4,2,0,0,
demand: 841:39,23,23,23,40,:0,8,1,9,6,
demand: 552:64,51,51,51,96,:0,8,3,9,2,
demand: 784:85,85,78,78,78,12,12,12,12,29,:3,2,9,7,8,4,6,1,10,0,
demand: 650:33,47,47,47,95,95,:10,5,2,8,4,6,
demand: 566:37,60,60,60,30,75,75,75,:2,3,7,6,8,10,1,9,
demand: 837:93,4,4,27,:8,4,1,0,
demand: 689:64,98,71,:9,4,0,
demand: 100:86,50,50,50,66,:0,1,6,4,2,
demand: 185:25,72,72,72,72,16,16,16,16,41,:0,7,10,2,1,9,5,8,4,3,
demand: 967:51,51,51,54,81,:10,5,4,0,0,
demand: 611:88,35,35,35,35,94,94,94,94,26,:0,9,1,3,4,8,2,10,6,0,
demand: 526:74,67,67,67,67,35,35,35,35,46,:0,5,4,3,2,10,6,8,1,0,
demand: 565:52,89,89,89,89,12,12,12,12,60,:0,2,8,4,1,10,6,5,9,0,
demand: 312:24,67,35,:6,0,0,
demand: 288:44,35,35,35,10,10,:0,7,2,3,9,6,
demand: 250:14,23,23,23,84,84,:0,1,10,2,8,6,
demand: 996:18,65,65,65,65,12,12,12,23,:0,7,3,9,10,5,2,6,4,
demand: 506:83,80,80,52,:0,10,8,0,
demand: 882:78,78,78,22,22,:7,5,9,6,3,
demand: 120:66,82,82,82,67,67,1,:0,8,2,3,10,6,9,
demand: 639:41,75,75,75,77,:0,2,9,10,0,
Average Delay: 3.130434782608696
Runtime (mS): 25065Acceptation rate: 0.92