demand: 119:64,64,64,64,46,46,46,46,11,:8,9,2,6,10,7,1,3,0,
demand: 321:73,73,73,73,35,:8,9,5,3,0,
demand: 12:59,59,59,59,92,:4,9,6,7,1,
demand: 920:15,15,15,15,17,17,21,:2,3,6,9,4,7,0,
demand: 68:15,45,45,45,45,63,63,63,31,:10,3,6,5,1,4,7,8,0,
demand: 836:75,75,75,75,75,88,88,88,88,36,:5,1,7,10,3,2,6,4,8,9,
demand: 857:58,58,58,3,3,60,60,60,66,:8,5,1,4,3,10,7,2,0,
demand: 194:17,26,:5,0,
demand: 171:93,93,93,31,31,31,100,88,:4,2,7,10,9,3,0,0,
demand: 177:16,16,16,70,10,:6,5,9,0,0,
demand: 67:70,70,70,20,20,46,93,:7,9,4,10,6,0,0,
demand: 787:51,51,51,64,64,20,36,:10,4,2,9,6,0,0,
demand: 881:50,50,11,11,11,11,62,62,62,:4,1,9,10,6,2,7,5,3,
demand: 497:7,7,7,7,61,61,:4,6,7,2,5,1,
demand: 205:80,80,80,19,:7,3,1,0,
demand: 158:80,80,80,80,1,1,1,70,:9,3,6,8,5,7,10,0,
demand: 651:37,37,1,32,:5,8,0,0,
demand: 906:88,5,5,5,97,:0,8,2,5,3,
demand: 949:84,6,:5,0,
demand: 889:68,68,68,68,82,:6,4,7,2,0,
demand: 381:96,96,93,:6,2,5,
demand: 3:64,64,64,64,6,6,6,6,26,:10,4,2,6,5,1,9,7,0,
demand: 583:61,61,61,61,61,14,:9,3,6,8,5,4,
demand: 277:10,10,8,:5,10,0,
demand: 966:44,44,44,4,4,7,:9,8,2,7,6,0,
demand: 662:47,47,47,47,30,:8,5,4,10,7,
demand: 60:17,17,17,17,39,39,39,39,51,51,46,:8,7,1,5,2,10,6,9,3,4,0,
demand: 841:43,43,42,:3,7,0,
demand: 186:12,12,12,17,17,94,:6,4,3,9,5,0,
demand: 305:12,12,12,83,:6,7,8,0,
demand: 477:92,92,92,36,36,43,30,:2,10,5,6,7,0,0,
demand: 132:90,23,23,23,48,48,48,:0,10,6,2,8,9,4,
demand: 987:79,79,31,31,31,:7,4,9,3,5,
demand: 297:40,40,74,74,74,30,30,30,:10,3,8,1,2,9,7,4,
demand: 631:76,85,:5,0,
demand: 846:87,87,63,39,59,:7,3,0,0,0,
demand: 831:51,51,51,64,64,64,20,20,20,36,45,80,:2,8,7,5,1,10,9,4,6,3,0,0,
demand: 919:66,17,12,:10,0,0,
demand: 276:4,31,15,:7,0,0,
demand: 424:76,76,17,:2,9,0,
demand: 580:87,51,:2,0,
demand: 288:52,5,26,:4,0,0,
demand: 463:82,82,82,82,100,:6,2,10,7,3,
demand: 421:64,17,17,17,47,:0,10,7,8,3,
demand: 844:26,26,46,:4,3,6,
demand: 16:11,2,2,2,2,22,22,:8,7,5,2,3,6,1,
demand: 952:27,27,27,46,5,:3,1,10,2,0,
demand: 283:81,90,:10,0,
demand: 993:47,17,17,39,23,:0,6,3,0,0,
demand: 443:42,42,4,4,4,43,43,:6,5,8,10,4,7,1,
demand: 963:58,37,61,:6,8,0,
demand: 147:61,61,61,61,47,:9,8,2,10,0,
demand: 652:50,9,9,9,16,:5,4,7,1,9,
demand: 202:46,38,38,38,34,63,:0,8,2,3,9,0,
demand: 893:20,16,16,16,16,18,18,18,:0,6,9,3,2,1,8,10,
demand: 968:5,5,5,59,59,38,:6,10,9,3,2,0,
demand: 433:19,19,19,19,55,55,55,55,:7,1,9,3,2,4,5,8,
demand: 503:61,61,61,22,83,83,:9,10,6,4,1,8,
demand: 854:1,1,1,1,32,32,32,32,72,:3,9,8,2,5,6,1,4,0,
demand: 179:43,36,33,33,33,33,:1,2,8,3,5,4,
demand: 11:70,70,49,49,49,:3,1,8,5,9,
demand: 338:64,17,12,12,12,87,:0,9,3,5,4,0,
demand: 336:23,23,23,23,48,48,33,33,:2,7,9,5,6,10,4,8,
demand: 644:55,1,1,1,1,1,56,56,56,:5,10,7,3,1,8,9,4,2,
demand: 74:68,68,68,68,68,10,10,10,10,8,:6,1,4,5,8,2,10,7,3,0,
demand: 954:95,95,97,97,97,14,14,14,14,54,17,:3,4,5,8,1,9,6,10,7,2,0,
demand: 38:94,94,94,94,35,35,35,10,:3,7,2,5,8,4,10,0,
demand: 237:54,54,37,37,60,60,15,:5,1,4,6,7,2,0,
demand: 640:29,29,29,29,29,52,:5,1,8,4,10,7,
demand: 694:60,60,60,45,45,45,53,53,46,30,:4,5,3,10,9,1,2,6,0,0,
demand: 269:29,86,86,86,64,:0,1,2,8,0,
demand: 590:65,65,76,:8,1,0,
demand: 58:48,48,53,53,46,51,39,:5,9,8,4,0,0,0,
demand: 162:87,56,56,56,56,71,71,71,71,63,63,:0,4,6,10,3,9,7,5,8,2,1,
demand: 347:12,12,2,2,2,84,:3,5,2,7,10,1,
demand: 208:28,4,4,4,4,34,34,34,:7,4,6,10,8,3,2,1,
demand: 19:99,99,1,84,:4,1,0,0,
demand: 373:72,72,72,72,72,75,75,75,75,75,88,:7,4,1,3,9,5,8,10,2,6,0,
demand: 950:92,82,82,82,97,97,97,28,:0,4,5,7,3,6,10,2,
demand: 99:65,65,82,82,68,:5,4,7,6,0,
demand: 377:25,25,25,82,82,97,97,37,:4,5,8,2,6,3,10,0,
demand: 438:94,94,94,21,:9,2,3,7,
demand: 579:23,82,:7,0,
demand: 335:87,81,81,81,81,81,2,2,2,:6,1,7,5,8,3,4,2,9,
demand: 166:94,94,94,94,36,:5,10,3,6,0,
demand: 470:82,51,51,51,51,75,75,:9,8,10,3,6,7,2,
demand: 157:67,13,:10,0,
demand: 673:16,72,72,72,72,72,35,35,35,35,35,:0,10,3,1,6,5,9,7,4,2,8,
demand: 10:68,13,13,13,14,14,97,:6,10,2,3,1,5,0,
demand: 883:77,77,77,77,71,71,71,71,75,75,97,:8,10,1,5,9,4,2,6,7,3,0,
demand: 774:80,32,32,32,1,58,:10,2,3,1,8,0,
demand: 505:31,23,23,20,:5,7,8,0,
demand: 882:28,23,23,23,53,53,:0,10,5,8,6,4,
demand: 182:63,71,71,71,56,56,88,:0,7,3,6,8,2,0,
demand: 811:39,72,72,72,:0,8,9,10,
demand: 772:69,69,69,69,67,:10,9,6,3,0,
demand: 550:99,1,67,67,:6,7,4,9,
demand: 13:47,33,33,33,33,91,91,91,91,79,:9,4,1,10,5,6,8,7,3,0,
demand: 227:35,35,35,94,48,:2,3,7,10,0,
demand: 816:73,91,:8,0,
demand: 311:77,78,78,78,78,89,89,89,:1,10,4,7,9,3,8,5,
demand: 469:98,98,15,:8,6,0,
demand: 758:79,66,66,66,27,27,27,18,:0,8,1,2,6,3,10,4,
demand: 73:14,57,57,57,74,74,99,:0,1,7,5,4,3,10,
demand: 586:61,13,13,13,16,:10,6,1,7,0,
demand: 705:78,24,24,24,45,45,45,18,:10,4,8,6,9,5,1,0,
demand: 740:19,23,23,31,15,60,12,:10,9,7,3,0,0,0,
demand: 486:75,41,41,41,41,36,:10,2,9,6,8,3,
demand: 731:50,38,:0,6,
demand: 730:52,52,98,98,98,83,83,83,:7,4,1,6,2,8,3,5,
demand: 238:9,9,100,100,100,21,21,:6,8,3,10,2,7,5,
demand: 233:65,8,8,8,71,63,:0,3,6,10,9,0,
demand: 394:34,34,49,49,8,8,8,41,:5,10,7,9,3,4,8,0,
demand: 745:56,21,21,21,20,:3,10,2,9,0,
demand: 820:4,44,34,:0,4,0,
demand: 313:47,94,75,:0,1,0,
demand: 25:98,57,66,66,25,:9,4,7,8,1,
demand: 755:32,89,89,89,97,:0,7,3,2,0,
demand: 852:91,16,:5,0,
demand: 170:95,30,30,30,2,20,:0,10,9,1,8,0,
demand: 24:26,6,6,16,:0,6,2,0,
demand: 181:96,62,62,62,93,:0,6,5,4,1,
demand: 308:44,4,4,55,1,:5,1,3,6,0,
demand: 174:51,62,62,62,32,:0,8,4,3,0,
demand: 97:83,24,51,:0,1,0,
demand: 291:95,2,62,62,11,:0,9,7,8,0,
demand: 513:75,54,54,59,58,:0,5,7,6,0,
demand: 701:29,76,76,76,39,:0,5,3,8,0,
demand: 287:94,53,53,53,20,:0,5,3,1,0,
demand: 129:49,96,93,93,56,:0,9,7,1,0,
demand: 299:67,67,85,85,22,10,10,:1,4,9,2,3,5,10,
Average Delay: 3.074380165289256
Runtime (mS): 86658Acceptation rate: 0.711764705882353