demand: 119:64,64,64,64,46,46,46,46,11,:8,9,2,6,10,7,1,3,0,
demand: 321:73,73,73,73,35,:8,9,5,3,0,
demand: 12:59,59,59,59,92,:4,9,6,7,1,
demand: 920:15,15,15,15,17,17,21,:2,3,6,9,4,7,0,
demand: 68:15,45,45,45,45,63,63,63,31,:10,3,6,5,1,4,7,8,0,
demand: 836:75,75,75,75,75,88,88,88,88,36,:5,1,7,10,3,2,6,4,8,9,
demand: 857:58,58,58,3,3,60,60,60,66,:8,5,1,4,3,10,7,2,0,
demand: 194:17,26,:5,0,
demand: 171:93,93,93,31,31,31,100,88,:4,2,7,10,9,3,0,0,
demand: 177:16,16,16,70,10,:6,5,9,0,0,
demand: 262:64,64,64,64,85,:10,7,9,1,8,
demand: 305:91,91,91,91,82,:10,2,7,9,0,
demand: 934:27,60,:8,0,
demand: 300:69,41,41,:2,4,5,
demand: 100:20,50,:6,0,
demand: 175:97,97,5,46,66,:10,9,8,0,0,
demand: 455:13,13,13,13,90,:1,3,9,6,0,
demand: 15:91,59,39,39,39,34,34,:10,2,7,6,5,9,4,
demand: 675:31,31,31,44,44,:2,8,9,10,7,
demand: 470:24,24,24,86,86,:5,2,3,7,1,
demand: 165:81,81,81,1,93,:7,9,6,3,0,
demand: 64:66,66,66,66,66,25,:10,1,8,5,3,4,
demand: 401:41,41,32,3,:5,8,4,0,
demand: 679:45,45,45,36,83,:8,7,1,3,0,
demand: 4:84,84,97,97,97,60,60,60,60,5,:9,4,2,8,10,6,7,1,3,5,
demand: 208:99,99,99,99,99,28,:10,3,7,1,9,2,
demand: 41:8,8,6,25,:3,10,0,0,
demand: 288:62,62,62,62,62,62,8,8,8,:2,7,8,3,10,5,1,4,6,
demand: 59:97,97,5,5,5,11,11,11,:9,3,7,8,1,5,6,2,
demand: 870:49,49,34,57,:3,2,0,0,
demand: 567:9,9,9,9,20,20,20,20,36,:10,1,6,4,5,3,2,9,0,
demand: 488:24,24,27,:8,10,0,
demand: 722:13,29,:9,0,
demand: 621:17,17,12,:9,7,0,
demand: 141:88,37,37,37,37,58,50,50,50,:0,2,6,10,7,8,3,1,4,
demand: 204:29,29,2,15,:9,7,0,0,
demand: 654:82,82,82,82,73,:4,1,10,8,6,
demand: 425:63,63,63,63,86,:5,6,10,9,3,
demand: 749:49,49,49,73,73,73,87,87,87,87,:7,1,8,5,6,10,2,4,3,9,
demand: 747:71,71,71,71,71,90,90,:1,3,7,9,10,5,2,
demand: 630:61,61,61,61,30,30,30,30,74,:2,5,1,4,9,8,10,3,0,
demand: 382:69,23,23,19,:3,10,6,0,
demand: 221:62,90,:5,0,
demand: 414:11,11,34,:9,3,2,
demand: 779:35,35,35,1,28,:3,1,10,0,0,
demand: 542:91,91,78,78,:9,5,1,7,
demand: 693:55,55,65,:6,8,0,
demand: 138:70,70,86,:2,10,0,
demand: 728:85,96,:0,10,
demand: 34:49,64,64,64,64,51,51,51,51,11,:0,2,3,7,4,6,5,1,10,0,
demand: 904:100,100,100,100,68,:3,6,7,5,0,
demand: 707:87,7,7,7,:0,8,7,10,
demand: 309:26,6,6,6,7,:1,4,7,5,6,
demand: 755:71,71,71,47,:7,10,9,0,
demand: 143:45,53,53,53,53,36,36,36,78,:9,6,10,4,5,2,8,7,1,
demand: 91:44,4,4,4,4,4,93,93,93,:10,4,6,8,7,1,3,5,9,
demand: 7:57,57,57,57,1,1,100,:6,10,8,9,3,1,0,
demand: 124:20,80,:6,2,
demand: 108:76,76,76,76,1,1,1,1,95,:2,5,4,10,8,6,3,1,0,
demand: 793:56,10,13,:8,0,0,
demand: 107:58,14,14,14,14,54,54,54,54,24,:0,4,7,9,6,5,2,3,1,0,
demand: 393:5,37,37,60,60,6,8,:6,1,3,7,9,0,0,
demand: 501:7,7,85,:7,6,0,
demand: 866:81,1,1,1,32,32,32,41,:1,8,10,5,9,4,3,0,
demand: 404:72,72,72,72,72,32,32,21,21,21,:6,3,7,10,9,5,2,1,4,8,
demand: 702:94,94,94,94,94,10,10,10,10,10,24,:2,1,5,4,6,3,8,7,10,9,0,
demand: 271:88,75,75,75,75,75,72,72,72,72,:0,4,6,9,3,2,10,1,8,7,
demand: 583:99,47,85,:0,4,0,
demand: 8:15,31,39,:0,0,9,
demand: 725:22,22,22,61,61,30,30,30,30,60,:10,6,4,2,7,3,9,1,8,0,
demand: 545:82,82,82,100,:8,10,1,0,
demand: 146:72,72,74,:8,1,0,
demand: 802:91,6,6,6,30,61,61,61,:0,2,5,9,10,6,1,4,
demand: 73:74,74,74,74,73,:10,7,5,6,0,
demand: 57:27,27,27,14,14,:3,10,9,8,1,
demand: 743:91,33,33,33,52,52,100,:0,7,5,3,9,10,0,
demand: 594:22,22,35,35,35,98,98,98,98,3,:10,1,5,2,6,8,4,3,9,7,
demand: 578:18,18,18,18,18,23,23,23,23,23,31,:7,6,3,9,10,8,5,2,1,4,0,
demand: 597:87,17,17,17,12,12,84,:0,7,9,10,5,1,0,
demand: 640:69,5,52,:0,0,8,
demand: 687:90,33,33,33,:0,2,6,9,
demand: 733:27,27,27,27,17,17,17,17,39,23,:3,10,6,5,9,8,2,1,0,0,
demand: 139:25,25,25,28,:10,2,9,1,
demand: 449:88,1,1,1,77,:0,6,3,7,0,
demand: 26:90,51,51,51,92,92,50,:0,3,8,1,5,6,0,
demand: 911:11,2,2,2,2,83,83,83,83,85,:7,3,1,8,9,4,2,10,5,6,
demand: 498:72,72,72,55,55,8,:2,9,8,1,3,0,
demand: 354:69,23,23,23,:0,4,9,10,
demand: 577:12,12,12,12,12,12,12,17,17,17,:1,5,6,4,7,2,10,9,3,8,
demand: 665:57,57,75,75,75,53,53,53,28,:9,3,7,1,6,8,10,5,4,
demand: 535:38,38,38,9,:7,10,9,0,
demand: 882:36,43,43,84,:0,6,5,0,
demand: 994:73,49,34,23,23,19,19,26,:0,0,9,6,7,3,1,0,
demand: 959:66,94,94,94,94,48,48,48,25,:8,2,5,4,10,6,9,7,0,
demand: 290:76,46,51,51,51,53,:10,3,9,7,4,0,
demand: 782:7,19,19,19,51,:0,4,9,7,8,
demand: 602:14,71,71,71,71,56,56,56,56,95,95,:0,4,8,3,5,9,10,1,7,6,2,
demand: 515:61,30,43,43,43,21,21,21,:0,0,7,2,8,5,6,3,
demand: 514:46,62,62,62,62,62,4,4,4,4,:0,7,9,5,4,3,1,2,6,10,
demand: 819:33,33,41,32,:7,1,0,0,
demand: 680:82,19,:3,0,
demand: 345:9,9,16,16,16,89,89,89,89,39,:7,9,4,5,10,8,1,6,2,0,
demand: 251:6,86,82,82,82,:0,5,8,4,3,
demand: 646:6,56,56,56,64,:0,9,5,7,6,
demand: 634:68,68,39,:6,5,0,
demand: 187:51,51,51,51,59,59,84,:10,1,2,9,3,5,0,
demand: 851:27,65,65,65,5,:0,2,5,7,0,
demand: 948:12,12,12,25,6,:10,6,8,5,0,
demand: 883:62,2,2,2,67,67,67,60,:0,8,7,4,3,9,10,0,
demand: 67:27,60,47,47,47,:0,9,7,10,2,
demand: 830:6,56,56,56,56,29,29,29,29,:0,1,10,2,7,4,5,6,3,
demand: 901:56,56,36,:2,9,0,
demand: 584:13,13,13,68,68,93,:1,10,6,9,4,0,
demand: 308:1,77,77,77,77,77,:8,4,9,7,5,2,
demand: 360:41,41,10,:3,10,7,
demand: 591:36,2,2,2,67,67,67,32,:0,7,10,6,5,4,2,0,
demand: 682:8,80,80,80,4,4,4,53,:0,4,1,6,8,7,9,0,
demand: 502:51,68,68,68,9,:0,10,8,7,0,
demand: 369:73,27,74,74,74,:0,10,6,2,5,
demand: 46:53,79,79,79,31,:5,1,8,9,0,
demand: 228:38,38,38,68,68,68,46,15,:3,9,4,8,6,7,5,0,
demand: 689:31,96,13,:0,4,0,
demand: 315:77,86,:6,0,
Average Delay: 2.893805309734513
Runtime (mS): 36061Acceptation rate: 0.8692307692307693