demand: 119:64,64,64,64,46,46,46,46,11,:8,9,2,6,10,7,1,3,0,
demand: 321:73,73,73,73,35,:8,9,5,3,0,
demand: 12:59,59,59,59,92,:4,9,6,7,1,
demand: 920:15,15,15,15,17,17,21,:2,3,6,9,4,7,0,
demand: 68:15,45,45,45,45,63,63,63,31,:10,3,6,5,1,4,7,8,0,
demand: 836:75,75,75,75,75,88,88,88,88,36,:5,1,7,10,3,2,6,4,8,9,
demand: 857:58,58,58,3,3,60,60,60,66,:8,5,1,4,3,10,7,2,0,
demand: 194:17,26,:5,0,
demand: 171:93,93,93,31,31,31,100,88,:4,2,7,10,9,3,0,0,
demand: 177:16,16,16,70,10,:6,5,9,0,0,
demand: 790:88,5,5,3,14,:0,3,10,0,0,
demand: 250:43,43,43,36,36,36,20,64,:10,1,3,4,2,9,6,0,
demand: 834:23,23,23,39,39,17,17,70,:8,2,1,10,7,4,5,0,
demand: 980:46,46,92,92,51,51,59,59,:1,5,10,2,8,9,3,4,
demand: 95:26,34,31,:8,4,0,
demand: 570:51,51,51,51,51,64,64,64,64,64,59,:10,4,6,9,5,3,1,8,2,7,0,
demand: 25:55,55,55,55,2,2,:2,7,6,8,9,1,
demand: 960:58,14,14,14,99,:0,2,9,8,10,
demand: 399:10,10,10,10,5,5,67,67,67,67,:7,3,8,10,4,1,6,5,2,9,
demand: 624:43,43,43,6,6,86,86,86,92,:1,7,3,2,6,9,8,4,0,
demand: 4:46,51,51,51,39,67,67,67,:0,9,7,4,6,3,1,2,
demand: 794:92,68,68,68,68,68,37,37,37,37,37,:0,8,1,5,4,10,2,9,6,3,7,
demand: 270:92,39,51,51,51,80,80,80,:0,0,10,5,7,6,8,9,
demand: 263:36,36,36,45,53,75,:1,6,3,9,0,0,
demand: 379:78,78,78,78,76,:7,8,1,9,4,
demand: 14:72,72,72,6,6,96,:5,6,9,7,10,0,
demand: 23:6,60,60,60,67,:4,10,2,9,0,
demand: 694:51,51,77,77,77,77,:1,9,8,2,7,4,
demand: 344:42,74,74,74,29,29,86,:4,1,3,5,9,6,0,
demand: 188:48,48,48,48,31,31,31,83,:2,4,8,5,9,6,7,10,
demand: 599:16,16,16,16,16,57,57,:3,10,1,4,9,6,5,
demand: 929:99,99,99,30,43,:3,2,10,0,0,
demand: 346:34,100,:4,0,
demand: 581:17,17,17,27,4,:10,3,7,0,0,
demand: 847:70,70,70,70,70,81,81,:5,10,1,7,9,8,2,
demand: 45:42,13,13,13,25,25,:0,2,3,1,6,10,
demand: 476:82,82,82,82,82,100,:10,2,3,6,1,8,
demand: 325:35,35,35,35,35,68,:7,2,6,8,4,3,
demand: 779:23,23,23,23,23,29,29,29,29,74,:4,10,6,1,2,9,8,7,3,0,
demand: 868:77,52,52,52,52,52,33,33,33,33,:0,1,10,2,5,4,7,3,9,6,
demand: 505:47,47,47,47,7,7,50,50,50,:1,4,5,8,2,7,3,6,9,
demand: 702:46,2,2,2,2,2,98,98,98,98,:0,8,7,5,9,10,2,1,3,4,
demand: 30:22,22,22,23,:6,8,3,0,
demand: 550:26,60,60,60,30,:0,5,7,1,10,
demand: 417:63,63,63,49,49,49,73,50,:1,5,10,2,9,8,3,0,
demand: 241:29,29,1,1,1,62,62,62,:7,8,4,9,10,6,2,5,
demand: 924:8,100,:3,0,
demand: 392:33,33,33,33,33,33,19,19,:4,8,3,7,2,1,5,9,
demand: 84:87,87,87,2,15,:10,5,9,8,0,
demand: 668:13,13,13,49,49,:1,9,7,8,5,
demand: 253:52,30,30,30,60,60,97,97,14,14,43,:0,7,6,3,5,9,2,1,8,4,0,
demand: 311:58,14,97,5,52,33,:10,3,0,0,0,0,
demand: 743:63,2,2,2,2,62,62,62,:0,6,5,8,4,2,7,9,
demand: 880:27,27,4,4,4,89,:4,2,1,5,8,6,
demand: 632:97,82,82,82,64,64,64,59,:1,2,9,8,5,4,7,0,
demand: 805:45,45,45,96,96,:2,10,1,7,4,
demand: 785:42,74,74,74,74,28,28,:0,3,10,9,2,4,6,
demand: 21:20,20,20,46,13,:9,7,1,0,0,
demand: 611:18,18,18,18,23,23,19,19,19,96,:2,5,3,7,4,9,10,1,8,0,
demand: 351:21,21,47,94,:8,1,0,0,
demand: 628:88,46,93,93,93,41,41,41,:0,0,7,10,4,3,6,1,
demand: 69:48,68,68,68,68,9,9,:0,2,10,7,9,1,6,
demand: 921:83,83,83,30,30,30,6,:4,1,8,7,3,5,0,
demand: 24:81,56,56,56,56,:0,4,8,6,9,
demand: 876:55,8,8,8,8,9,9,9,:4,2,7,10,9,6,3,1,
demand: 173:92,35,35,35,35,35,73,73,73,:5,9,2,10,7,1,3,6,4,
demand: 765:78,78,12,12,12,25,25,:3,9,4,6,8,7,10,
demand: 131:93,4,4,27,:0,9,4,0,
demand: 279:84,84,89,89,89,4,4,4,4,100,:4,3,9,1,10,7,8,6,5,0,
demand: 142:67,4,4,:0,10,5,
demand: 602:11,11,11,37,:2,4,6,9,
demand: 1000:1,1,1,1,32,32,32,93,:7,6,9,1,10,2,3,0,
demand: 94:22,53,53,53,53,75,75,75,75,40,:2,3,8,4,5,7,10,6,1,0,
demand: 563:3,75,75,75,75,75,:9,5,3,8,4,7,
demand: 576:95,1,16,:1,0,0,
demand: 811:35,68,48,:4,7,0,
demand: 360:2,2,87,87,53,53,53,22,:8,6,1,9,5,3,10,0,
demand: 612:88,89,:0,3,
demand: 268:51,61,61,:0,5,9,
demand: 984:99,30,6,44,44,:0,0,0,2,5,
demand: 559:31,56,56,56,76,76,11,:0,10,9,2,4,3,0,
demand: 923:79,79,1,1,1,91,91,:1,8,2,10,7,3,9,
demand: 557:2,24,24,24,24,100,100,99,99,:3,4,9,7,2,6,1,10,8,
demand: 915:44,44,44,72,72,23,:4,8,9,5,3,0,
demand: 891:70,30,14,:0,3,0,
demand: 451:69,69,69,69,33,52,52,25,25,25,:9,8,7,3,4,2,6,5,10,1,
demand: 744:26,32,32,32,72,72,72,74,:0,9,6,2,4,3,1,0,
demand: 558:65,36,74,:4,0,0,
demand: 88:65,87,83,:7,2,0,
demand: 490:90,38,38,34,34,49,44,:0,7,1,5,10,0,0,
demand: 210:92,47,94,94,94,15,:0,10,2,7,9,0,
demand: 118:18,62,62,62,62,62,94,94,94,94,94,:0,7,3,4,5,6,2,10,1,8,9,
demand: 214:87,79,:0,1,
demand: 928:9,9,8,8,56,56,81,:3,8,10,1,7,4,0,
demand: 58:77,66,66,66,61,61,61,26,:0,8,7,4,1,2,6,0,
demand: 852:89,12,12,67,:4,3,2,0,
demand: 138:26,61,61,61,54,54,54,5,:0,7,6,2,5,9,4,10,
demand: 553:33,57,57,51,:7,5,4,0,
demand: 892:7,7,7,7,12,12,12,12,68,68,52,:10,8,5,1,9,2,4,6,7,3,0,
demand: 426:5,94,94,94,94,66,66,:0,4,1,7,8,9,5,
demand: 273:71,71,71,71,71,82,82,82,82,93,:5,3,4,9,8,10,1,6,2,0,
demand: 846:23,61,61,61,72,72,16,:0,2,8,7,3,6,0,
demand: 586:24,17,17,17,65,65,82,:3,7,8,6,1,10,0,
demand: 655:57,71,71,71,10,10,21,21,58,:7,5,4,1,10,3,2,9,0,
demand: 775:49,18,:6,0,
demand: 394:47,4,93,:0,10,0,
demand: 578:46,2,20,:0,0,6,
demand: 150:46,54,54,54,8,:0,10,7,5,0,
demand: 381:22,91,91,91,91,20,20,85,85,:0,4,7,3,5,10,9,1,6,
demand: 191:35,72,72,72,39,:0,6,1,8,0,
demand: 418:60,71,71,71,77,54,:0,1,3,8,6,0,
demand: 730:31,83,80,80,80,1,1,:0,5,2,7,3,9,4,
demand: 245:13,95,95,40,92,:0,6,9,8,0,
demand: 514:15,44,72,:0,2,0,
demand: 229:4,53,46,5,97,:3,2,0,0,0,
demand: 233:93,68,48,:0,0,9,
demand: 195:22,21,21,21,88,:0,5,9,6,0,
demand: 919:86,30,:0,5,
demand: 114:57,38,38,41,30,:0,10,8,7,1,
demand: 40:38,38,68,48,:5,10,0,0,
demand: 26:22,81,81,56,56,69,:0,9,3,7,1,0,
demand: 186:78,76,80,:0,5,10,
demand: 218:76,75,88,86,:0,10,0,0,
demand: 788:91,52,5,24,:0,0,8,0,
demand: 999:36,90,90,1,:0,6,2,0,
demand: 457:100,43,69,:0,9,0,
demand: 689:36,85,100,6,:0,1,2,0,
demand: 350:38,41,41,95,11,:0,3,9,8,0,
demand: 831:78,12,28,3,:0,0,4,0,
demand: 701:35,12,89,:0,7,0,
demand: 488:71,10,81,62,:0,1,10,0,
demand: 535:97,97,97,5,53,:5,3,9,0,0,
demand: 870:56,8,9,:9,0,0,
demand: 698:10,61,22,:0,7,0,
demand: 235:75,18,49,:0,10,0,
demand: 529:61,34,40,63,:0,5,2,9,
demand: 616:30,25,17,27,:0,5,1,0,
demand: 818:21,66,48,:0,7,0,
Average Delay: 3.25
Runtime (mS): 130850Acceptation rate: 0.64