20, 61, 69, 39, 67, 3, 50, 39, 69, 61, 83, 7, 27, 36, 96, 
36, 61, 83, 39, 69, 3, 68, 17, 27, 
11, 36, 1, 68, 17, 99, 68, 41, 
69, 7, 93, 67, 58, 39, 99, 36, 88, 51, 58, 17, 30, 71, 45, 84, 
12, 47, 71, 45, 12, 93, 45, 39, 58, 59, 
12, 45, 71, 30, 71, 45, 12, 2, 45, 12, 68, 17, 64, 
74, 12, 45, 88, 36, 91, 
71, 53, 51, 2, 58, 45, 84, 71, 30, 34, 12, 69, 2, 77, 71, 70, 77, 2, 98, 
17, 95, 71, 2, 12, 17, 98, 2, 40, 
98, 2, 71, 47, 90, 65, 88, 45, 47, 
1, 34, 47, 34, 16, 94, 48, 
30, 94, 22, 98, 14, 42, 21, 46, 42, 74, 
42, 21, 46, 58, 22, 98, 78, 
42, 21, 46, 42, 14, 98, 22, 94, 65, 90, 47, 41, 31, 
11, 94, 6, 
22, 94, 16, 97, 16, 70, 16, 94, 30, 25, 
65, 90, 47, 41, 97, 22, 67, 
97, 41, 97, 25, 
97, 46, 42, 14, 90, 56, 47, 41, 38, 47, 53, 56, 47, 71, 37, 
38, 41, 70, 53, 56, 38, 14, 46, 97, 25, 14, 56, 47, 53, 47, 5, 
22, 11, 73, 53, 56, 38, 41, 11, 9, 82, 14, 46, 11, 60, 70, 78, 
20, 11, 60, 44, 4, 70, 65, 16, 21, 6, 44, 84, 45, 
4, 44, 84, 20, 16, 79, 6, 16, 38, 20, 42, 
48, 5, 53, 84, 60, 49, 63, 
84, 44, 4, 44, 84, 44, 4, 92, 73, 51, 27, 28, 63, 21, 66, 16, 8, 
57, 1, 34, 16, 34, 4, 92, 27, 28, 96, 70, 96, 11, 
60, 49, 63, 28, 79, 97, 25, 79, 6, 94, 92, 9, 36, 73, 41, 25, 79, 28, 63, 20, 
42, 63, 92, 56, 25, 16, 20, 92, 88, 
60, 96, 20, 70, 
6, 25, 97, 20, 96, 48, 5, 53, 56, 18, 96, 39, 87, 18, 98, 15, 58, 39, 96, 18, 87, 25, 
33, 87, 18, 96, 40, 81, 77, 57, 84, 20, 92, 77, 85, 
94, 37, 54, 81, 41, 68, 
33, 48, 40, 81, 8, 99, 
77, 53, 47, 71, 
77, 92, 40, 81, 37, 54, 81, 57, 77, 81, 40, 47, 
48, 33, 69, 34, 37, 65, 77, 81, 54, 37, 33, 28, 63, 55, 
38, 40, 48, 37, 54, 44, 87, 33, 37, 57, 
77, 81, 54, 18, 87, 33, 42, 49, 
54, 57, 77, 27, 
77, 76, 96, 18, 54, 57, 70, 37, 33, 54, 57, 40, 84, 
demand: 910:97,20,61,69,39,67,3,50,39,69,61,83,7,27,36,96,:0,0,13,4,12,6,7,8,14,3,10,9,2,0,11,0,
demand: 530:95,36,61,83,39,69,3,68,17,27,:0,14,3,5,0,4,10,8,13,0,
demand: 489:59,11,36,1,68,17,99,68,41,:0,0,3,0,1,6,2,11,0,
demand: 815:48,69,7,93,67,58,39,99,36,88,51,58,17,30,71,45,84,:0,9,5,15,10,7,3,6,4,13,0,11,8,2,1,14,0,
demand: 259:74,12,47,71,45,12,93,45,39,58,59,:0,11,0,12,2,7,8,14,4,10,0,
demand: 718:92,12,45,71,30,71,45,12,2,45,12,68,17,64,:0,7,14,15,4,0,13,11,12,2,1,0,8,0,
demand: 247:81,74,12,45,88,36,91,:0,0,2,0,10,0,0,
demand: 96:95,71,53,51,2,58,45,84,71,30,34,12,69,2,77,71,70,77,2,98,:0,7,0,0,11,4,12,0,0,5,0,9,0,1,0,15,13,0,14,0,
demand: 145:12,17,95,71,2,12,17,98,2,40,:0,0,0,7,10,6,0,11,5,0,
demand: 406:14,98,2,71,47,90,65,88,45,47,:0,11,0,8,1,14,15,4,9,0,
demand: 466:81,1,34,47,34,16,94,48,:0,0,0,15,0,0,7,0,
demand: 973:73,30,94,22,98,14,42,21,46,42,74,:0,3,14,15,1,10,9,6,4,13,0,
demand: 999:49,42,21,46,58,22,98,78,:0,1,6,10,3,8,9,0,
demand: 97:28,42,21,46,42,14,98,22,94,65,90,47,41,31,:0,12,6,2,7,5,13,11,9,1,15,10,8,0,
demand: 60:13,11,94,6,:0,14,10,0,
demand: 433:91,22,94,16,97,16,70,16,94,30,25,:0,2,4,0,13,0,7,0,0,3,0,
demand: 962:26,65,90,47,41,97,22,67,:0,1,10,13,14,6,8,0,
demand: 865:64,97,41,97,25,:0,7,4,0,0,
demand: 275:89,97,46,42,14,90,56,47,41,38,47,53,56,47,71,37,:0,14,11,0,10,15,5,4,13,2,9,7,12,3,0,0,
demand: 107:91,38,41,70,53,56,38,14,46,97,25,14,56,47,53,47,5,:0,6,11,10,14,12,8,2,4,5,15,13,1,9,7,0,0,
demand: 191:43,22,11,73,53,56,38,41,11,9,82,14,46,11,60,70,78,:0,3,11,0,14,8,9,5,1,0,0,12,10,6,0,7,0,
demand: 980:96,20,11,60,44,4,70,65,16,21,6,44,84,45,:0,12,10,15,6,2,9,5,7,8,11,14,0,0,
demand: 497:35,4,44,84,20,16,79,6,16,38,20,42,:0,1,6,13,11,12,10,15,8,5,7,0,
demand: 956:94,48,5,53,84,60,49,63,:0,0,0,4,15,8,0,0,
demand: 56:31,84,44,4,44,84,44,4,92,73,51,27,28,63,21,66,16,8,:0,12,9,13,0,15,4,6,10,0,0,0,14,2,0,0,11,0,
demand: 390:55,57,1,34,16,34,4,92,27,28,96,70,96,11,:0,0,0,0,15,0,7,2,0,14,0,9,0,0,
demand: 154:33,60,49,63,28,79,97,25,79,6,94,92,9,36,73,41,25,79,28,63,20,:0,1,0,13,10,15,4,8,2,11,9,5,0,0,0,0,6,14,12,7,0,
demand: 23:99,42,63,92,56,25,16,20,92,88,:0,3,13,1,4,14,10,0,12,0,
demand: 44:41,60,96,20,70,:0,10,15,4,0,
demand: 352:90,6,25,97,20,96,48,5,53,56,18,96,39,87,18,98,15,58,39,96,18,87,25,:0,10,8,0,9,14,0,0,0,3,13,7,0,11,2,4,0,0,0,6,12,1,0,
demand: 560:42,33,87,18,96,40,81,77,57,84,20,92,77,85,:0,11,2,0,15,14,7,12,6,5,0,9,1,0,
demand: 617:87,94,37,54,81,41,68,:0,3,8,14,1,4,0,
demand: 138:42,33,48,40,81,8,99,:0,8,10,14,5,0,0,
demand: 31:43,77,53,47,71,:0,11,0,0,0,
demand: 280:85,77,92,40,81,37,54,81,57,77,81,40,47,:0,14,4,5,8,7,13,12,1,10,11,2,0,
demand: 451:40,48,33,69,34,37,65,77,81,54,37,33,28,63,55,:0,0,6,0,0,11,3,13,14,2,7,1,9,4,0,
demand: 549:77,38,40,48,37,54,44,87,33,37,57,:0,3,6,8,1,13,4,9,11,14,0,
demand: 395:36,77,81,54,18,87,33,42,49,:0,12,14,8,9,0,7,0,0,
demand: 14:22,54,57,77,27,:0,10,5,14,0,
demand: 479:91,77,76,96,18,54,57,70,37,33,54,57,40,84,:0,7,8,0,9,11,15,3,13,10,5,12,6,0,
Average Delay: 11.466666666666667
Runtime (mS): 8315Acceptation rate: 1.0