20, 61, 69, 39, 67, 3, 50, 39, 69, 61, 83, 7, 27, 36, 96, 
36, 61, 83, 39, 69, 3, 68, 17, 27, 
11, 36, 1, 68, 17, 99, 68, 41, 
69, 7, 93, 67, 58, 39, 99, 36, 88, 51, 58, 17, 30, 71, 45, 84, 
12, 47, 71, 45, 12, 93, 45, 39, 58, 59, 
12, 45, 71, 30, 71, 45, 12, 2, 45, 12, 68, 17, 64, 
74, 12, 45, 88, 36, 91, 
71, 53, 51, 2, 58, 45, 84, 71, 30, 34, 12, 69, 2, 77, 71, 70, 77, 2, 98, 
17, 95, 71, 2, 12, 17, 98, 2, 40, 
98, 2, 71, 47, 90, 65, 88, 45, 47, 
38, 47, 34, 16, 94, 48, 5, 53, 73, 41, 73, 30, 
47, 90, 65, 22, 98, 15, 17, 3, 50, 
30, 94, 22, 98, 14, 42, 21, 46, 42, 21, 4, 
100, 100, 100, 100, 100, 100, 100, 100, 100, 100, 100, 100, 98, 
22, 94, 42, 21, 23, 
22, 21, 46, 42, 94, 65, 90, 39, 58, 22, 97, 46, 42, 33, 
97, 46, 21, 97, 22, 98, 14, 90, 47, 38, 41, 97, 42, 14, 90, 35, 
97, 41, 38, 14, 42, 53, 56, 41, 38, 31, 
22, 97, 41, 11, 73, 14, 73, 36, 
53, 56, 70, 53, 42, 97, 20, 52, 
56, 70, 53, 56, 70, 42, 11, 60, 14, 11, 60, 44, 83, 
97, 16, 70, 60, 11, 60, 84, 53, 77, 16, 65, 90, 14, 82, 9, 11, 28, 20, 16, 66, 21, 63, 28, 41, 57, 
79, 6, 44, 84, 20, 98, 25, 4, 92, 56, 16, 
44, 84, 20, 16, 56, 95, 23, 
92, 4, 25, 79, 6, 16, 79, 6, 9, 92, 4, 90, 65, 90, 47, 38, 41, 25, 4, 
97, 42, 11, 28, 96, 70, 
92, 56, 25, 6, 84, 20, 28, 63, 84, 44, 63, 11, 2, 25, 75, 
63, 70, 18, 87, 22, 96, 18, 38, 80, 
60, 49, 96, 18, 70, 4, 100, 66, 96, 22, 87, 16, 96, 39, 38, 96, 48, 96, 76, 
40, 81, 37, 34, 69, 33, 84, 33, 60, 33, 87, 33, 48, 56, 81, 79, 57, 81, 74, 
37, 54, 81, 1, 57, 40, 92, 60, 91, 81, 79, 20, 
81, 40, 57, 77, 81, 40, 57, 84, 44, 54, 38, 40, 81, 54, 37, 38, 14, 
40, 57, 77, 81, 56, 15, 42, 21, 42, 26, 42, 15, 56, 81, 54, 37, 33, 48, 63, 37, 9, 92, 56, 81, 79, 52, 
40, 33, 37, 38, 5, 
100, 100, 54, 37, 6, 18, 40, 33, 37, 54, 36, 
40, 33, 37, 38, 54, 81, 16, 96, 76, 40, 33, 54, 81, 77, 87, 
40, 76, 37, 57, 77, 92, 40, 76, 37, 57, 77, 76, 37, 40, 
48, 33, 40, 57, 37, 76, 37, 6, 84, 33, 40, 57, 40, 33, 60, 96, 76, 37, 38, 54, 33, 48, 68, 
77, 81, 53, 33, 20, 52, 77, 76, 64, 33, 86, 
77, 76, 64, 53, 33, 53, 64, 76, 77, 52, 77, 76, 4, 54, 57, 10, 54, 36, 82, 64, 
77, 52, 55, 57, 54, 100, 33, 54, 79, 57, 10, 76, 27, 
57, 10, 76, 64, 57, 10, 98, 
52, 76, 10, 64, 57, 32, 76, 10, 64, 57, 32, 77, 89, 57, 11, 
76, 10, 50, 
77, 1, 
48, 35, 52, 64, 10, 26, 3, 
35, 52, 64, 26, 20, 
32, 1, 82, 
52, 64, 26, 10, 52, 35, 48, 32, 52, 26, 20, 84, 
26, 10, 64, 26, 30, 
48, 32, 52, 26, 10, 52, 32, 48, 89, 26, 64, 48, 28, 83, 
26, 52, 26, 89, 83, 
48, 89, 26, 35, 99, 
35, 32, 26, 35, 32, 97, 52, 48, 80, 
32, 97, 52, 48, 16, 
35, 32, 48, 89, 26, 35, 26, 32, 52, 48, 89, 35, 53, 70, 
32, 1, 64, 35, 89, 64, 14, 38, 
89, 35, 18, 32, 57, 89, 35, 8, 89, 53, 35, 64, 2, 
35, 12, 
89, 53, 35, 8, 80, 74, 66, 89, 53, 35, 8, 32, 66, 8, 50, 
demand: 910:97,20,61,69,39,67,3,50,39,69,61,83,7,27,36,96,:0,0,13,4,12,6,7,8,14,3,10,9,2,0,11,0,
demand: 530:95,36,61,83,39,69,3,68,17,27,:0,14,3,5,0,4,10,8,13,0,
demand: 489:59,11,36,1,68,17,99,68,41,:0,0,3,0,1,6,2,11,0,
demand: 815:48,69,7,93,67,58,39,99,36,88,51,58,17,30,71,45,84,:0,9,5,15,10,7,3,6,4,13,0,11,8,2,1,14,0,
demand: 259:74,12,47,71,45,12,93,45,39,58,59,:0,11,0,12,2,7,8,14,4,10,0,
demand: 718:92,12,45,71,30,71,45,12,2,45,12,68,17,64,:0,7,14,15,4,0,13,11,12,2,1,0,8,0,
demand: 247:81,74,12,45,88,36,91,:0,0,2,0,10,0,0,
demand: 96:95,71,53,51,2,58,45,84,71,30,34,12,69,2,77,71,70,77,2,98,:0,7,0,0,11,4,12,0,0,5,0,9,0,1,0,15,13,0,14,0,
demand: 145:12,17,95,71,2,12,17,98,2,40,:0,0,0,7,10,6,0,11,5,0,
demand: 406:14,98,2,71,47,90,65,88,45,47,:0,11,0,8,1,14,15,4,9,0,
demand: 276:85,38,47,34,16,94,48,5,53,73,41,73,30,:0,11,13,0,0,15,0,0,14,0,5,0,0,
demand: 455:71,47,90,65,22,98,15,17,3,50,:0,1,9,14,12,7,0,0,0,0,
demand: 46:26,30,94,22,98,14,42,21,46,42,21,4,:0,4,11,7,12,9,10,5,6,14,15,0,
demand: 709:100,100,100,100,100,100,100,100,100,100,100,100,100,98,:0,7,14,4,2,3,5,12,15,1,6,8,9,0,
demand: 352:87,22,94,42,21,23,:0,2,14,7,10,0,
demand: 169:19,22,21,46,42,94,65,90,39,58,22,97,46,42,33,:0,15,2,1,13,10,8,4,0,3,5,6,12,0,0,
demand: 142:20,97,46,21,97,22,98,14,90,47,38,41,97,42,14,90,35,:0,12,10,5,7,4,9,1,11,14,8,15,13,3,6,2,0,
demand: 514:32,97,41,38,14,42,53,56,41,38,31,:0,4,8,9,14,5,13,15,1,6,0,
demand: 474:98,22,97,41,11,73,14,73,36,:0,0,3,15,6,0,12,0,0,
demand: 480:91,53,56,70,53,42,97,20,52,:0,8,11,6,12,3,4,1,0,
demand: 23:81,56,70,53,56,70,42,11,60,14,11,60,44,83,:0,14,7,9,15,12,3,4,6,5,11,13,2,0,
demand: 248:3,97,16,70,60,11,60,84,53,77,16,65,90,14,82,9,11,28,20,16,66,21,63,28,41,57,:0,4,8,0,0,12,14,3,0,0,15,10,0,0,0,0,11,13,2,6,0,0,7,1,9,0,
demand: 4:81,79,6,44,84,20,98,25,4,92,56,16,:0,11,7,2,15,8,4,6,14,12,9,0,
demand: 498:6,44,84,20,16,56,95,23,:0,12,8,9,7,0,0,0,
demand: 825:72,92,4,25,79,6,16,79,6,9,92,4,90,65,90,47,38,41,25,4,:0,11,14,10,8,1,6,2,9,0,7,13,3,4,0,5,0,0,15,12,
demand: 590:3,97,42,11,28,96,70,:0,0,3,9,11,0,0,
demand: 55:88,92,56,25,6,84,20,28,63,84,44,63,11,2,25,75,:0,14,4,12,13,6,9,11,1,7,5,2,3,0,15,0,
demand: 735:79,63,70,18,87,22,96,18,38,80,:0,14,3,13,7,0,12,15,9,0,
demand: 884:13,60,49,96,18,70,4,100,66,96,22,87,16,96,39,38,96,48,96,76,:0,0,0,12,15,5,8,0,0,13,0,7,10,2,0,3,14,1,0,0,
demand: 475:68,40,81,37,34,69,33,84,33,60,33,87,33,48,56,81,79,57,81,74,:0,13,12,14,0,0,0,5,6,9,0,2,7,1,4,11,10,8,0,0,
demand: 124:63,37,54,81,1,57,40,92,60,91,81,79,20,:0,14,10,7,0,12,15,4,5,0,11,3,0,
demand: 288:56,81,40,57,77,81,40,57,84,44,54,38,40,81,54,37,38,14,:0,12,7,14,11,8,10,2,9,4,6,3,15,5,1,13,0,0,
demand: 608:62,40,57,77,81,56,15,42,21,42,26,42,15,56,81,54,37,33,48,63,37,9,92,56,81,79,52,:0,8,7,5,13,0,0,0,3,0,10,0,0,0,11,6,2,1,12,4,15,0,9,0,14,0,0,
demand: 223:90,40,33,37,38,5,:0,14,7,2,0,0,
demand: 792:100,100,100,54,37,6,18,40,33,37,54,36,:0,12,13,10,1,3,9,11,14,15,2,0,
demand: 287:99,40,33,37,38,54,81,16,96,76,40,33,54,81,77,87,:0,15,8,7,0,12,10,4,9,13,11,5,1,2,6,0,
demand: 454:93,40,76,37,57,77,92,40,76,37,57,77,76,37,40,:0,13,6,11,12,5,3,10,7,2,1,9,8,14,0,
demand: 394:71,48,33,40,57,37,76,37,6,84,33,40,57,40,33,60,96,76,37,38,54,33,48,68,:0,0,7,0,1,10,6,0,3,0,11,0,5,2,13,0,4,8,0,0,9,12,15,0,
demand: 281:80,77,81,53,33,20,52,77,76,64,33,86,:0,14,13,0,9,3,2,6,1,10,11,0,
demand: 550:91,77,76,64,53,33,53,64,76,77,52,77,76,4,54,57,10,54,36,82,64,:0,10,8,0,0,9,0,7,4,14,1,0,5,3,11,12,13,2,0,0,0,
demand: 519:93,77,52,55,57,54,100,33,54,79,57,10,76,27,:0,14,2,0,1,13,15,6,5,3,9,7,10,0,
demand: 270:46,57,10,76,64,57,10,98,:0,12,13,2,1,6,5,0,
demand: 156:77,52,76,10,64,57,32,76,10,64,57,32,77,89,57,11,:0,9,12,11,1,2,7,3,10,5,14,13,15,8,4,0,
demand: 271:96,76,10,50,:0,0,13,0,
demand: 437:61,77,1,:0,2,0,
demand: 245:45,48,35,52,64,10,26,3,:0,7,12,8,5,6,10,0,
demand: 656:48,35,52,64,26,20,:0,7,6,8,5,0,
demand: 381:97,32,1,82,:0,4,0,0,
demand: 583:20,52,64,26,10,52,35,48,32,52,26,20,84,:0,11,1,14,13,15,4,12,9,3,6,0,0,
demand: 777:58,26,10,64,26,30,:0,11,1,8,2,0,
demand: 741:73,48,32,52,26,10,52,32,48,89,26,64,48,28,83,:0,11,8,3,13,5,1,2,12,15,4,9,14,0,0,
demand: 41:20,26,52,26,89,83,:0,10,15,0,9,0,
demand: 775:52,48,89,26,35,99,:0,7,14,4,6,0,
demand: 888:21,35,32,26,35,32,97,52,48,80,:0,6,11,8,13,9,0,10,7,0,
demand: 237:35,32,97,52,48,16,:0,5,0,3,13,0,
demand: 977:79,35,32,48,89,26,35,26,32,52,48,89,35,53,70,:0,3,11,13,4,0,6,0,5,0,2,10,12,0,0,
demand: 19:88,32,1,64,35,89,64,14,38,:0,6,0,4,8,1,15,0,0,
demand: 252:31,89,35,18,32,57,89,35,8,89,53,35,64,2,:0,12,9,0,4,0,11,14,8,7,0,5,6,0,
demand: 964:21,35,12,:0,9,0,
demand: 613:90,89,53,35,8,80,74,66,89,53,35,8,32,66,8,50,:0,10,0,8,11,14,0,5,2,0,6,12,9,7,4,0,
Average Delay: 12.02
Runtime (mS): 11734Acceptation rate: 1.0