13, 14, 15, 2, 15, 9, 10, 4, 8, 13, 14, 4, 2, 15, 9, 10, 4, 14, 
13, 1, 4, 5, 10, 14, 1, 4, 5, 8, 
5, 10, 7, 4, 7, 5, 15, 
10, 14, 1, 4, 1, 14, 10, 11, 15, 1, 15, 
6, 1, 15, 15, 12, 3, 9, 
15, 15, 15, 15, 7, 
15, 15, 15, 15, 14, 9, 3, 10, 11, 10, 14, 12, 
9, 8, 10, 11, 
5, 9, 5, 14, 
6, 3, 6, 9, 6, 3, 1, 13, 9, 13, 1, 3, 4, 9, 4, 3, 
5, 13, 9, 6, 12, 1, 3, 4, 9, 
15, 14, 8, 7, 
14, 5, 6, 12, 8, 14, 8, 12, 10, 7, 
12, 8, 5, 14, 5, 12, 8, 2, 14, 2, 12, 6, 15, 
8, 3, 7, 14, 
12, 8, 5, 8, 9, 14, 9, 8, 12, 7, 12, 8, 5, 8, 7, 
5, 15, 7, 10, 5, 10, 7, 10, 5, 10, 7, 8, 5, 8, 12, 
15, 6, 5, 6, 15, 7, 9, 
15, 6, 5, 6, 15, 7, 15, 6, 5, 11, 15, 7, 2, 12, 
2, 7, 6, 5, 11, 15, 7, 11, 7, 11, 5, 11, 7, 11, 15, 7, 11, 5, 11, 7, 2, 7, 12, 2, 7, 2, 6, 
11, 15, 7, 2, 7, 11, 15, 7, 11, 5, 6, 5, 7, 12, 6, 5, 7, 2, 6, 
6, 5, 11, 5, 2, 6, 5, 6, 5, 11, 5, 1, 12, 6, 5, 6, 12, 4, 
demand: 217:8,13,14,15,2,15,9,10,4,8,13,14,4,2,15,9,10,4,14,:0,7,0,0,3,0,0,4,0,0,6,0,2,5,0,0,1,0,0,
demand: 874:2,13,1,4,5,10,14,1,4,5,8,:0,5,0,7,0,6,0,1,4,0,0,
demand: 129:3,5,10,7,4,7,5,15,:0,0,2,0,4,0,0,0,
demand: 815:12,10,14,1,4,1,14,10,11,15,1,15,:0,2,0,0,7,3,0,5,4,0,1,0,
demand: 861:5,6,1,15,15,12,3,9,:0,1,6,4,5,0,0,0,
demand: 237:1,15,15,15,15,7,:0,7,6,4,3,0,
demand: 504:6,15,15,15,15,14,9,3,10,11,10,14,12,:0,4,1,7,6,0,3,5,0,2,0,0,0,
demand: 957:14,9,8,10,11,:0,4,0,0,0,
demand: 879:8,5,9,5,14,:0,0,1,0,0,
demand: 422:9,6,3,6,9,6,3,1,13,9,13,1,3,4,9,4,3,:0,6,2,0,3,0,7,0,0,4,0,0,5,0,1,0,0,
demand: 179:14,5,13,9,6,12,1,3,4,9,:0,0,0,1,0,4,0,5,0,0,
demand: 706:3,15,14,8,7,:0,0,5,1,0,
demand: 549:5,14,5,6,12,8,14,8,12,10,7,:0,2,0,6,3,7,1,0,5,0,0,
demand: 632:1,12,8,5,14,5,12,8,2,14,2,12,6,15,:0,3,6,0,1,0,2,4,0,5,0,7,0,0,
demand: 704:4,8,3,7,14,:0,5,0,6,0,
demand: 659:13,12,8,5,8,9,14,9,8,12,7,12,8,5,8,7,:0,0,3,4,0,0,1,0,0,0,5,0,0,7,2,6,
demand: 682:15,5,15,7,10,5,10,7,10,5,10,7,8,5,8,12,:0,7,0,4,0,1,0,5,0,3,0,6,0,2,0,0,
demand: 592:7,15,6,5,6,15,7,9,:0,0,0,1,0,0,4,0,
demand: 204:3,15,6,5,6,15,7,15,6,5,11,15,7,2,12,:0,0,0,5,0,0,6,0,0,3,0,0,7,0,0,
demand: 453:1,12,2,7,2,6,:0,0,0,4,0,0,
demand: 530:15,7,2,6,:0,2,0,0,
demand: 685:8,1,12,6,5,6,12,4,:0,0,0,0,6,0,0,0,
Average Delay: 9.25
Runtime (mS): 22Acceptation rate: 0.2