20, 61, 69, 39, 67, 3, 50, 39, 69, 61, 83, 7, 27, 36, 96, 
36, 61, 83, 39, 69, 3, 68, 17, 27, 
11, 36, 1, 68, 17, 99, 68, 41, 
69, 7, 93, 67, 58, 39, 99, 36, 88, 51, 58, 17, 30, 71, 45, 84, 
12, 47, 71, 45, 12, 93, 45, 39, 58, 59, 
12, 45, 71, 30, 71, 45, 12, 2, 45, 12, 68, 17, 64, 
74, 12, 45, 88, 36, 91, 
71, 53, 51, 2, 58, 45, 84, 71, 30, 34, 12, 69, 2, 77, 71, 70, 77, 2, 98, 
17, 95, 71, 2, 12, 17, 98, 2, 40, 
98, 2, 71, 47, 90, 65, 88, 45, 47, 
22, 34, 30, 94, 22, 98, 14, 48, 
17, 42, 15, 98, 15, 56, 15, 42, 17, 
22, 98, 14, 46, 42, 21, 46, 42, 21, 46, 97, 22, 94, 41, 
94, 22, 97, 60, 
97, 16, 94, 48, 58, 39, 97, 46, 21, 63, 90, 47, 34, 16, 70, 16, 34, 1, 
22, 97, 46, 14, 73, 41, 11, 73, 14, 98, 
47, 90, 65, 97, 46, 14, 42, 53, 47, 41, 4, 26, 
65, 90, 14, 42, 53, 56, 41, 47, 53, 56, 41, 38, 56, 36, 
42, 53, 73, 41, 11, 41, 47, 41, 32, 
38, 56, 53, 22, 11, 42, 21, 14, 38, 20, 11, 60, 44, 70, 57, 
42, 14, 11, 42, 70, 63, 87, 
28, 20, 38, 56, 92, 65, 16, 38, 20, 95, 
92, 73, 53, 84, 53, 73, 92, 4, 41, 25, 70, 60, 84, 53, 77, 16, 66, 21, 6, 19, 
6, 95, 
65, 16, 38, 94, 92, 97, 
6, 9, 92, 14, 46, 42, 79, 82, 12, 
28, 63, 44, 1, 32, 
66, 16, 66, 96, 70, 60, 84, 60, 70, 43, 
44, 63, 28, 79, 16, 6, 44, 21, 79, 54, 
28, 20, 16, 25, 4, 90, 84, 46, 28, 4, 25, 7, 84, 33, 60, 4, 25, 2, 76, 
11, 42, 79, 84, 27, 28, 4, 29, 
4, 87, 18, 84, 96, 7, 25, 87, 18, 63, 28, 96, 18, 96, 40, 28, 87, 8, 24, 
96, 49, 60, 49, 96, 40, 81, 37, 34, 4, 41, 47, 53, 77, 53, 42, 79, 
40, 38, 16, 77, 81, 37, 81, 57, 79, 42, 26, 42, 53, 33, 69, 34, 37, 34, 57, 81, 49, 
74, 81, 1, 57, 40, 81, 77, 65, 40, 81, 77, 13, 60, 98, 
48, 96, 11, 77, 81, 40, 12, 
77, 81, 40, 57, 77, 76, 7, 81, 
37, 54, 81, 53, 33, 48, 37, 15, 72, 
28, 40, 57, 77, 76, 84, 33, 48, 37, 56, 85, 
40, 57, 77, 76, 90, 40, 33, 37, 54, 74, 
100, 100, 100, 100, 100, 100, 100, 100, 53, 
37, 15, 5, 
81, 54, 37, 98, 57, 54, 81, 7, 76, 40, 33, 37, 48, 40, 33, 37, 25, 
37, 65, 
1, 64, 53, 81, 94, 37, 91, 81, 60, 33, 42, 
40, 33, 24, 
65, 37, 25, 78, 
57, 77, 76, 96, 39, 
44, 54, 57, 32, 40, 33, 54, 57, 32, 76, 64, 90, 
76, 16, 38, 
77, 79, 57, 98, 22, 
37, 33, 84, 27, 
57, 32, 76, 64, 33, 54, 77, 52, 72, 
77, 54, 33, 64, 76, 94, 
57, 98, 20, 33, 
69, 33, 54, 77, 52, 98, 57, 29, 
15, 33, 54, 44, 63, 
100, 100, 100, 100, 100, 54, 77, 52, 33, 64, 77, 54, 44, 21, 
54, 10, 26, 54, 10, 76, 32, 48, 77, 52, 62, 
35, 5, 
40, 32, 48, 5, 35, 52, 64, 57, 10, 19, 35, 
32, 48, 35, 52, 64, 10, 76, 32, 48, 35, 52, 77, 49, 
52, 35, 48, 89, 54, 
48, 35, 72, 
64, 52, 43, 
48, 89, 26, 10, 64, 52, 72, 56, 
10, 26, 89, 48, 32, 26, 10, 64, 52, 35, 26, 40, 
35, 26, 89, 73, 
64, 10, 58, 26, 89, 26, 35, 26, 32, 35, 26, 100, 
35, 32, 26, 64, 35, 32, 1, 10, 54, 89, 35, 64, 89, 84, 10, 1, 32, 41, 
32, 35, 64, 10, 84, 89, 80, 64, 35, 89, 84, 10, 8, 99, 
10, 1, 82, 14, 
89, 80, 8, 32, 26, 64, 35, 89, 80, 8, 89, 80, 4, 90, 
35, 89, 66, 8, 89, 66, 8, 24, 13, 100, 
8, 66, 89, 8, 66, 100, 13, 26, 35, 89, 66, 100, 13, 72, 15, 
13, 66, 75, 11, 13, 66, 75, 11, 13, 90, 
13, 72, 55, 100, 13, 72, 55, 58, 
13, 72, 55, 57, 79, 75, 11, 13, 72, 55, 57, 79, 75, 11, 13, 72, 55, 57, 79, 75, 15, 72, 15, 58, 55, 66, 75, 66, 55, 5, 35, 26, 32, 41, 
1, 2, 51, 73, 36, 9, 82, 73, 43, 
1, 62, 24, 31, 49, 19, 73, 82, 31, 49, 12, 68, 
1, 62, 24, 31, 49, 19, 73, 5, 19, 49, 82, 31, 24, 62, 23, 80, 8, 
5, 19, 73, 11, 9, 11, 42, 95, 23, 17, 15, 17, 23, 95, 42, 11, 73, 2, 51, 27, 82, 69, 34, 69, 82, 31, 82, 18, 
2, 1, 62, 23, 51, 27, 82, 74, 59, 29, 78, 27, 59, 91, 9, 6, 93, 
8, 1, 42, 
28, 1, 95, 74, 66, 7, 
5, 73, 43, 91, 59, 29, 78, 27, 59, 91, 9, 25, 
15, 9, 43, 
5, 34, 78, 29, 59, 74, 95, 99, 51, 43, 86, 59, 43, 
23, 62, 49, 95, 74, 43, 51, 34, 78, 86, 43, 27, 78, 62, 
1, 95, 87, 18, 
5, 34, 86, 43, 32, 
38, 23, 74, 83, 95, 49, 82, 74, 85, 74, 43, 51, 85, 72, 74, 43, 95, 83, 74, 85, 73, 85, 5, 29, 31, 8, 
89, 74, 83, 95, 64, 82, 31, 12, 74, 43, 73, 5, 34, 85, 92, 22, 
5, 52, 85, 31, 
10, 1, 95, 85, 80, 23, 85, 34, 85, 31, 85, 23, 34, 5, 19, 85, 48, 49, 92, 85, 85, 1, 85, 89, 85, 23, 85, 78, 85, 23, 85, 78, 85, 48, 49, 95, 1, 85, 23, 85, 85, 15, 85, 78, 85, 15, 85, 34, 19, 10, 
85, 31, 59, 15, 85, 23, 6, 9, 
80, 23, 85, 84, 85, 85, 31, 85, 34, 85, 95, 49, 95, 85, 85, 8, 85, 85, 61, 23, 51, 49, 92, 85, 13, 23, 85, 85, 34, 85, 31, 85, 73, 85, 31, 85, 73, 85, 31, 85, 91, 85, 95, 85, 85, 78, 49, 92, 85, 29, 78, 85, 31, 59, 15, 85, 85, 31, 71, 48, 49, 92, 85, 85, 9, 
85, 28, 83, 95, 85, 85, 95, 90, 
85, 34, 85, 5, 34, 85, 31, 85, 8, 44, 
85, 85, 23, 61, 49, 91, 85, 91, 85, 48, 49, 92, 85, 78, 85, 34, 68, 
92, 85, 34, 85, 34, 86, 
31, 85, 23, 85, 85, 8, 
85, 19, 85, 9, 85, 45, 
52, 85, 51, 85, 85, 91, 85, 85, 85, 91, 36, 82, 25, 85, 85, 85, 10, 
23, 10, 85, 85, 8, 85, 31, 59, 23, 85, 23, 62, 23, 85, 85, 85, 44, 23, 71, 48, 85, 91, 59, 15, 
54, 44, 23, 44, 23, 74, demand: 910:97,20,61,69,39,67,3,50,39,69,61,83,7,27,36,96,:0,0,13,4,12,6,7,8,14,3,10,9,2,0,11,0,
demand: 530:95,36,61,83,39,69,3,68,17,27,:0,14,3,5,0,4,10,8,13,0,
demand: 489:59,11,36,1,68,17,99,68,41,:0,0,3,0,1,6,2,11,0,
demand: 815:48,69,7,93,67,58,39,99,36,88,51,58,17,30,71,45,84,:0,9,5,15,10,7,3,6,4,13,0,11,8,2,1,14,0,
demand: 259:74,12,47,71,45,12,93,45,39,58,59,:0,11,0,12,2,7,8,14,4,10,0,
demand: 718:92,12,45,71,30,71,45,12,2,45,12,68,17,64,:0,7,14,15,4,0,13,11,12,2,1,0,8,0,
demand: 247:81,74,12,45,88,36,91,:0,0,2,0,10,0,0,
demand: 96:95,71,53,51,2,58,45,84,71,30,34,12,69,2,77,71,70,77,2,98,:0,7,0,0,11,4,12,0,0,5,0,9,0,1,0,15,13,0,14,0,
demand: 145:12,17,95,71,2,12,17,98,2,40,:0,0,0,7,10,6,0,11,5,0,
demand: 406:14,98,2,71,47,90,65,88,45,47,:0,11,0,8,1,14,15,4,9,0,
demand: 45:92,22,34,30,94,22,98,14,48,:0,1,0,4,13,5,12,15,0,
demand: 121:68,17,42,15,98,15,56,15,42,17,:0,0,8,0,12,0,15,0,7,0,
demand: 274:99,22,98,14,46,42,21,46,42,21,46,97,22,94,41,:0,15,5,7,14,11,1,10,2,13,9,8,6,12,0,
demand: 55:29,94,22,97,60,:0,9,13,12,0,
demand: 333:19,97,16,94,48,58,39,97,46,21,63,90,47,34,16,70,16,34,1,:0,2,0,15,0,3,0,4,9,8,12,14,6,0,0,1,0,0,0,
demand: 84:91,22,97,46,14,73,41,11,73,14,98,:0,3,13,10,2,0,12,9,0,0,0,
demand: 91:72,47,90,65,97,46,14,42,53,47,41,4,26,:0,13,9,2,10,5,4,3,12,7,6,0,0,
demand: 10:73,65,90,14,42,53,56,41,47,53,56,41,38,56,36,:0,1,13,14,3,5,11,15,4,9,6,10,2,7,0,
demand: 53:79,42,53,73,41,11,41,47,41,32,:0,5,1,0,15,6,0,9,0,0,
demand: 377:6,38,56,53,22,11,42,21,14,38,20,11,60,44,70,57,:0,15,0,6,3,13,0,5,9,2,12,14,7,1,8,0,
demand: 964:79,42,14,11,42,70,63,87,:0,0,9,12,3,7,13,0,
demand: 420:13,28,20,38,56,92,65,16,38,20,95,:0,2,8,4,10,12,3,15,9,7,0,
demand: 51:94,92,73,53,84,53,73,92,4,41,25,70,60,84,53,77,16,66,21,6,19,:0,8,0,0,1,5,0,2,6,0,11,10,13,9,0,0,7,0,4,15,0,
demand: 830:9,6,95,:0,10,0,
demand: 644:7,65,16,38,94,92,97,:0,5,9,3,4,15,0,
demand: 9:17,6,9,92,14,46,42,79,82,12,:0,7,0,8,0,4,0,1,0,0,
demand: 14:40,28,63,44,1,32,:0,15,2,5,0,0,
demand: 164:96,66,16,66,96,70,60,84,60,70,43,:0,0,13,0,0,0,14,4,0,0,0,
demand: 710:60,44,63,28,79,16,6,44,21,79,54,:0,15,6,9,12,1,11,13,3,8,0,
demand: 405:39,28,20,16,25,4,90,84,46,28,4,25,7,84,33,60,4,25,2,76,:0,13,10,11,15,12,4,2,3,5,1,7,0,14,0,9,8,6,0,0,
demand: 646:13,11,42,79,84,27,28,4,29,:0,4,0,5,15,0,9,7,0,
demand: 168:34,4,87,18,84,96,7,25,87,18,63,28,96,18,96,40,28,87,8,24,:0,3,15,12,4,11,0,10,5,7,9,0,1,8,13,6,0,2,0,0,
demand: 722:2,96,49,60,49,96,40,81,37,34,4,41,47,53,77,53,42,79,:0,13,0,4,0,1,10,8,7,0,0,3,0,0,6,0,0,0,
demand: 945:67,40,38,16,77,81,37,81,57,79,42,26,42,53,33,69,34,37,34,57,81,49,:0,6,3,0,2,14,1,0,11,4,0,12,0,0,15,0,0,13,0,8,5,0,
demand: 737:35,74,81,1,57,40,81,77,65,40,81,77,13,60,98,:0,0,11,0,2,8,13,12,3,7,14,1,0,4,0,
demand: 73:37,48,96,11,77,81,40,12,:0,0,9,3,2,7,11,0,
demand: 302:14,77,81,40,57,77,76,7,81,:0,15,8,9,2,4,10,0,0,
demand: 881:29,37,54,81,53,33,48,37,15,72,:0,4,9,10,0,6,1,8,0,0,
demand: 543:83,28,40,57,77,76,84,33,48,37,56,85,:0,0,7,8,15,11,0,2,5,4,3,0,
demand: 319:60,40,57,77,76,90,40,33,37,54,74,:0,10,5,2,11,3,7,4,8,1,0,
demand: 310:66,100,100,100,100,100,100,100,100,53,:0,5,3,11,12,13,9,2,15,0,
demand: 801:88,37,15,5,:0,2,0,0,
demand: 811:7,81,54,37,98,57,54,81,7,76,40,33,37,48,40,33,37,25,:0,13,6,11,3,12,7,4,0,8,9,1,5,14,2,10,15,0,
demand: 200:6,37,65,:0,4,0,
demand: 316:9,1,64,53,81,94,37,91,81,60,33,42,:0,0,11,0,2,3,5,0,7,0,1,0,
demand: 849:90,40,33,24,:0,12,5,0,
demand: 436:16,65,37,25,78,:0,0,12,0,0,
demand: 192:34,57,77,76,96,39,:0,13,14,5,0,0,
demand: 325:8,44,54,57,32,40,33,54,57,32,76,64,90,:0,3,4,6,13,15,10,9,14,12,1,7,0,
demand: 792:56,76,16,38,:0,5,3,0,
demand: 217:36,77,79,57,98,22,:0,4,3,15,0,0,
demand: 140:94,37,33,84,27,:0,0,4,0,0,
demand: 875:32,57,32,76,64,33,54,77,52,72,:0,14,0,8,12,2,11,1,5,0,
demand: 233:61,77,54,33,64,76,94,:0,11,5,1,9,12,0,
demand: 779:79,57,98,20,33,:0,12,0,3,0,
demand: 712:39,69,33,54,77,52,98,57,29,:0,0,3,1,4,5,0,10,0,
demand: 432:37,15,33,54,44,63,:0,0,14,0,0,0,
demand: 47:100,100,100,100,100,100,54,77,52,33,64,77,54,44,21,:0,8,12,15,5,14,10,7,1,4,9,11,13,0,0,
demand: 457:39,54,10,26,54,10,76,32,48,77,52,62,:0,14,4,11,9,7,13,5,6,15,2,0,
demand: 629:19,35,5,:0,12,0,
demand: 564:38,40,32,48,5,35,52,64,57,10,19,35,:0,2,15,5,0,11,10,14,9,4,0,0,
demand: 238:40,32,48,35,52,64,10,76,32,48,35,52,77,49,:0,12,5,4,13,9,11,6,15,14,3,7,0,0,
demand: 181:72,52,35,48,89,54,:0,6,11,2,7,0,
demand: 210:45,48,35,72,:0,7,12,0,
demand: 443:70,64,52,43,:0,2,7,0,
demand: 304:34,48,89,26,10,64,52,72,56,:0,11,2,5,1,15,7,0,0,
demand: 463:84,10,26,89,48,32,26,10,64,52,35,26,40,:0,12,4,1,9,8,5,11,13,2,15,3,0,
demand: 102:81,35,26,89,73,:0,11,4,9,0,
demand: 866:91,64,10,58,26,89,26,35,26,32,35,26,100,:0,8,12,0,14,2,0,1,7,3,11,5,0,
demand: 528:5,35,32,26,64,35,32,1,10,54,89,35,64,89,84,10,1,32,41,:0,4,10,11,3,9,13,0,6,0,2,8,12,15,0,7,0,14,0,
demand: 41:22,32,35,64,10,84,89,80,64,35,89,84,10,8,99,:0,8,0,14,12,0,9,5,7,6,15,0,13,10,0,
demand: 129:90,10,1,82,14,:0,10,0,0,0,
demand: 82:60,89,80,8,32,26,64,35,89,80,8,89,80,4,90,:0,3,11,15,6,0,0,2,7,14,12,8,5,0,0,
demand: 963:19,35,89,66,8,89,66,8,24,13,100,:0,0,7,5,8,15,13,14,0,10,0,
demand: 934:97,8,66,89,8,66,100,13,26,35,89,66,100,13,72,15,:0,14,7,2,11,1,0,15,0,0,8,9,0,6,13,0,
demand: 896:73,13,66,75,11,13,66,75,11,13,90,:0,9,1,12,0,8,5,15,0,6,0,
demand: 13:45,13,72,55,100,13,72,55,58,:0,14,11,10,0,5,9,4,0,
demand: 147:28,13,72,55,57,79,75,11,13,72,55,57,79,75,11,13,72,55,57,79,75,15,72,15,58,55,66,75,66,55,5,35,26,32,41,:0,0,1,4,0,0,8,0,0,12,14,0,0,10,0,0,7,2,0,0,3,0,13,5,0,15,0,6,0,9,11,0,0,0,0,
demand: 790:62,1,2,51,73,36,9,82,73,43,:0,7,0,4,13,0,15,3,14,0,
demand: 344:42,1,62,24,31,49,19,73,82,31,49,12,68,:0,4,1,12,11,9,8,14,5,2,13,0,0,
demand: 560:53,1,62,24,31,49,19,73,5,19,49,82,31,24,62,23,80,8,:0,13,12,4,8,11,6,10,14,3,7,15,1,2,5,9,0,0,
demand: 448:52,5,19,73,11,9,11,42,95,23,17,15,17,23,95,42,11,73,2,51,27,82,69,34,69,82,31,82,18,:0,5,7,1,0,8,0,0,2,4,0,13,0,0,3,0,0,9,0,12,6,11,0,10,0,0,15,0,0,
demand: 517:34,2,1,62,23,51,27,82,74,59,29,78,27,59,91,9,6,93,:0,0,1,10,6,2,5,15,13,8,11,14,3,4,7,12,0,0,
demand: 503:87,8,1,42,:0,0,1,0,
demand: 3:96,28,1,95,74,66,7,:0,0,14,2,4,0,0,
demand: 968:79,5,73,43,91,59,29,78,27,59,91,9,25,:0,14,9,6,11,5,2,12,13,10,7,4,0,
demand: 12:69,15,9,43,:0,12,3,0,
demand: 68:25,5,34,78,29,59,74,95,99,51,43,86,59,43,:0,9,5,4,8,0,13,10,0,2,11,7,15,0,
demand: 706:61,23,62,49,95,74,43,51,34,78,86,43,27,78,62,:0,7,3,15,5,1,11,9,2,8,6,12,10,13,0,
demand: 141:70,1,95,87,18,:0,15,9,0,0,
demand: 389:64,5,34,86,43,32,:0,15,7,12,3,0,
demand: 173:19,5,29,31,8,:0,0,10,15,0,
demand: 221:66,89,74,83,95,64,82,31,12,74,43,73,5,34,85,92,22,:0,0,6,0,11,0,8,1,0,12,10,9,0,3,13,0,0,
demand: 821:13,5,52,85,31,:0,15,0,8,0,
demand: 201:82,15,85,34,19,10,:0,15,6,9,0,0,
demand: 63:60,23,6,9,:0,15,0,0,
demand: 228:23,85,9,:0,7,0,
demand: 835:42,85,95,90,:0,5,14,0,
demand: 750:26,5,34,85,31,85,8,44,:0,1,0,4,14,5,0,0,
demand: 66:37,91,85,48,49,92,85,78,85,34,68,:0,0,5,0,9,0,6,15,2,1,0,
demand: 869:6,34,85,34,86,:0,0,13,0,0,
demand: 158:69,85,8,:0,12,0,
demand: 696:21,9,85,45,:0,1,2,0,
demand: 58:42,85,10,:0,12,0,
demand: 799:47,71,48,85,91,59,15,:0,0,0,6,14,0,0,
Average Delay: 10.178947368421053
Runtime (mS): 14741Acceptation rate: 0.5588235294117647