13, 14, 15, 2, 15, 9, 10, 4, 8, 13, 14, 4, 2, 15, 9, 10, 4, 14, 
13, 1, 4, 5, 10, 14, 1, 4, 5, 8, 
3, 10, 8, 4, 1, 4, 8, 10, 3, 7, 4, 1, 6, 
1, 4, 11, 15, 6, 15, 12, 7, 4, 
14, 15, 15, 15, 15, 15, 14, 10, 
1, 13, 9, 5, 15, 15, 15, 15, 11, 15, 6, 
6, 3, 1, 6, 9, 6, 3, 4, 9, 12, 
9, 5, 15, 11, 
9, 4, 3, 4, 9, 12, 5, 
9, 14, 10, 14, 9, 12, 9, 3, 11, 
14, 10, 12, 8, 5, 14, 2, 12, 13, 
3, 14, 5, 8, 5, 3, 6, 1, 
12, 8, 5, 14, 5, 8, 12, 13, 
1, 14, 8, 9, 5, 
5, 14, 5, 7, 
15, 6, 5, 10, 7, 8, 
5, 6, 13, 
6, 15, 5, 15, 14, 7, 14, 12, 9, 6, 5, 10, 7, 11, 
14, 2, 6, 5, 
5, 6, 2, 7, 11, 5, 11, 7, 11, 5, 11, 10, 
10, 5, 10, 7, 4, 7, 10, 5, 10, 7, 10, 5, 10, 7, 4, 3, 14, 
2, 7, 7, 6, 15, 7, 2, 14, 
10, 7, 7, 7, 11, 7, 2, 7, 7, 15, 7, 2, 7, 7, 2, 7, 7, 2, 7, 15, 7, 11, 7, 11, 7, 7, 7, 2, 7, 7, 11, 4, 
7, 7, 7, 2, 7, 13, 7, 2, 7, 8, 
demand: 217:8,13,14,15,2,15,9,10,4,8,13,14,4,2,15,9,10,4,14,:0,7,0,0,3,0,0,4,0,0,6,0,2,5,0,0,1,0,0,
demand: 874:2,13,1,4,5,10,14,1,4,5,8,:0,5,0,7,0,6,0,1,4,0,0,
demand: 125:12,3,10,8,4,1,4,8,10,3,7,4,1,6,:0,0,6,0,2,5,0,0,4,0,0,1,7,0,
demand: 479:14,1,4,11,15,6,15,12,7,4,:0,4,6,7,0,3,1,0,0,0,
demand: 273:1,14,15,15,15,15,15,14,10,:0,0,1,2,5,4,6,0,0,
demand: 112:14,1,13,9,5,15,15,15,15,11,15,6,:0,0,0,3,0,1,4,2,6,7,0,0,
demand: 920:9,6,3,1,6,9,6,3,4,9,12,:0,0,4,5,2,1,0,3,6,7,0,
demand: 481:8,9,5,15,11,:0,1,0,2,0,
demand: 591:2,9,4,3,4,9,12,5,:0,2,0,3,0,4,5,0,
demand: 445:6,9,14,10,14,9,12,9,3,11,:0,0,0,6,0,3,4,5,0,0,
demand: 233:8,14,10,12,8,5,14,2,12,13,:0,3,0,7,4,0,1,0,5,0,
demand: 515:5,3,14,5,8,5,3,6,1,:0,2,7,0,4,0,0,6,0,
demand: 99:9,12,8,5,14,5,8,12,13,:0,0,7,0,3,0,4,0,0,
demand: 817:13,1,14,8,9,5,:0,0,2,4,0,0,
demand: 143:13,5,14,5,7,:0,0,1,5,0,
demand: 508:7,15,6,5,10,7,8,:0,6,0,4,0,7,0,
demand: 538:10,5,6,13,:0,4,0,0,
demand: 885:9,6,15,5,15,14,7,14,12,9,6,5,10,7,11,:0,0,0,4,0,1,6,0,3,0,0,2,0,7,0,
demand: 294:3,14,2,6,5,:0,3,0,0,0,
demand: 550:11,5,6,2,7,11,5,11,7,11,5,11,10,:0,7,0,0,2,0,5,0,6,0,3,0,0,
demand: 558:3,4,7,10,5,10,7,10,5,10,7,4,3,14,:0,0,2,0,3,0,1,0,6,0,0,0,0,0,
demand: 357:3,6,15,7,2,14,:0,0,0,7,0,0,
demand: 351:8,7,11,4,:0,4,0,0,
demand: 221:6,2,7,8,:0,0,7,0,
Average Delay: 8.318181818181818
Runtime (mS): 20Acceptation rate: 0.36666666666666664