194, 229, 39, 49, 187, 189, 49, 187, 49, 241, 
177, 47, 177, 189, 243, 216, 177, 49, 39, 158, 187, 189, 169, 21, 243, 170, 
189, 21, 161, 177, 216, 47, 249, 39, 187, 75, 218, 237, 209, 129, 194, 
158, 21, 169, 244, 113, 187, 69, 160, 236, 129, 194, 38, 46, 228, 218, 139, 
187, 38, 185, 48, 19, 174, 224, 
236, 218, 48, 158, 103, 185, 75, 244, 70, 14, 152, 188, 22, 155, 13, 
14, 152, 113, 14, 228, 42, 5, 176, 
14, 228, 14, 152, 188, 160, 42, 228, 242, 
228, 103, 160, 188, 70, 189, 187, 
42, 174, 2, 220, 
205, 227, 184, 58, 60, 184, 227, 185, 233, 
228, 174, 227, 205, 166, 58, 60, 205, 227, 184, 164, 
60, 58, 203, 227, 166, 1, 
58, 60, 32, 2, 57, 
27, 188, 203, 58, 49, 203, 202, 27, 205, 50, 
86, 203, 202, 27, 246, 205, 27, 202, 203, 58, 79, 203, 49, 60, 228, 97, 
190, 32, 65, 32, 60, 32, 37, 
190, 32, 65, 209, 211, 58, 203, 202, 27, 202, 203, 58, 211, 209, 65, 32, 190, 13, 65, 32, 205, 27, 161, 13, 65, 32, 190, 65, 200, 117, 113, 109, 
65, 246, 86, 69, 202, 86, 246, 27, 221, 202, 86, 246, 65, 202, 221, 117, 187, 165, 
65, 246, 79, 117, 221, 248, 79, 105, 221, 27, 79, 236, 221, 248, 79, 117, 157, 
65, 105, 55, 248, 79, 105, 55, 5, 29, 
203, 248, 55, 105, 212, 55, 92, 17, 212, 55, 92, 17, 212, 188, 160, 117, 92, 17, 212, 195, 134, 57, 26, 80, 
212, 25, 137, 
92, 133, 74, 41, 134, 17, 92, 133, 74, 41, 134, 195, 227, 134, 105, 195, 134, 133, 203, 
195, 223, 242, 248, 201, 74, 41, 90, 
2, 133, 74, 41, 134, 133, 2, 64, 242, 223, 195, 30, 134, 41, 30, 155, 194, 242, 155, 229, 14, 
1, 134, 30, 195, 223, 216, 
1, 134, 30, 134, 54, 
1, 241, 
1, 134, 64, 2, 32, 190, 
1, 233, 1, 134, 41, 134, 195, 30, 110, 
2, 64, 242, 223, 186, 30, 41, 187, 
1, 168, 41, 186, 242, 64, 242, 161, 186, 207, 242, 39, 10, 39, 249, 47, 157, 
195, 194, 242, 155, 2, 133, 74, 201, 74, 44, 133, 41, 30, 186, 223, 108, 2, 242, 106, 
64, 130, 194, 242, 155, 2, 108, 223, 186, 223, 108, 223, 19, 201, 195, 194, 91, 
130, 194, 130, 80, 
201, 195, 194, 108, 2, 155, 148, 194, 108, 233, 26, 74, 183, 
186, 41, 133, 44, 74, 106, 
1, 141, 154, 223, 154, 194, 242, 
1, 201, 19, 223, 44, 201, 19, 223, 44, 10, 29, 148, 194, 108, 233, 214, 
130, 233, 26, 223, 19, 201, 44, 10, 148, 155, 12, 77, 164, 116, 26, 74, 44, 133, 143, 
1, 77, 164, 116, 26, 233, 30, 
214, 148, 155, 12, 77, 164, 116, 26, 2, 215, 
1, 214, 148, 194, 130, 80, 26, 233, 26, 116, 164, 77, 12, 155, 2, 108, 194, 130, 64, 2, 155, 22, 154, 71, 31, 233, 12, 77, 164, 116, 26, 57, 182, 
132, 12, 77, 10, 148, 214, 142, 10, 201, 132, 82, 142, 10, 116, 130, 142, 223, 26, 74, 226, 
132, 201, 82, 142, 157, 82, 142, 157, 82, 142, 157, 132, 12, 222, 164, 142, 157, 222, 29, 5, 61, 
116, 164, 222, 29, 22, 223, 200, 223, 142, 157, 222, 29, 22, 82, 214, 241, 84, 22, 223, 22, 215, 
1, 130, 238, 214, 41, 168, 12, 108, 172, 241, 84, 17, 134, 
16, 29, 127, 113, 117, 
63, 186, 10, 77, 63, 1, 40, 172, 241, 84, 222, 96, 63, 207, 1, 45, 
1, 40, 172, 241, 84, 63, 77, 10, 116, 226, 222, 248, 221, 
16, 127, 63, 82, 22, 142, 26, 16, 127, 96, 73, 172, 40, 168, 7, 9, 
207, 40, 168, 16, 136, 74, 226, 29, 16, 136, 73, 172, 250, 
16, 127, 96, 73, 136, 73, 172, 238, 96, 127, 193, 241, 207, 40, 168, 214, 238, 154, 
136, 73, 136, 226, 84, 241, 207, 241, 84, 241, 193, 127, 96, 238, 193, 136, 249, 
226, 168, 200, 193, 64, 130, 219, 
22, 238, 193, 40, 207, 110, 18, 43, 
194, 207, 40, 226, 168, 200, 209, 136, 162, 110, 209, 200, 156, 162, 136, 227, 161, 110, 18, 200, 13, 146, 136, 
207, 110, 18, 200, 181, 
124, 148, 159, 110, 207, 226, 183, 172, 159, 200, 183, 41, 168, 159, 124, 216, 122, 127, 168, 73, 
183, 107, 249, 122, 216, 238, 154, 161, 18, 
51, 97, 
137, 51, 172, 40, 216, 238, 154, 63, 51, 137, 154, 249, 122, 204, 154, 153, 109, 
107, 147, 161, 18, 145, 161, 107, 84, 18, 216, 124, 200, 18, 161, 35, 170, 145, 18, 20, 161, 63, 
3, 67, 18, 110, 226, 53, 161, 145, 65, 
9, 161, 20, 18, 67, 136, 118, 67, 18, 156, 161, 53, 67, 18, 156, 161, 53, 67, 18, 145, 170, 146, 
3, 145, 
3, 67, 53, 52, 
3, 67, 53, 161, 35, 170, 35, 161, 53, 161, 21, 193, 9, 161, 53, 22, 9, 161, 21, 216, 18, 145, 11, 
3, 67, 53, 18, 163, 118, 67, 3, 163, 118, 67, 128, 163, 118, 67, 53, 67, 141, 
118, 163, 128, 67, 53, 73, 96, 9, 161, 147, 3, 163, 118, 9, 249, 
163, 118, 9, 161, 147, 161, 9, 118, 163, 3, 147, 161, 9, 161, 147, 161, 9, 118, 163, 3, 147, 161, 9, 2, 
3, 163, 118, 9, 25, 163, 3, 147, 3, 163, 128, 118, 46, 147, 3, 53, 147, 114, 56, 150, 170, 186, 30, 
118, 46, 147, 205, 227, 
66, 114, 56, 233, 118, 46, 164, 237, 58, 213, 147, 114, 56, 150, 170, 162, 43, 145, 48, 
176, 56, 114, 66, 215, 102, 
176, 56, 114, 66, 34, 114, 56, 150, 75, 
56, 114, 66, 34, 114, 56, 176, 37, 
89, 34, 114, 66, 163, 
25, 114, 34, 66, 213, 114, 150, 56, 176, 8, 114, 150, 56, 176, 8, 76, 145, 162, 15, 
66, 34, 89, 150, 170, 213, 66, 34, 89, 150, 228, 
56, 213, 66, 25, 114, 150, 170, 213, 56, 145, 76, 8, 176, 219, 66, 4, 99, 
46, 128, 34, 10, 
46, 128, 34, 114, 56, 114, 66, 213, 170, 150, 89, 34, 89, 150, 170, 162, 145, 43, 162, 170, 162, 145, 43, 145, 76, 145, 76, 8, 76, 8, 79, 
145, 56, 213, 170, 232, 8, 170, 213, 25, 128, 34, 46, 128, 34, 46, 128, 193, 
176, 219, 66, 25, 242, 
34, 128, 46, 34, 43, 128, 46, 114, 25, 213, 56, 145, 76, 8, 232, 170, 8, 76, 145, 56, 213, 25, 46, 211, 17, 
25, 213, 56, 76, 128, 46, 25, 170, 232, 8, 170, 232, 8, 114, 25, 46, 43, 162, 183, 
232, 8, 227, 101, 
182, 76, 219, 176, 89, 232, 8, 182, 25, 213, 232, 89, 46, 43, 232, 219, 76, 182, 176, 153, 
232, 219, 76, 182, 176, 89, 46, 43, 232, 242, 
43, 232, 89, 176, 182, 176, 89, 92, 
219, 232, 8, 182, 8, 232, 219, 232, 43, 46, 89, 219, 5, 
182, 219, 89, 92, 182, 219, 13, 182, 219, 13, 182, 219, 66, 145, 182, 13, 162, 182, 25, 66, 
21, 43, 232, 219, 13, 162, 17, 141, 146, 162, 13, 81, 196, 
141, 17, 162, 61, 17, 162, 61, 17, 162, 61, 17, 141, 115, 85, 141, 115, 207, 56, 57, 81, 217, 
61, 115, 85, 141, 115, 85, 81, 57, 31, 131, 11, 127, 
61, 115, 57, 81, 85, 115, 61, 115, 57, 81, 139, 115, 57, 31, 131, 11, 52, 135, 
11, 131, 31, 57, 52, 11, 131, 31, 243, 
61, 139, 52, 11, 31, 16, 139, 52, 57, 31, 243, 
139, 180, 31, 16, 139, 180, 57, 52, 139, 180, 229, 
239, 156, 162, 17, 162, 227, 146, 227, 162, 156, 239, 180, 139, 220, 146, 131, 197, 239, 156, 162, 234, 
78, 245, 239, 156, 111, 245, 239, 156, 111, 245, 239, 197, 146, 220, 245, 239, 197, 146, 220, 212, 
180, 220, 146, 197, 78, 111, 141, 146, 220, 78, 111, 141, 146, 197, 78, 241, 143, 
78, 87, 39, 146, 141, 111, 230, 245, 240, 146, 123, 121, 37, 250, 250, 250, 250, 250, 83, 14, 
197, 5, 220, 180, 
227, 4, 99, 72, 8, 
84, 4, 99, 72, 211, 126, 5, 62, 115, 
4, 180, 229, 39, 35, 204, 125, 215, 102, 179, 36, 95, 198, 179, 226, 
4, 143, 133, 
62, 237, 238, 214, 
4, 183, 
4, 143, 95, 198, 179, 36, 95, 122, 216, 
84, 4, 45, 179, 36, 95, 198, 179, 102, 215, 125, 204, 35, 62, 237, 80, 234, 123, 99, 
5, 62, 237, 80, 234, 123, 197, 
5, 126, 211, 72, 99, 4, 45, 211, 
28, 235, 178, 54, 39, 120, 149, 106, 234, 123, 121, 37, 250, 250, 83, 23, 35, 242, 88, 
45, 4, 193, 
43, 50, 43, 21, 20, 235, 178, 54, 39, 87, 210, 209, 50, 234, 80, 237, 68, 
211, 126, 5, 171, 204, 125, 215, 102, 179, 45, 178, 54, 39, 87, 210, 209, 50, 231, 126, 211, 126, 5, 171, 
104, 209, 50, 231, 126, 104, 209, 50, 231, 126, 104, 210, 87, 78, 
231, 121, 37, 250, 83, 23, 35, 204, 71, 204, 171, 153, 
171, 5, 171, 5, 176, 39, 120, 39, 87, 39, 87, 210, 209, 229, 61, 28, 235, 20, 21, 157, 50, 178, 54, 39, 144, 125, 215, 180, 
208, 206, 15, 250, 83, 23, 35, 62, 20, 235, 28, 71, 199, 144, 125, 23, 35, 62, 20, 151, 47, 156, 
45, 178, 208, 206, 182, 
71, 199, 144, 80, 71, 199, 144, 102, 175, 59, 128, 34, 
68, 173, 59, 175, 50, 230, 24, 68, 99, 72, 211, 106, 234, 50, 5, 
143, 95, 208, 206, 15, 247, 140, 36, 119, 87, 62, 20, 151, 247, 140, 178, 45, 157, 
68, 24, 230, 173, 59, 175, 149, 106, 211, 198, 143, 95, 229, 247, 140, 247, 172, 
47, 20, 153, 206, 15, 230, 24, 68, 173, 119, 87, 33, 153, 120, 149, 106, 240, 4, 
4, 143, 94, 39, 144, 229, 223, 88, 209, 104, 126, 231, 240, 106, 149, 24, 94, 143, 198, 95, 36, 140, 143, 210, 
230, 24, 149, 225, 224, 72, 237, 33, 153, 120, 119, 36, 112, 215, 225, 151, 153, 206, 15, 247, 88, 
28, 235, 7, 83, 
119, 224, 71, 199, 225, 151, 247, 33, 93, 224, 167, 175, 50, 
5, 59, 93, 
176, 5, 93, 224, 167, 196, 121, 93, 101, 90, 7, 83, 138, 62, 35, 23, 83, 45, 90, 95, 171, 192, 66, 
215, 237, 138, 98, 199, 37, 196, 112, 192, 101, 126, 208, 196, 112, 98, 173, 68, 24, 90, 141, 
101, 3, 98, 138, 7, 83, 217, 143, 181, 199, 
6, 181, 199, 98, 173, 71, 6, 181, 135, 208, 217, 167, 191, 100, 91, 217, 143, 198, 6, 55, 
71, 6, 181, 135, 217, 143, 198, 6, 71, 49, 
95, 6, 217, 192, 101, 135, 90, 6, 217, 135, 208, 39, 191, 175, 50, 6, 217, 167, 191, 60, 184, 
104, 209, 61, 65, 88, 165, 94, 143, 217, 6, 125, 135, 217, 6, 181, 39, 191, 204, 141, 
88, 165, 94, 109, 97, 91, 138, 135, 101, 126, 100, 247, 6, 90, 135, 143, 181, 135, 100, 114, 
88, 165, 97, 91, 217, 135, 93, 91, 100, 135, 90, 91, 217, 88, 165, 62, 35, 23, 91, 138, 152, 14, 
88, 191, 39, 88, 191, 100, 91, 191, 235, 91, 100, 191, 91, 149, 106, 211, 88, 237, 181, 91, 120, 
88, 39, 191, 149, 24, 88, 39, 208, 
28, 91, 140, 191, 91, 123, 121, 37, 250, 88, 191, 155, 
39, 88, 109, 97, 165, 94, 109, 97, 179, 84, 
211, 88, 165, 97, 165, 94, 109, 91, 97, 213, 
230, 88, 191, 234, 165, 100, 250, 181, 91, 102, 179, 97, 91, 181, 102, 
97, 247, 6, 
179, 97, 181, 173, 109, 171, 165, 91, 181, 91, 109, 36, 97, 51, 109, 104, 100, 165, 62, 109, 173, 181, 211, 109, 91, 181, 97, 191, 165, 240, 106, 109, 62, 165, 234, 193, 109, 91, 181, 143, 165, 98, 
20, 62, 109, 88, 191, 171, 97, 72, 211, 104, 165, 193, 109, 181, 97, 179, 173, 100, 212, 109, 181, 211, 109, 88, 191, 97, 126, 100, 135, 191, 109, 36, 181, 171, 97, 240, 100, 110, 
94, 109, 109, 109, 91, 97, 165, 97, 91, 191, 143, 94, 109, 91, 97, 36, 109, 109, 41, 100, 104, 109, 193, 165, 173, 89, 
101, 211, 101, 100, 191, 191, 101, 54, 97, 72, 211, 88, 191, 196, 191, 101, 211, 191, 196, 191, 119, 119, 211, 191, 91, 191, 115, 119, 87, 191, 196, 211, 175, 191, 217, 91, 191, 88, 211, 91, 191, 100, 191, 88, 211, 191, 191, 97, 191, 88, 211, 191, 191, 101, 211, 39, 191, 119, 211, 88, 191, 101, 62, 20, 101, 191, 140, 191, 140, 191, 191, 191, 20, 119, 191, 101, 135, 100, 191, 88, 124, 
23, 96, 119, 123, 97, 119, 87, 123, 
196, 17, 92, 
97, 211, 40, 191, 211, 97, 85, 211, 211, 205, 211, 191, 211, 211, 106, 211, 106, 211, 191, 162, 191, 106, 211, 211, 106, 211, 188, 20, 211, 191, 140, 211, 72, 211, 211, 191, 88, 211, 88, 191, 91, 97, 211, 88, 211, 101, 211, 91, 191, 151, 20, 155, 191, 62, 20, 191, 191, 211, 196, 
177, 20, 27, 20, 20, 97, 20, 20, 179, 97, 97, 32, 97, 20, 20, demand: 949:243,194,229,39,49,187,189,49,187,49,241,:0,0,0,0,6,19,17,10,20,0,0,
demand: 938:161,177,47,177,189,243,216,177,49,39,158,187,189,169,21,243,170,:0,13,3,0,2,19,0,16,1,0,17,20,10,9,5,18,0,
demand: 727:240,189,21,161,177,216,47,249,39,187,75,218,237,209,129,194,:0,14,16,0,15,0,11,0,0,20,9,2,0,0,7,0,
demand: 370:12,158,21,169,244,113,187,69,160,236,129,194,38,46,228,218,139,:0,15,6,20,5,12,14,9,16,18,4,0,8,0,0,13,0,
demand: 982:165,187,38,185,48,19,174,224,:0,20,11,6,12,0,19,0,
demand: 947:194,236,218,48,158,103,185,75,244,70,14,152,188,22,155,13,:0,14,11,6,10,3,17,20,18,5,19,16,8,0,0,0,
demand: 547:42,14,152,113,14,228,42,5,176,:0,8,7,10,19,6,12,0,0,
demand: 769:161,14,228,14,152,188,160,42,228,242,:0,2,12,0,16,9,15,19,6,0,
demand: 664:120,228,103,160,188,70,189,187,:0,9,17,4,13,14,0,0,
demand: 556:226,42,174,2,220,:0,18,4,0,0,
demand: 162:56,205,227,184,58,60,184,227,185,233,:0,17,1,9,8,19,6,18,15,0,
demand: 804:237,228,174,227,205,166,58,60,205,227,184,164,:0,11,4,12,7,9,18,0,19,10,13,0,
demand: 629:168,60,58,203,227,166,1,:0,0,9,16,11,5,0,
demand: 382:80,58,60,32,2,57,:0,18,10,2,0,0,
demand: 229:161,27,188,203,58,49,203,202,27,205,50,:0,12,10,17,1,20,3,8,9,4,0,
demand: 667:35,86,203,202,27,246,205,27,202,203,58,79,203,49,60,228,97,:0,5,17,9,16,3,4,18,19,0,15,2,12,0,1,10,0,
demand: 379:72,190,32,65,32,60,32,37,:0,16,9,18,0,1,0,0,
demand: 149:82,190,32,65,209,211,58,203,202,27,202,203,58,211,209,65,32,190,13,65,32,205,27,161,13,65,32,190,65,200,117,113,109,:0,3,17,2,0,0,0,0,1,14,0,0,0,0,0,9,12,5,0,16,19,10,18,0,0,7,4,13,15,0,8,20,0,
demand: 598:133,65,246,86,69,202,86,246,27,221,202,86,246,65,202,221,117,187,165,:0,14,12,1,20,2,5,3,4,7,10,9,18,6,11,8,13,0,0,
demand: 700:52,65,246,79,117,221,248,79,105,221,27,79,236,221,248,79,117,157,:0,15,4,8,5,18,6,9,19,17,2,7,20,1,3,12,10,0,
demand: 287:184,65,105,55,248,79,105,55,5,29,:0,16,13,5,7,18,6,10,0,0,
demand: 303:30,203,248,55,105,212,55,92,17,212,55,92,17,212,188,160,117,92,17,212,195,134,57,26,80,:0,2,17,12,9,4,14,3,0,15,18,19,0,6,0,20,16,11,0,5,8,13,0,0,0,
demand: 508:52,212,25,137,:0,12,0,0,
demand: 953:17,92,133,74,41,134,17,92,133,74,41,134,195,227,134,105,195,134,133,203,:0,15,6,19,12,13,0,14,18,9,1,17,4,20,7,2,5,8,11,0,
demand: 116:134,195,223,242,248,201,74,41,90,:0,8,12,4,16,14,11,13,0,
demand: 601:62,2,133,74,41,134,133,2,64,242,223,195,30,134,41,30,155,194,242,155,229,14,:0,13,9,6,20,18,12,7,10,19,11,14,1,15,5,3,2,16,17,0,0,0,
demand: 184:18,1,134,30,195,223,216,:0,18,10,16,1,20,0,
demand: 887:123,1,134,30,134,54,:0,9,1,15,0,0,
demand: 618:206,1,241,:0,15,0,
demand: 850:159,1,134,64,2,32,190,:0,1,20,12,15,0,0,
demand: 832:218,1,233,1,134,41,134,195,30,110,:0,3,20,0,0,8,0,11,1,0,
demand: 958:126,2,64,242,223,186,30,41,187,:0,4,3,15,20,13,9,0,0,
demand: 893:40,1,168,41,186,242,64,242,161,186,207,242,39,10,39,249,47,157,:0,4,14,10,18,11,16,0,0,12,0,13,0,7,0,0,0,0,
demand: 269:163,195,194,242,155,2,133,74,201,74,44,133,41,30,186,223,108,2,242,106,:0,13,3,9,11,8,4,0,16,14,12,20,15,10,2,1,18,19,5,0,
demand: 741:96,64,130,194,242,155,2,108,223,186,223,108,223,19,201,195,194,91,:0,17,11,3,0,5,14,1,2,9,0,7,6,16,18,20,4,0,
demand: 740:64,130,194,130,80,:0,6,8,0,0,
demand: 874:66,201,195,194,108,2,155,148,194,108,233,26,74,183,:0,12,15,20,7,0,5,2,10,6,9,18,11,0,
demand: 338:202,186,41,133,44,74,106,:0,4,1,11,14,0,0,
demand: 721:232,1,141,154,223,154,194,242,:0,17,0,0,1,0,0,0,
demand: 816:135,1,201,19,223,44,201,19,223,44,10,29,148,194,108,233,214,:0,18,1,9,14,3,11,7,4,2,8,12,5,20,17,15,0,
demand: 914:71,130,233,26,223,19,201,44,10,148,155,12,77,164,116,26,74,44,133,143,:0,5,7,4,6,3,15,8,19,18,16,12,2,1,9,14,20,0,0,0,
demand: 331:137,1,77,164,116,26,233,30,:0,1,7,17,19,15,8,0,
demand: 473:231,214,148,155,12,77,164,116,26,2,215,:0,2,8,15,6,5,19,4,18,11,0,
demand: 510:240,1,214,148,194,130,80,26,233,26,116,164,77,12,155,2,108,194,130,64,2,155,22,154,71,31,233,12,77,164,116,26,57,182,:0,5,16,20,0,17,0,18,7,0,14,12,15,11,4,10,0,0,13,0,0,1,9,0,0,0,8,3,0,19,6,2,0,0,
demand: 615:179,132,12,77,10,148,214,142,10,201,132,82,142,10,116,130,142,223,26,74,226,:0,19,18,13,17,10,9,12,5,14,2,6,7,4,3,1,8,20,11,0,0,
demand: 604:234,132,201,82,142,157,82,142,157,82,142,157,132,12,222,164,142,157,222,29,5,61,:0,2,15,12,4,5,18,20,19,16,1,7,13,14,11,10,6,8,3,17,0,0,
demand: 176:130,116,164,222,29,22,223,200,223,142,157,222,29,22,82,214,241,84,22,223,22,215,:0,15,0,6,18,19,0,4,0,11,10,16,8,12,14,13,9,17,7,20,0,0,
demand: 4:145,1,130,238,214,41,168,12,108,172,241,84,17,134,:0,1,18,2,11,10,3,13,20,12,17,6,0,0,
demand: 641:80,16,29,127,113,117,:0,16,9,3,0,0,
demand: 397:138,63,186,10,77,63,1,40,172,241,84,222,96,63,207,1,45,:0,17,10,11,14,12,1,19,16,6,13,4,8,7,2,0,0,
demand: 414:36,1,40,172,241,84,63,77,10,116,226,222,248,221,:0,20,12,7,19,3,9,13,4,10,6,14,0,0,
demand: 325:136,16,127,63,82,22,142,26,16,127,96,73,172,40,168,7,9,:0,6,18,12,10,11,20,15,13,3,19,14,9,1,4,0,0,
demand: 66:115,207,40,168,16,136,74,226,29,16,136,73,172,250,:0,19,18,15,1,3,20,8,13,11,7,5,0,0,
demand: 620:21,16,127,96,73,136,73,172,238,96,127,193,241,207,40,168,214,238,154,:0,3,9,14,19,6,0,10,7,8,4,13,1,11,12,17,20,16,0,
demand: 328:13,136,73,136,226,84,241,207,241,84,241,193,127,96,238,193,136,249,:0,0,16,1,17,13,20,8,0,6,0,12,0,2,11,9,5,0,
demand: 1:134,226,168,200,193,64,130,219,:0,5,12,16,9,20,0,0,
demand: 999:62,22,238,193,40,207,110,18,43,:0,1,13,5,14,8,2,0,0,
demand: 797:37,194,207,40,226,168,200,209,136,162,110,209,200,156,162,136,227,161,110,18,200,13,146,136,:0,20,8,10,6,16,11,0,13,0,2,0,3,0,0,9,0,0,19,0,12,0,0,0,
demand: 25:115,207,110,18,200,181,:0,20,7,0,18,0,
demand: 798:126,124,148,159,110,207,226,183,172,159,200,183,41,168,159,124,216,122,127,168,73,:0,9,15,19,8,13,14,5,20,16,1,2,0,11,18,3,6,7,10,4,0,
demand: 214:88,183,107,249,122,216,238,154,161,18,:0,17,18,19,9,14,10,8,0,0,
demand: 872:2,51,97,:0,16,0,
demand: 795:178,137,51,172,40,216,238,154,63,51,137,154,249,122,204,154,153,109,:0,5,19,0,10,1,0,12,20,8,18,9,6,2,0,13,0,0,
demand: 750:33,107,147,161,18,145,161,107,84,18,216,124,200,18,161,35,170,145,18,20,161,63,:0,1,14,5,7,17,12,2,20,3,0,16,15,4,8,0,19,11,6,0,18,0,
demand: 867:133,3,67,18,110,226,53,161,145,65,:0,6,16,8,20,10,13,14,0,0,
demand: 133:237,9,161,20,18,67,136,118,67,18,156,161,53,67,18,156,161,53,67,18,145,170,146,:0,5,18,0,19,8,20,2,11,17,0,3,14,12,6,0,16,10,13,7,9,1,0,
demand: 635:182,3,145,:0,4,0,
demand: 962:16,3,67,53,52,:0,10,16,1,0,
demand: 496:27,3,67,53,161,35,170,35,161,53,161,21,193,9,161,53,22,9,161,21,216,18,145,11,:0,16,18,5,6,0,17,0,0,11,2,0,15,14,8,7,20,4,3,0,0,1,19,0,
demand: 913:108,3,67,53,18,163,118,67,3,163,118,67,128,163,118,67,53,67,141,:0,1,7,10,13,15,2,16,19,4,18,12,3,8,6,9,17,0,0,
demand: 661:29,118,163,128,67,53,73,96,9,161,147,3,163,118,9,249,:0,4,14,18,2,0,20,0,12,7,8,13,6,1,9,0,
demand: 410:86,163,118,9,161,147,161,9,118,163,3,147,161,9,161,147,161,9,118,163,3,147,161,9,2,:0,15,14,11,18,19,0,3,7,13,17,5,0,12,10,6,0,1,8,9,4,20,0,16,0,
demand: 207:101,3,163,118,9,25,163,3,147,3,163,128,118,46,147,3,53,147,114,56,150,170,186,30,:0,11,17,12,2,13,19,4,5,0,3,14,20,9,18,15,16,6,10,1,7,0,0,0,
demand: 83:110,118,46,147,205,227,:0,8,7,10,0,0,
demand: 154:215,66,114,56,233,118,46,164,237,58,213,147,114,56,150,170,162,43,145,48,:0,5,6,11,0,8,16,0,0,0,12,9,10,18,1,15,0,13,19,0,
demand: 301:39,176,56,114,66,215,102,:0,1,9,11,12,0,0,
demand: 211:133,176,56,114,66,34,114,56,150,75,:0,19,7,10,8,2,15,16,9,0,
demand: 446:15,56,114,66,34,114,56,176,37,:0,16,10,14,17,1,4,0,0,
demand: 978:102,89,34,114,66,163,:0,15,2,14,20,0,
demand: 911:249,25,114,34,66,213,114,150,56,176,8,114,150,56,176,8,76,145,162,15,:0,19,6,7,9,18,3,5,2,4,1,10,17,20,8,16,12,15,0,0,
demand: 778:246,66,34,89,150,170,213,66,34,89,150,228,:0,10,11,5,4,3,12,18,15,6,13,0,
demand: 591:41,56,213,66,25,114,150,170,213,56,145,76,8,176,219,66,4,99,:0,5,12,1,11,0,9,16,2,6,17,4,8,13,14,3,0,0,
demand: 765:16,46,128,34,10,:0,2,7,4,0,
demand: 515:221,46,128,34,114,56,114,66,213,170,150,89,34,89,150,170,162,145,43,162,170,162,145,43,145,76,145,76,8,76,8,79,:0,10,9,14,0,5,0,15,20,11,3,0,4,8,0,2,0,12,18,0,17,0,13,7,0,1,16,0,19,6,0,0,
demand: 38:65,145,56,213,170,232,8,170,213,25,128,34,46,128,34,46,128,193,:0,13,9,11,15,10,1,3,8,7,5,17,4,6,19,14,12,0,
demand: 349:5,176,219,66,25,242,:0,18,2,20,17,0,
demand: 70:136,34,128,46,34,43,128,46,114,25,213,56,145,76,8,232,170,8,76,145,56,213,25,46,211,17,:0,7,18,10,12,3,15,16,20,2,17,0,0,6,1,11,9,4,5,0,0,13,8,19,0,0,
demand: 884:106,25,213,56,76,128,46,25,170,232,8,170,232,8,114,25,46,43,162,183,:0,16,4,0,12,2,15,11,5,14,10,9,19,8,0,18,6,7,0,0,
demand: 415:89,232,8,227,101,:0,11,20,0,0,
demand: 977:19,182,76,219,176,89,232,8,182,25,213,232,89,46,43,232,219,76,182,176,153,:0,1,5,11,6,18,10,17,16,4,8,12,20,13,14,9,2,15,19,3,0,
demand: 883:9,232,219,76,182,176,89,46,43,232,242,:0,9,15,0,18,13,6,20,16,3,0,
demand: 23:193,43,232,89,176,182,176,89,92,:0,5,18,13,0,3,17,20,0,
demand: 412:85,219,232,8,182,8,232,219,232,43,46,89,219,5,:0,6,0,0,7,8,2,12,0,20,0,9,16,0,
demand: 595:177,182,219,89,92,182,219,13,182,219,13,182,219,66,145,182,13,162,182,25,66,:0,18,17,7,0,8,5,3,20,14,19,2,6,0,4,16,1,13,11,0,0,
demand: 489:51,21,43,232,219,13,162,17,141,146,162,13,81,196,:0,0,16,0,18,8,9,17,13,0,6,3,11,0,
demand: 764:67,141,17,162,61,17,162,61,17,162,61,17,141,115,85,141,115,207,56,57,81,217,:0,8,4,5,11,6,7,16,13,14,10,18,12,17,3,9,1,0,2,20,19,0,
demand: 782:180,61,115,85,141,115,85,81,57,31,131,11,127,:0,11,7,13,8,15,20,18,2,3,6,19,0,
demand: 924:173,61,115,57,81,85,115,61,115,57,81,139,115,57,31,131,11,52,135,:0,15,6,5,3,7,0,19,18,1,16,17,2,4,9,14,11,8,0,
demand: 419:26,11,131,31,57,52,11,131,31,243,:0,4,3,12,20,13,14,19,10,0,
demand: 88:28,61,139,52,11,31,16,139,52,57,31,243,:0,11,14,7,1,4,0,13,9,10,19,0,
demand: 160:163,139,180,31,16,139,180,57,52,139,180,229,:0,7,17,15,0,6,3,16,9,8,12,0,
demand: 794:203,239,156,162,17,162,227,146,227,162,156,239,180,139,220,146,131,197,239,156,162,234,:0,8,17,0,2,0,0,18,0,0,3,14,10,16,13,5,20,15,4,11,0,0,
demand: 909:241,78,245,239,156,111,245,239,156,111,245,239,197,146,220,245,239,197,146,220,212,:0,3,13,19,1,18,14,15,20,16,8,10,12,17,9,7,4,5,6,11,0,
demand: 878:229,180,220,146,197,78,111,141,146,220,78,111,141,146,197,78,241,143,:0,14,3,17,8,20,13,0,18,10,12,1,0,19,15,9,0,0,
demand: 355:112,78,87,39,146,141,111,230,245,240,146,123,121,37,250,250,250,250,250,83,14,:0,1,6,19,20,0,8,14,2,13,16,11,17,12,3,10,18,7,15,5,0,
demand: 462:178,197,5,220,180,:0,4,6,16,0,
demand: 86:166,227,4,99,72,8,:0,0,6,17,16,0,
demand: 189:18,84,4,99,72,211,126,5,62,115,:0,0,14,4,7,8,15,12,6,0,
demand: 288:228,4,180,229,39,35,204,125,215,102,179,36,95,198,179,226,:0,3,2,14,8,6,18,9,1,20,4,16,5,7,10,0,
demand: 441:69,4,143,133,:0,9,0,0,
demand: 442:5,62,237,238,214,:0,10,19,0,0,
demand: 925:84,4,183,:0,20,0,
demand: 140:45,4,143,95,198,179,36,95,122,216,:0,5,9,16,10,15,8,3,0,0,
demand: 991:76,84,4,45,179,36,95,198,179,102,215,125,204,35,62,237,80,234,123,99,:0,0,9,11,17,10,16,7,18,1,3,20,13,15,8,6,4,14,5,0,
demand: 920:171,5,62,237,80,234,123,197,:0,8,3,19,20,1,2,0,
demand: 828:184,5,126,211,72,99,4,45,211,:0,16,14,18,8,5,0,3,0,
demand: 722:61,28,235,178,54,39,120,149,106,234,123,121,37,250,250,83,23,35,242,88,:0,4,19,13,20,10,18,7,16,5,17,12,2,9,14,3,8,15,0,0,
demand: 256:90,45,4,193,:0,0,10,0,
demand: 94:232,43,50,43,21,20,235,178,54,39,87,210,209,50,234,80,237,68,:0,0,8,0,0,18,9,7,10,14,15,3,1,16,6,5,19,0,
demand: 231:244,211,126,5,171,204,125,215,102,179,45,178,54,39,87,210,209,50,231,126,211,126,5,171,:0,4,8,6,1,12,5,18,20,17,13,16,2,9,14,7,10,3,15,11,19,0,0,0,
demand: 580:174,104,209,50,231,126,104,209,50,231,126,104,210,87,78,:0,19,13,7,6,17,11,20,9,12,3,2,15,8,0,
demand: 416:126,231,121,37,250,83,23,35,204,71,204,171,153,:0,11,2,14,9,3,7,18,17,10,0,5,0,
demand: 903:110,171,5,171,5,176,39,120,39,87,39,87,210,209,229,61,28,235,20,21,157,50,178,54,39,144,125,215,180,:0,0,10,14,0,0,8,5,0,16,19,0,12,0,1,0,20,4,2,0,0,6,15,18,11,13,17,7,0,
demand: 471:236,208,206,15,250,83,23,35,62,20,235,28,71,199,144,125,23,35,62,20,151,47,156,:0,13,7,2,9,11,6,14,18,16,4,20,15,19,1,3,5,17,10,8,12,0,0,
demand: 33:179,45,178,208,206,182,:0,6,10,13,14,0,
demand: 926:128,71,199,144,80,71,199,144,102,175,59,128,34,:0,13,7,3,1,8,5,9,2,19,17,0,0,
demand: 587:88,68,173,59,175,50,230,24,68,99,72,211,106,234,50,5,:0,13,1,15,12,11,4,8,19,18,2,14,9,3,7,0,
demand: 499:133,143,95,208,206,15,247,140,36,119,87,62,20,151,247,140,178,45,157,:0,3,7,10,12,8,2,15,5,19,14,11,17,18,13,1,9,6,0,
demand: 701:136,68,24,230,173,59,175,149,106,211,198,143,95,229,247,140,247,172,:0,20,17,10,12,5,18,11,2,7,13,9,14,4,1,6,0,0,
demand: 85:216,47,20,153,206,15,230,24,68,173,119,87,33,153,120,149,106,240,4,:0,0,7,2,5,9,20,16,10,14,13,3,8,19,4,17,15,1,0,
demand: 677:233,4,143,94,39,144,229,223,88,209,104,126,231,240,106,149,24,94,143,198,95,36,140,143,210,:0,6,14,13,9,11,5,0,0,10,16,0,3,20,7,19,4,12,15,18,17,0,1,8,0,
demand: 738:38,230,24,149,225,224,72,237,33,153,120,119,36,112,215,225,151,153,206,15,247,88,:0,18,3,5,1,12,9,16,8,15,10,11,7,13,14,2,19,4,6,20,17,0,
demand: 607:137,28,235,7,83,:0,7,9,2,0,
demand: 733:96,119,224,71,199,225,151,247,33,93,224,167,175,50,:0,3,18,7,14,20,6,17,12,15,4,5,0,0,
demand: 550:109,5,59,93,:0,9,20,0,
demand: 687:160,176,5,93,224,167,196,121,93,101,90,7,83,138,62,35,23,83,45,90,95,171,192,66,:0,0,10,8,6,5,13,16,19,12,20,15,9,1,17,0,11,7,18,4,14,3,2,0,
demand: 206:21,215,237,138,98,199,37,196,112,192,101,126,208,196,112,98,173,68,24,90,141,:0,11,9,13,19,6,14,7,4,12,20,10,16,2,15,18,3,0,17,1,0,
demand: 628:237,101,3,98,138,7,83,217,143,181,199,:0,12,0,1,16,4,6,18,10,8,0,
demand: 195:198,6,181,199,98,173,71,6,181,135,208,217,167,191,100,91,217,143,198,6,55,:0,19,1,11,7,6,16,12,15,8,9,2,3,20,18,5,13,14,17,4,0,
demand: 1000:174,71,6,181,135,217,143,198,6,71,49,:0,0,2,15,12,18,14,0,20,9,0,
demand: 627:122,95,6,217,192,101,135,90,6,217,135,208,39,191,175,50,6,217,167,191,60,184,:0,14,8,4,3,16,18,7,1,5,13,9,11,12,6,17,15,2,10,20,0,0,
demand: 834:76,104,209,61,65,88,165,94,143,217,6,125,135,217,6,181,39,191,204,141,:0,6,0,0,0,15,13,3,9,1,12,7,4,18,5,19,11,8,0,0,
demand: 80:111,88,165,94,109,97,91,138,135,101,126,100,247,6,90,135,143,181,135,100,114,:0,13,18,9,8,5,2,7,20,17,14,12,11,3,0,16,10,4,19,1,0,
demand: 247:2,88,165,97,91,217,135,93,91,100,135,90,91,217,88,165,62,35,23,91,138,152,14,:0,16,7,13,8,5,3,11,19,1,12,9,15,18,2,20,6,17,10,4,14,0,0,
demand: 220:233,88,191,39,88,191,100,91,191,235,91,100,191,91,149,106,211,88,237,181,91,120,:0,16,7,10,2,20,5,15,1,11,12,3,13,18,14,9,6,4,17,19,8,0,
demand: 954:150,88,39,191,149,24,88,39,208,:0,5,9,4,17,6,15,0,0,
demand: 963:183,28,91,140,191,91,123,121,37,250,88,191,155,:0,6,20,14,12,1,10,0,11,0,18,15,0,
demand: 126:116,39,88,109,97,165,94,109,97,179,84,:0,0,1,13,3,19,0,5,12,10,0,
demand: 806:143,211,88,165,97,165,94,109,91,97,213,:0,17,3,7,8,0,0,5,15,4,0,
demand: 644:183,230,88,191,234,165,100,250,181,91,102,179,97,91,181,102,:0,11,13,4,10,15,1,6,2,20,14,0,18,0,16,0,
demand: 505:179,97,247,6,:0,3,0,0,
demand: 276:128,193,109,91,181,143,165,98,:0,0,3,0,19,0,12,0,
demand: 209:111,109,36,181,171,97,240,100,110,:0,5,9,7,11,15,10,18,0,
demand: 749:186,41,100,104,109,193,165,173,89,:0,0,16,14,7,0,12,17,0,
demand: 520:204,101,135,100,191,88,124,:0,17,0,0,8,0,0,
demand: 868:77,119,87,123,:0,10,9,0,
demand: 316:42,196,17,92,:0,10,0,0,
demand: 650:236,191,211,196,:0,16,14,0,
Average Delay: 14.293706293706293
Runtime (mS): 472973Acceptation rate: 0.3575