13, 14, 15, 2, 15, 9, 10, 4, 8, 13, 14, 4, 2, 15, 9, 10, 4, 14, 
13, 1, 4, 5, 10, 14, 1, 4, 5, 8, 
7, 4, 1, 14, 10, 14, 1, 4, 3, 1, 6, 13, 
3, 4, 3, 1, 15, 11, 3, 
9, 14, 10, 5, 3, 1, 15, 15, 3, 
15, 15, 15, 15, 14, 2, 
3, 12, 15, 15, 12, 2, 
15, 5, 9, 
9, 5, 15, 15, 1, 3, 9, 13, 5, 10, 5, 15, 3, 
3, 8, 9, 8, 3, 10, 8, 9, 8, 10, 3, 
9, 6, 3, 6, 9, 6, 15, 11, 15, 1, 13, 9, 13, 1, 15, 11, 
6, 15, 3, 
14, 8, 12, 10, 11, 8, 12, 2, 14, 
12, 8, 2, 14, 2, 12, 6, 15, 3, 14, 
2, 14, 2, 12, 8, 12, 6, 15, 
12, 8, 12, 6, 9, 
6, 15, 14, 8, 14, 1, 4, 8, 4, 1, 14, 7, 14, 15, 
5, 14, 5, 
6, 5, 12, 9, 
15, 7, 5, 7, 2, 12, 5, 6, 9, 7, 2, 
2, 6, 5, 11, 
6, 12, 6, 5, 6, 2, 7, 2, 6, 5, 11, 7, 11, 5, 11, 7, 13, 
13, 5, 13, 6, 3, 7, 12, 5, 12, 7, 11, 5, 1, 13, 
1, 5, 11, 7, 11, 5, 11, 7, 7, 
5, 11, 5, 12, 5, 11, 7, 
demand: 217:8,13,14,15,2,15,9,10,4,8,13,14,4,2,15,9,10,4,14,:0,7,0,0,3,0,0,4,0,0,6,0,2,5,0,0,1,0,0,
demand: 874:2,13,1,4,5,10,14,1,4,5,8,:0,5,0,7,0,6,0,1,4,0,0,
demand: 416:10,7,4,1,14,10,14,1,4,3,1,6,13,:0,0,6,4,0,3,0,0,7,0,5,1,0,
demand: 891:6,3,4,3,1,15,11,3,:0,0,1,0,3,0,4,0,
demand: 461:2,9,14,10,5,3,1,15,15,3,:0,4,0,2,0,0,5,7,6,0,
demand: 373:11,15,15,15,15,14,2,:0,3,6,1,2,0,0,
demand: 796:9,3,12,15,15,12,2,:0,0,0,7,6,0,0,
demand: 837:7,15,5,9,:0,3,0,0,
demand: 423:5,9,5,15,15,1,3,9,13,5,10,5,15,3,:0,4,0,7,1,0,0,5,0,0,6,0,0,3,
demand: 173:6,3,8,9,8,3,10,8,9,8,10,3,:0,0,0,5,0,1,0,0,3,0,0,0,
demand: 763:13,9,6,3,6,9,6,15,11,15,1,13,9,13,1,15,11,:0,7,0,4,0,1,2,0,6,0,0,0,5,0,0,0,0,
demand: 471:2,6,15,3,:0,0,2,0,
demand: 383:3,14,8,12,10,11,8,12,2,14,:0,2,7,5,0,6,1,4,0,0,
demand: 415:1,12,8,2,14,2,12,6,15,3,14,:0,4,3,0,7,0,5,0,0,6,0,
demand: 630:7,2,14,2,12,8,12,6,15,:0,0,3,0,0,5,0,0,0,
demand: 622:10,12,8,12,6,9,:0,0,5,0,0,0,
demand: 718:9,6,15,14,8,14,1,4,8,4,1,14,7,14,15,:0,0,0,3,7,6,0,0,2,0,0,0,5,0,0,
demand: 875:10,5,14,5,:0,0,2,0,
demand: 901:13,6,5,12,9,:0,0,6,0,0,
demand: 390:3,15,7,5,7,2,12,5,6,9,7,2,:0,0,0,1,6,0,0,2,0,0,7,0,
demand: 495:7,2,6,5,11,:0,0,0,7,0,
demand: 698:2,6,12,6,5,6,2,7,2,6,5,11,7,11,5,11,7,13,:0,0,3,0,4,0,0,7,0,0,5,0,6,0,2,0,1,0,
demand: 571:1,13,5,13,6,3,7,12,5,12,7,11,5,1,13,:0,0,5,0,0,0,7,0,1,0,3,0,2,0,0,
demand: 133:9,7,:0,4,
demand: 426:2,12,5,11,7,:0,0,1,0,0,
Average Delay: 9.0
Runtime (mS): 35Acceptation rate: 0.25555555555555554