20, 61, 69, 39, 67, 3, 50, 39, 69, 61, 83, 7, 27, 36, 96, 
36, 61, 83, 39, 69, 3, 68, 17, 27, 
11, 36, 1, 68, 17, 99, 68, 41, 
69, 7, 93, 67, 58, 39, 99, 36, 88, 51, 58, 17, 30, 71, 45, 84, 
12, 47, 71, 45, 12, 93, 45, 39, 58, 59, 
12, 45, 71, 30, 71, 45, 12, 2, 45, 12, 68, 17, 64, 
74, 12, 45, 88, 36, 91, 
71, 53, 51, 2, 58, 45, 84, 71, 30, 34, 12, 69, 2, 77, 71, 70, 77, 2, 98, 
17, 95, 71, 2, 12, 17, 98, 2, 40, 
98, 2, 71, 47, 90, 65, 88, 45, 47, 
6, 30, 94, 16, 97, 39, 96, 70, 16, 34, 47, 90, 65, 22, 98, 14, 73, 92, 
42, 21, 5, 58, 97, 42, 21, 46, 42, 21, 46, 42, 94, 22, 16, 
47, 71, 48, 94, 22, 98, 14, 82, 9, 11, 41, 73, 53, 84, 60, 70, 65, 90, 47, 41, 81, 91, 
98, 14, 46, 42, 94, 22, 97, 46, 21, 46, 11, 
94, 42, 97, 22, 11, 46, 97, 41, 47, 27, 7, 
14, 38, 41, 70, 74, 59, 
47, 41, 47, 53, 56, 38, 14, 90, 56, 47, 53, 56, 38, 53, 42, 98, 
41, 38, 56, 53, 47, 90, 16, 11, 28, 20, 11, 28, 20, 11, 28, 83, 95, 85, 
20, 97, 42, 28, 63, 22, 61, 
4, 100, 66, 16, 66, 96, 49, 60, 13, 
6, 21, 79, 97, 44, 6, 79, 16, 6, 44, 8, 99, 
44, 4, 92, 63, 22, 16, 32, 
63, 22, 94, 22, 16, 46, 
9, 92, 65, 22, 63, 21, 79, 18, 
56, 92, 65, 90, 4, 70, 25, 98, 60, 33, 84, 4, 92, 25, 86, 
65, 90, 47, 53, 33, 84, 33, 60, 59, 25, 79, 6, 84, 33, 60, 44, 74, 59, 25, 87, 5, 48, 49, 
46, 14, 8, 
56, 92, 18, 87, 25, 98, 18, 1, 
96, 48, 33, 60, 33, 18, 87, 25, 78, 96, 48, 5, 53, 56, 53, 5, 48, 96, 36, 9, 92, 
96, 40, 81, 1, 34, 4, 96, 40, 81, 16, 77, 53, 75, 
38, 40, 81, 77, 28, 20, 40, 81, 77, 57, 34, 4, 100, 100, 100, 45, 
77, 81, 54, 37, 22, 84, 81, 54, 37, 90, 54, 37, 46, 57, 77, 43, 
84, 81, 37, 34, 57, 81, 40, 18, 33, 89, 
18, 33, 50, 
57, 77, 84, 
54, 81, 18, 33, 48, 40, 57, 54, 22, 65, 
81, 53, 33, 37, 36, 
18, 33, 48, 40, 81, 77, 16, 22, 63, 48, 
33, 37, 38, 
87, 33, 37, 92, 77, 76, 40, 57, 54, 57, 40, 38, 37, 77, 76, 13, 
57, 77, 76, 40, 38, 14, 38, 37, 58, 
54, 38, 40, 76, 77, 37, 57, 32, 40, 76, 37, 77, 89, 41, 81, 39, 
40, 76, 37, 77, 43, 
57, 54, 4, 54, 38, 37, 77, 89, 77, 37, 76, 64, 1, 57, 32, 40, 48, 69, 33, 32, 
2, 77, 53, 64, 53, 77, 28, 40, 76, 40, 48, 40, 32, 51, 99, 
87, 33, 44, 54, 33, 32, 57, 64, 
33, 32, 57, 37, 22, 16, 32, 76, 64, 57, 10, 54, 17, 
90, 54, 33, 32, 76, 64, 57, 64, 76, 96, 
57, 64, 33, 54, 10, 74, 
57, 41, 60, 
57, 10, 54, 33, 32, 40, 48, 35, 4, 54, 33, 64, 10, 26, 40, 48, 
54, 10, 57, 89, 48, 35, 66, 
35, 99, 
64, 100, 100, 100, 100, 54, 90, 
89, 54, 100, 100, 100, 100, 64, 10, 26, 80, 
26, 54, 100, 64, 26, 35, 48, 89, 57, 10, 52, 64, 26, 35, 52, 23, 
10, 52, 64, 26, 32, 
10, 64, 52, 35, 74, 
10, 52, 35, 89, 48, 32, 26, 52, 32, 73, 
54, 10, 26, 35, 52, 64, 52, 35, 48, 35, 26, 80, 
35, 89, 26, 32, 52, 26, 89, 52, 10, 52, 24, 
32, 52, 26, 89, 35, 89, 26, 52, 32, 48, 69, 82, 89, 52, 24, 49, 
32, 48, 69, 89, 80, 48, 69, 26, 80, 48, 21, 66, 8, 32, 48, 51, 99, 
13, 48, 80, 8, 66, 83, 
66, 8, 80, 48, 80, 8, 66, 13, 4, 
13, 18, 
8, 18, 80, 74, 66, 13, 18, 80, 26, 66, 13, 1, 8, 35, 66, 13, 1, 8, 35, 66, 26, 80, 55, 52, 
6, 66, 75, 53, 55, 72, 5, 75, 53, 55, 72, 5, 75, 53, 55, 72, 5, 75, 3, 55, 72, 5, 75, 17, 
72, 55, 53, 75, 53, 47, 45, 
75, 29, 72, 15, 75, 29, 72, 74, 35, 18, 
48, 80, 8, 1, 34, 1, 82, 1, 9, 1, 82, 73, 51, 2, 1, 81, 
1, 31, 49, 19, 73, 82, 12, 74, 35, 18, 
1, 31, 49, 19, 73, 5, 34, 19, 73, 5, 34, 19, 49, 31, 1, 47, 
31, 1, 31, 1, 13, 
2, 1, 49, 51, 29, 72, 
5, 34, 19, 73, 51, 2, 98, 15, 
9, 91, 59, 27, 23, 51, 8, 
75, 15, 72, 
1, 49, 19, 34, 15, 17, 23, 95, 42, 26, 35, 74, 35, 19, 
51, 27, 23, 51, 23, 53, 
62, 24, 9, 91, 59, 27, 23, 74, 62, 24, 8, 69, 
1, 62, 24, 78, 34, 86, 59, 27, 78, 24, 59, 60, 
67, 19, 62, 74, 23, 43, 91, 59, 24, 9, 91, 43, 86, 78, 74, 
43, 91, 53, 
38, 23, 74, 43, 86, 78, 24, 95, 74, 43, 95, 99, 21, 
33, 1, 62, 74, 43, 86, 95, 14, 85, 14, 95, 71, 
85, 1, 73, 85, 78, 34, 85, 68, 
73, 85, 15, 56, 85, 85, 14, 95, 14, 85, 15, 85, 19, 62, 
85, 76, 37, 
85, 29, 85, 1, 8, 85, 91, 85, 56, 95, 56, 15, 56, 85, 78, 85, 85, 85, 14, 95, 71, 85, 86, 78, 85, 98, 14, 85, 85, 56, 95, 56, 15, 72, 29, 72, 15, 56, 85, 85, 85, 14, 95, 71, 85, 15, 72, 29, 95, 74, 85, 24, 85, 78, 14, 
27, 21, 
86, 59, 24, 85, 65, 
85, 85, 85, 15, 85, 77, 43, 85, 85, 19, 34, 
85, 1, 8, 85, 85, 85, 15, 75, 29, 74, 43, 74, 95, 56, 85, 85, 19, 67, 29, 85, 73, 85, 56, 15, 75, 29, 75, 15, 56, 85, 29, 85, 85, 19, 85, 38, 41, 
73, 85, 38, 85, 73, 1, 85, 77, 43, 30, 34, 
41, 38, 85, 91, 38, 85, 56, 15, 56, 85, 91, 29, 74, 85, 91, 85, 75, 29, 75, 15, 56, 85, 85, 29, 85, 91, 77, 85, 85, 56, 15, 75, 29, 1, 62, 19, 85, 77, 85, 85, 16, 
5, 38, 85, 29, 51, 91, 59, 24, 62, 19, 85, 91, 43, 39, 
5, 5, 29, 75, 15, 29, 31, 5, 100, 
51, 29, 31, 29, 29, 29, 51, 29, 37, 29, 75, 15, 58, 26, 
24, 9, 24, 9, 31, 75, 29, 29, 75, 29, 9, 76, 85, 31, 85, 24, 9, 29, 85, 22, 9, 75, 15, 85, 33, 
demand: 910:97,20,61,69,39,67,3,50,39,69,61,83,7,27,36,96,:0,0,13,4,12,6,7,8,14,3,10,9,2,0,11,0,
demand: 530:95,36,61,83,39,69,3,68,17,27,:0,14,3,5,0,4,10,8,13,0,
demand: 489:59,11,36,1,68,17,99,68,41,:0,0,3,0,1,6,2,11,0,
demand: 815:48,69,7,93,67,58,39,99,36,88,51,58,17,30,71,45,84,:0,9,5,15,10,7,3,6,4,13,0,11,8,2,1,14,0,
demand: 259:74,12,47,71,45,12,93,45,39,58,59,:0,11,0,12,2,7,8,14,4,10,0,
demand: 718:92,12,45,71,30,71,45,12,2,45,12,68,17,64,:0,7,14,15,4,0,13,11,12,2,1,0,8,0,
demand: 247:81,74,12,45,88,36,91,:0,0,2,0,10,0,0,
demand: 96:95,71,53,51,2,58,45,84,71,30,34,12,69,2,77,71,70,77,2,98,:0,7,0,0,11,4,12,0,0,5,0,9,0,1,0,15,13,0,14,0,
demand: 145:12,17,95,71,2,12,17,98,2,40,:0,0,0,7,10,6,0,11,5,0,
demand: 406:14,98,2,71,47,90,65,88,45,47,:0,11,0,8,1,14,15,4,9,0,
demand: 341:44,6,30,94,16,97,39,96,70,16,34,47,90,65,22,98,14,73,92,:0,0,4,9,0,11,0,0,15,0,0,10,8,7,12,5,13,0,0,
demand: 866:28,42,21,5,58,97,42,21,46,42,21,46,42,94,22,16,:0,15,12,0,3,7,2,6,5,8,11,13,1,9,4,0,
demand: 129:90,47,71,48,94,22,98,14,82,9,11,41,73,53,84,60,70,65,90,47,41,81,91,:0,5,0,0,10,13,12,2,0,0,7,15,0,6,14,0,11,1,4,8,3,0,0,
demand: 231:25,98,14,46,42,94,22,97,46,21,46,11,:0,13,10,3,9,14,8,7,11,5,0,0,
demand: 503:50,94,42,97,22,11,46,97,41,47,27,7,:0,15,0,7,13,14,5,3,12,1,0,0,
demand: 453:90,14,38,41,70,74,59,:0,15,6,12,11,0,0,
demand: 90:71,47,41,47,53,56,38,14,90,56,47,53,56,38,53,42,98,:0,0,12,9,8,13,6,15,1,2,3,4,11,7,14,5,0,
demand: 844:25,41,38,56,53,47,90,16,11,28,20,11,28,20,11,28,83,95,85,:0,9,5,6,11,3,4,7,1,12,15,10,13,2,8,14,0,0,0,
demand: 575:28,20,97,42,28,63,22,61,:0,7,9,0,6,15,5,0,
demand: 823:92,4,100,66,16,66,96,49,60,13,:0,13,0,0,8,0,0,0,0,0,
demand: 542:9,6,21,79,97,44,6,79,16,6,44,8,99,:0,2,4,10,3,6,15,13,12,8,14,0,0,
demand: 963:74,44,4,92,63,22,16,32,:0,15,13,12,7,3,1,0,
demand: 803:50,63,22,94,22,16,46,:0,11,0,9,0,8,0,
demand: 836:36,9,92,65,22,63,21,79,18,:0,0,13,3,0,7,0,15,0,
demand: 931:53,56,92,65,90,4,70,25,98,60,33,84,4,92,25,86,:0,5,13,9,4,7,10,12,3,2,0,14,1,8,15,0,
demand: 597:37,65,90,47,53,33,84,33,60,59,25,79,6,84,33,60,44,74,59,25,87,5,48,49,:0,4,0,0,9,0,7,0,6,0,15,11,8,13,0,2,10,0,0,12,14,0,0,0,
demand: 255:67,46,14,8,:0,5,3,0,
demand: 66:42,56,92,18,87,25,98,18,1,:0,4,10,1,13,3,0,12,0,
demand: 676:44,96,48,33,60,33,18,87,25,78,96,48,5,53,56,53,5,48,96,36,9,92,:0,14,0,0,8,0,2,13,5,0,12,0,0,0,3,0,0,0,11,0,0,0,
demand: 904:89,96,40,81,1,34,4,96,40,81,16,77,53,75,:0,14,2,11,0,0,5,6,13,1,10,15,0,0,
demand: 480:24,38,40,81,77,28,20,40,81,77,57,34,4,100,100,100,45,:0,4,1,13,15,0,10,2,11,12,8,0,9,6,3,5,0,
demand: 60:89,77,81,54,37,22,84,81,54,37,90,54,37,46,57,77,43,:0,6,15,12,14,0,9,10,1,11,4,2,8,3,13,0,0,
demand: 320:2,84,81,37,34,57,81,40,18,33,89,:0,4,7,2,0,12,6,15,9,14,0,
demand: 265:80,18,33,50,:0,9,15,0,
demand: 166:40,57,77,84,:0,8,10,0,
demand: 906:4,54,81,18,33,48,40,57,54,22,65,:0,12,1,0,7,6,10,13,8,0,0,
demand: 56:79,81,53,33,37,36,:0,13,0,12,11,0,
demand: 309:35,18,33,48,40,81,77,16,22,63,48,:0,0,6,2,12,5,8,0,0,4,0,
demand: 428:87,33,37,38,:0,6,8,0,
demand: 813:4,87,33,37,92,77,76,40,57,54,57,40,38,37,77,76,13,:0,9,2,12,4,13,11,14,5,7,0,1,3,6,8,15,0,
demand: 307:55,57,77,76,40,38,14,38,37,58,:0,0,5,8,12,0,3,0,13,0,
demand: 506:97,54,38,40,76,77,37,57,32,40,76,37,77,89,41,81,39,:0,8,0,6,15,1,4,9,12,14,13,5,7,2,3,10,0,
demand: 254:60,40,76,37,77,43,:0,15,7,14,0,0,
demand: 234:46,57,54,4,54,38,37,77,89,77,37,76,64,1,57,32,40,48,69,33,32,:0,7,0,3,1,0,9,12,2,0,8,15,14,0,13,10,5,4,0,11,0,
demand: 405:51,2,77,53,64,53,77,28,40,76,40,48,40,32,51,99,:0,0,11,0,1,0,0,3,8,5,0,7,13,12,0,0,
demand: 609:53,87,33,44,54,33,32,57,64,:0,0,7,3,9,5,15,0,0,
demand: 495:20,33,32,57,37,22,16,32,76,64,57,10,54,17,:0,4,0,15,2,0,3,5,11,8,7,1,12,0,
demand: 293:65,90,54,33,32,76,64,57,64,76,96,:0,0,7,12,14,3,15,13,0,11,0,
demand: 351:41,57,64,33,54,10,74,:0,9,14,12,5,7,0,
demand: 169:70,57,41,60,:0,12,0,0,
demand: 614:2,57,10,54,33,32,40,48,35,4,54,33,64,10,26,40,48,:0,1,15,2,10,13,0,14,12,0,4,6,7,11,5,0,0,
demand: 370:38,54,10,57,89,48,35,66,:0,0,11,9,7,14,10,0,
demand: 858:81,35,99,:0,5,0,
demand: 146:10,64,100,100,100,100,54,90,:0,7,10,9,14,8,0,0,
demand: 611:96,89,54,100,100,100,100,64,10,26,80,:0,8,4,14,12,6,7,10,11,3,0,
demand: 992:10,26,54,100,64,26,35,48,89,57,10,52,64,26,35,52,23,:0,7,4,14,9,10,5,13,15,2,3,8,11,12,1,6,0,
demand: 508:44,10,52,64,26,32,:0,11,2,7,4,0,
demand: 693:93,10,64,52,35,74,:0,7,0,5,15,0,
demand: 250:20,10,52,35,89,48,32,26,52,32,73,:0,6,9,14,1,7,13,12,4,11,0,
demand: 261:4,54,10,26,35,52,64,52,35,48,35,26,80,:0,0,1,13,15,5,4,0,6,9,0,8,0,
demand: 598:18,35,89,26,32,52,26,89,52,10,52,24,:0,7,13,6,9,8,1,5,10,2,0,0,
demand: 801:16,32,52,26,89,35,89,26,52,32,48,69,82,89,52,24,49,:0,8,5,11,14,2,0,3,15,7,9,0,0,10,4,0,0,
demand: 879:40,32,48,69,89,80,48,69,26,80,48,21,66,8,32,48,51,99,:0,0,12,0,10,3,13,0,2,4,15,0,14,9,0,5,0,0,
demand: 326:19,13,48,80,8,66,83,:0,10,6,7,8,14,0,
demand: 6:30,66,8,80,48,80,8,66,13,4,:0,13,11,0,9,14,10,1,3,0,
demand: 438:15,13,18,:0,11,0,
demand: 57:60,8,18,80,74,66,13,18,80,26,66,13,1,8,35,66,13,1,8,35,66,26,80,55,52,:0,5,0,1,0,2,9,0,13,0,15,8,0,12,0,3,10,0,14,0,11,0,6,4,0,
demand: 23:44,6,66,75,53,55,72,5,75,53,55,72,5,75,53,55,72,5,75,3,55,72,5,75,17,:0,0,4,5,0,10,7,0,9,0,1,11,0,6,0,3,8,0,2,0,13,15,0,12,0,
demand: 242:44,72,55,53,75,53,47,45,:0,1,8,0,15,0,0,0,
demand: 525:98,75,29,72,15,75,29,72,74,35,18,:0,1,7,13,0,12,5,4,9,0,0,
demand: 150:32,48,80,8,1,34,1,82,1,9,1,82,73,51,2,1,81,:0,0,0,0,2,10,0,5,14,12,0,13,15,0,0,0,0,
demand: 283:75,1,31,49,19,73,82,12,74,35,18,:0,4,11,13,1,10,5,0,6,0,0,
demand: 547:70,1,31,49,19,73,5,34,19,73,5,34,19,49,31,1,47,:0,1,13,7,15,4,12,8,6,2,11,5,3,10,14,9,0,
demand: 908:64,31,1,31,1,13,:0,0,14,6,0,0,
demand: 252:23,2,1,49,51,29,72,:0,0,3,13,7,0,0,
demand: 366:97,5,34,19,73,51,2,98,15,:0,7,9,12,0,2,0,0,0,
demand: 942:53,9,91,59,27,23,51,8,:0,7,13,12,2,1,3,0,
demand: 312:40,75,15,72,:0,0,5,0,
demand: 929:38,1,49,19,34,15,17,23,95,42,26,35,74,35,19,:0,15,1,0,13,7,0,10,11,0,0,0,5,0,0,
demand: 946:48,51,27,23,51,23,53,:0,6,5,12,11,0,0,
demand: 736:19,62,24,9,91,59,27,23,74,62,24,8,69,:0,11,4,6,14,2,13,12,9,10,1,0,0,
demand: 454:73,1,62,24,78,34,86,59,27,78,24,59,60,:0,1,6,8,14,2,5,15,10,7,9,4,0,
demand: 769:3,67,19,62,74,23,43,91,59,24,9,91,43,86,78,74,:0,0,11,8,13,12,6,7,10,15,0,9,3,5,2,0,
demand: 236:67,43,91,53,:0,4,10,0,
demand: 688:54,38,23,74,43,86,78,24,95,74,43,95,99,21,:0,0,2,1,11,0,6,15,7,4,3,13,0,0,
demand: 600:50,33,1,62,74,43,86,95,14,85,14,95,71,:0,0,1,15,0,8,14,11,0,6,0,13,0,
demand: 459:100,1,73,85,78,34,85,68,:0,14,3,7,8,15,2,0,
demand: 183:100,15,85,19,62,:0,9,6,0,0,
demand: 574:78,85,76,37,:0,2,0,0,
demand: 875:32,85,14,95,71,85,15,72,29,95,74,85,24,85,78,14,:0,2,0,9,0,6,15,0,14,3,1,13,8,7,0,0,
demand: 404:78,27,21,:0,9,0,
demand: 388:75,86,59,24,85,65,:0,8,1,0,12,0,
demand: 214:31,85,19,34,:0,8,0,0,
demand: 943:73,85,19,85,38,41,:0,12,1,13,0,0,
demand: 377:56,38,85,73,1,85,77,43,30,34,:0,0,6,0,15,10,0,3,0,0,
demand: 512:7,85,16,:0,8,0,
demand: 831:78,59,24,62,19,85,91,43,39,:0,0,0,0,0,4,15,0,0,
demand: 264:34,5,100,:0,15,0,
demand: 295:22,37,29,75,15,58,26,:0,0,14,0,0,0,0,
demand: 25:29,75,15,85,33,:0,0,0,4,0,
Average Delay: 10.855555555555556
Runtime (mS): 14574Acceptation rate: 0.45