194, 229, 39, 49, 187, 189, 49, 187, 49, 241, 
177, 47, 177, 189, 243, 216, 177, 49, 39, 158, 187, 189, 169, 21, 243, 170, 
189, 21, 161, 177, 216, 47, 249, 39, 187, 75, 218, 237, 209, 129, 194, 
158, 21, 169, 244, 113, 187, 69, 160, 236, 129, 194, 38, 46, 228, 218, 139, 
187, 38, 185, 48, 19, 174, 224, 
236, 218, 48, 158, 103, 185, 75, 244, 70, 14, 152, 188, 22, 155, 13, 
14, 152, 113, 14, 228, 42, 5, 176, 
14, 228, 14, 152, 188, 160, 42, 228, 242, 
228, 103, 160, 188, 70, 189, 187, 
42, 174, 2, 220, 
205, 227, 184, 58, 60, 184, 227, 185, 233, 
228, 174, 227, 205, 166, 58, 60, 205, 227, 184, 164, 
60, 58, 203, 227, 166, 1, 
58, 60, 32, 2, 57, 
27, 188, 203, 58, 49, 203, 202, 27, 205, 50, 
202, 27, 205, 60, 58, 69, 202, 27, 60, 58, 203, 202, 32, 190, 13, 65, 209, 211, 58, 203, 202, 32, 60, 209, 65, 13, 92, 
117, 32, 202, 86, 228, 65, 246, 118, 
221, 27, 60, 32, 202, 203, 86, 202, 178, 
190, 65, 246, 113, 203, 86, 246, 65, 200, 117, 190, 248, 32, 117, 190, 248, 79, 246, 86, 221, 154, 223, 243, 
190, 117, 79, 248, 190, 117, 79, 236, 117, 200, 49, 
221, 117, 79, 248, 190, 117, 92, 221, 55, 248, 212, 106, 
55, 105, 79, 55, 248, 212, 105, 55, 212, 105, 13, 92, 55, 202, 160, 103, 144, 
227, 184, 36, 
92, 13, 105, 212, 106, 92, 13, 190, 
134, 105, 195, 214, 
212, 133, 74, 41, 134, 248, 55, 92, 86, 134, 161, 
2, 133, 74, 41, 212, 133, 74, 41, 133, 74, 41, 134, 133, 74, 41, 134, 133, 2, 64, 195, 178, 
1, 201, 195, 214, 1, 
1, 201, 195, 214, 201, 195, 64, 2, 5, 
2, 242, 134, 
1, 201, 214, 223, 195, 64, 242, 223, 195, 64, 134, 41, 30, 216, 
223, 242, 186, 207, 242, 161, 186, 223, 242, 39, 10, 39, 229, 155, 194, 242, 134, 133, 44, 223, 195, 100, 
1, 201, 195, 223, 186, 170, 35, 242, 134, 30, 79, 
186, 41, 30, 155, 2, 186, 30, 155, 242, 194, 108, 1, 115, 
194, 108, 30, 155, 148, 194, 108, 30, 66, 
64, 2, 155, 30, 108, 194, 148, 155, 19, 41, 30, 155, 148, 194, 108, 30, 108, 221, 
1, 233, 31, 71, 154, 194, 155, 148, 10, 29, 64, 130, 233, 1, 168, 1, 141, 204, 56, 233, 31, 71, 154, 194, 155, 22, 223, 187, 
1, 214, 201, 155, 19, 10, 44, 201, 214, 42, 
74, 44, 10, 19, 26, 2, 90, 
1, 214, 142, 10, 44, 10, 19, 10, 29, 64, 130, 233, 26, 19, 12, 242, 194, 77, 45, 
30, 130, 233, 26, 57, 74, 44, 82, 164, 77, 12, 233, 164, 77, 12, 74, 
1, 77, 164, 82, 44, 186, 26, 233, 130, 116, 164, 82, 142, 4, 12, 
186, 26, 15, 
132, 12, 77, 164, 82, 142, 214, 1, 77, 92, 
142, 132, 12, 77, 116, 142, 82, 214, 142, 132, 239, 
223, 200, 132, 157, 116, 142, 132, 157, 116, 164, 222, 157, 186, 
116, 164, 222, 12, 116, 241, 222, 12, 29, 222, 84, 121, 
172, 241, 84, 22, 63, 186, 84, 22, 63, 132, 142, 241, 84, 116, 241, 84, 121, 128, 
63, 22, 84, 22, 63, 207, 214, 18, 157, 233, 
132, 200, 63, 207, 40, 172, 250, 
186, 96, 127, 29, 16, 127, 29, 12, 207, 40, 172, 225, 
172, 40, 207, 63, 109, 
222, 29, 127, 69, 
172, 40, 29, 16, 127, 96, 73, 172, 40, 207, 40, 172, 241, 207, 227, 161, 
172, 73, 96, 148, 127, 16, 238, 96, 127, 97, 
193, 73, 200, 96, 73, 172, 168, 16, 238, 88, 
172, 73, 200, 193, 73, 200, 193, 73, 96, 200, 193, 238, 22, 168, 226, 19, 
238, 16, 168, 172, 238, 16, 168, 26, 110, 226, 168, 200, 132, 226, 110, 26, 136, 226, 110, 26, 136, 226, 110, 26, 136, 160, 103, 
161, 13, 136, 226, 136, 162, 110, 162, 136, 226, 159, 209, 200, 73, 86, 
200, 193, 136, 183, 233, 216, 207, 110, 159, 226, 183, 107, 249, 110, 19, 40, 179, 
168, 22, 154, 40, 183, 107, 159, 124, 216, 47, 249, 122, 124, 153, 154, 22, 51, 137, 216, 154, 141, 29, 240, 
216, 183, 107, 137, 51, 9, 122, 67, 154, 53, 161, 18, 145, 161, 249, 107, 200, 124, 68, 
3, 82, 53, 161, 20, 18, 20, 143, 
118, 238, 9, 161, 18, 145, 161, 18, 145, 161, 53, 161, 156, 18, 10, 249, 207, 51, 9, 161, 21, 250, 
53, 161, 156, 18, 43, 162, 110, 67, 137, 147, 161, 53, 67, 139, 
67, 224, 
3, 67, 18, 43, 162, 146, 136, 146, 162, 43, 18, 157, 21, 161, 9, 118, 21, 161, 9, 118, 67, 237, 
3, 67, 18, 216, 43, 145, 170, 67, 18, 216, 43, 145, 170, 67, 18, 216, 43, 59, 
3, 67, 18, 118, 9, 25, 67, 53, 147, 161, 9, 118, 67, 53, 82, 54, 
3, 163, 118, 67, 53, 147, 161, 9, 118, 163, 114, 18, 67, 53, 147, 161, 9, 118, 163, 114, 68, 
3, 67, 118, 9, 161, 147, 161, 9, 118, 163, 114, 19, 40, 163, 118, 67, 53, 147, 114, 163, 118, 46, 164, 237, 58, 213, 58, 237, 167, 
3, 163, 114, 147, 3, 163, 114, 147, 3, 163, 114, 147, 161, 35, 39, 176, 163, 114, 56, 71, 204, 102, 
3, 163, 114, 56, 150, 8, 114, 
46, 196, 3, 
3, 170, 150, 56, 176, 8, 150, 56, 176, 8, 150, 124, 
34, 19, 211, 
56, 176, 8, 176, 39, 208, 
148, 3, 170, 150, 163, 176, 56, 213, 66, 34, 46, 128, 34, 46, 128, 34, 46, 128, 34, 46, 129, 
34, 46, 118, 66, 213, 56, 145, 162, 170, 150, 232, 66, 213, 56, 145, 162, 170, 150, 232, 66, 213, 56, 224, 
56, 213, 66, 232, 150, 89, 34, 149, 
150, 232, 66, 34, 128, 34, 60, 
170, 145, 43, 145, 170, 56, 145, 76, 8, 176, 39, 249, 47, 43, 128, 46, 34, 66, 25, 128, 46, 34, 66, 25, 128, 46, 211, 214, 195, 
76, 145, 56, 170, 213, 145, 76, 8, 232, 170, 213, 145, 232, 170, 213, 145, 232, 123, 
46, 43, 128, 102, 
25, 247, 
25, 66, 219, 232, 170, 56, 145, 76, 8, 232, 170, 25, 66, 26, 
25, 128, 43, 50, 66, 219, 232, 8, 76, 128, 43, 176, 219, 242, 194, 
170, 25, 128, 43, 128, 76, 8, 232, 8, 76, 128, 182, 25, 128, 43, 176, 219, 66, 34, 113, 
8, 182, 128, 76, 182, 8, 
219, 176, 89, 213, 76, 182, 176, 219, 213, 176, 89, 213, 176, 89, 219, 182, 8, 89, 219, 232, 88, 
176, 182, 219, 89, 219, 182, 219, 5, 176, 182, 76, 219, 5, 176, 182, 13, 89, 119, 
182, 8, 89, 13, 162, 17, 182, 13, 162, 17, 13, 105, 
139, 182, 13, 162, 17, 13, 162, 17, 13, 81, 216, 162, 61, 17, 13, 81, 57, 162, 52, 141, 115, 207, 
52, 162, 61, 115, 141, 52, 57, 162, 52, 141, 115, 85, 141, 115, 85, 141, 11, 115, 85, 27, 
61, 115, 11, 52, 40, 
61, 115, 11, 131, 31, 11, 185, 
61, 139, 115, 57, 81, 85, 141, 11, 111, 
81, 57, 162, 61, 115, 85, 81, 57, 31, 153, 86, 
31, 131, 239, 
57, 31, 131, 85, 81, 57, 31, 85, 81, 139, 182, 131, 197, 61, 139, 67, 55, 
139, 61, 162, 52, 162, 57, 31, 131, 182, 139, 201, 
239, 197, 146, 17, 245, 239, 46, 118, 
245, 239, 156, 111, 245, 239, 156, 111, 245, 239, 156, 111, 180, 220, 146, 197, 180, 31, 57, 162, 156, 111, 93, 
78, 245, 111, 180, 220, 146, 197, 180, 155, 
78, 245, 111, 156, 111, 180, 220, 146, 220, 180, 220, 146, 47, 156, 78, 220, 21, 156, 78, 197, 146, 30, 220, 72, 245, 111, 230, 187, 39, 
146, 123, 156, 177, 20, 47, 78, 87, 220, 205, 
4, 250, 250, 60, 
13, 182, 78, 87, 39, 35, 39, 120, 39, 208, 178, 54, 39, 120, 149, 106, 234, 143, 
142, 4, 20, 143, 95, 199, 
4, 20, 143, 95, 199, 37, 247, 4, 20, 143, 95, 199, 37, 247, 4, 143, 54, 39, 25, 
4, 247, 37, 199, 95, 198, 179, 40, 155, 
156, 21, 20, 4, 20, 21, 157, 50, 234, 106, 149, 120, 144, 211, 126, 208, 39, 4, 247, 37, 199, 95, 143, 95, 232, 
143, 4, 39, 54, 178, 208, 39, 54, 5, 126, 208, 39, 87, 125, 215, 59, 35, 204, 102, 171, 
5, 93, 
5, 62, 237, 80, 234, 106, 149, 120, 144, 211, 126, 5, 62, 20, 219, 232, 
5, 125, 215, 59, 35, 204, 102, 179, 198, 95, 229, 123, 121, 206, 126, 211, 144, 181, 
230, 173, 71, 23, 35, 204, 102, 179, 36, 119, 126, 211, 117, 32, 
106, 234, 4, 
71, 23, 35, 204, 125, 215, 65, 
33, 250, 83, 23, 71, 173, 230, 210, 140, 247, 5, 62, 20, 153, 59, 215, 66, 
198, 95, 229, 209, 229, 123, 121, 206, 126, 211, 126, 7, 
211, 144, 120, 149, 106, 234, 80, 237, 72, 234, 50, 126, 119, 5, 
36, 179, 102, 204, 125, 215, 50, 197, 
104, 211, 72, 237, 80, 234, 50, 215, 237, 80, 102, 178, 54, 39, 208, 24, 17, 13, 
28, 71, 169, 51, 
178, 240, 206, 121, 123, 229, 183, 
153, 120, 144, 120, 149, 106, 240, 235, 171, 36, 119, 175, 235, 179, 198, 231, 59, 215, 119, 140, 
153, 45, 210, 140, 175, 235, 171, 36, 35, 
229, 45, 210, 225, 72, 68, 28, 71, 173, 209, 50, 153, 35, 23, 83, 250, 33, 151, 146, 
209, 50, 234, 80, 171, 204, 125, 83, 23, 33, 151, 142, 
36, 175, 235, 94, 24, 208, 210, 45, 229, 211, 104, 209, 50, 234, 106, 200, 
231, 28, 71, 173, 237, 68, 28, 151, 231, 71, 
24, 94, 15, 250, 33, 151, 225, 94, 15, 247, 140, 175, 196, 99, 224, 28, 151, 223, 
93, 5, 179, 68, 99, 196, 167, 237, 138, 121, 39, 87, 24, 94, 15, 224, 104, 101, 236, 
196, 167, 235, 116, 
7, 93, 5, 62, 90, 7, 93, 33, 112, 192, 101, 39, 192, 112, 87, 98, 140, 247, 99, 196, 167, 196, 70, 
138, 98, 112, 192, 101, 90, 62, 138, 62, 90, 7, 87, 39, 225, 72, 97, 247, 6, 238, 224, 104, 101, 224, 
106, 240, 6, 178, 100, 191, 45, 109, 47, 
90, 7, 191, 140, 247, 6, 181, 135, 208, 217, 71, 169, 98, 112, 6, 181, 195, 100, 
39, 175, 6, 240, 106, 240, 6, 181, 62, 6, 28, 52, 
72, 7, 191, 100, 91, 35, 153, 97, 68, 6, 181, 135, 208, 217, 91, 191, 7, 88, 60, 
4, 6, 240, 100, 191, 91, 28, 6, 109, 206, 90, 
88, 165, 97, 91, 191, 135, 206, 126, 100, 93, 80, 15, 247, 5, 
4, 6, 28, 91, 191, 7, 191, 100, 191, 7, 88, 165, 97, 91, 191, 100, 175, 235, 6, 181, 135, 175, 
88, 59, 217, 91, 100, 135, 204, 91, 206, 121, 123, 88, 165, 82, 44, 
88, 165, 106, 109, 198, 95, 5, 
15, 181, 135, 100, 178, 54, 100, 91, 217, 176, 
250, 181, 91, 100, 135, 191, 173, 181, 109, 198, 217, 135, 191, 45, 229, 119, 3, 
88, 135, 112, 217, 135, 97, 165, 104, 56, 114, 
23, 71, 217, 135, 100, 195, 181, 210, 
88, 135, 181, 109, 97, 153, 88, 109, 97, 165, 97, 109, 97, 179, 165, 131, 
88, 109, 45, 100, 165, 50, 88, 109, 192, 39, 88, 109, 91, 97, 123, 90, 232, 88, 59, 231, 59, 87, 97, 88, 109, 192, 178, 100, 175, 97, 179, 165, 80, 88, 109, 23, 35, 87, 24, 88, 165, 88, 109, 192, 112, 177, 
97, 153, 61, 
24, 88, 7, 90, 206, 109, 87, 24, 88, 59, 231, 198, 109, 7, 90, 206, 109, 88, 109, 173, 45, 109, 97, 109, 45, 191, 173, 181, 135, 88, 209, 50, 129, 
87, 24, 88, 19, 88, 7, 90, 7, 14, 
50, 100, 211, 100, 178, 231, 198, 109, 45, 7, 
7, 165, 94, 24, 97, 37, 165, 97, 179, 165, 42, 97, 179, 165, 24, 36, 
121, 37, 94, 37, 165, 97, 123, 93, 7, 56, 170, 37, 45, 109, 97, 121, 37, 165, 165, 50, 165, 179, 97, 11, 165, 195, 
59, 215, 119, 81, 37, 95, 37, 97, 123, 37, 97, 172, 37, 94, 247, 97, 
215, 59, 59, 103, 97, 59, 194, 109, 97, 123, 97, 59, 173, 141, 7, 59, 7, 7, 97, 97, 123, 59, 59, 97, 179, 59, 160, 97, 97, 215, 59, 168, 97, 123, 59, 35, 209, 
45, 109, 97, 247, 99, 216, 80, 101, 117, 80, 26, 247, 97, 123, 175, 153, 97, 97, 80, 7, 7, 102, 97, 80, 26, 80, 26, 247, 97, 123, 202, 7, 151, 80, 102, 173, 7, 45, 109, 97, 109, 132, 
80, 80, 80, 80, 102, 146, 227, 136, 26, 80, 26, 19, 110, 
99, 20, 99, 99, 71, 99, 54, 20, 99, 99, 99, 234, 83, 167, 20, 20, 20, 196, 99, 99, 99, 50, 157, 21, 20, 102, 20, 20, 42, 99, 20, 102, 247, 99, 50, 99, 235, 167, 99, 102, 179, 235, 189, 99, 20, 102, 101, 99, 99, 235, 102, 76, 99, 235, 216, 99, 235, 102, 102, 99, 20, 20, 151, 99, 99, 20, 119, 99, 66, 20, 99, 99, 99, 235, 20, 51, 102, 80, 167, 76, 99, 99, 99, 62, 20, 99, 179, 102, 32, 
20, 134, 99, 20, 239, 99, 99, 235, 42, 99, 99, 99, 99, 235, 153, 20, 123, 196, 99, 20, 99, 11, 20, demand: 949:243,194,229,39,49,187,189,49,187,49,241,:0,0,0,0,6,19,17,10,20,0,0,
demand: 938:161,177,47,177,189,243,216,177,49,39,158,187,189,169,21,243,170,:0,13,3,0,2,19,0,16,1,0,17,20,10,9,5,18,0,
demand: 727:240,189,21,161,177,216,47,249,39,187,75,218,237,209,129,194,:0,14,16,0,15,0,11,0,0,20,9,2,0,0,7,0,
demand: 370:12,158,21,169,244,113,187,69,160,236,129,194,38,46,228,218,139,:0,15,6,20,5,12,14,9,16,18,4,0,8,0,0,13,0,
demand: 982:165,187,38,185,48,19,174,224,:0,20,11,6,12,0,19,0,
demand: 947:194,236,218,48,158,103,185,75,244,70,14,152,188,22,155,13,:0,14,11,6,10,3,17,20,18,5,19,16,8,0,0,0,
demand: 547:42,14,152,113,14,228,42,5,176,:0,8,7,10,19,6,12,0,0,
demand: 769:161,14,228,14,152,188,160,42,228,242,:0,2,12,0,16,9,15,19,6,0,
demand: 664:120,228,103,160,188,70,189,187,:0,9,17,4,13,14,0,0,
demand: 556:226,42,174,2,220,:0,18,4,0,0,
demand: 162:56,205,227,184,58,60,184,227,185,233,:0,17,1,9,8,19,6,18,15,0,
demand: 804:237,228,174,227,205,166,58,60,205,227,184,164,:0,11,4,12,7,9,18,0,19,10,13,0,
demand: 629:168,60,58,203,227,166,1,:0,0,9,16,11,5,0,
demand: 382:80,58,60,32,2,57,:0,18,10,2,0,0,
demand: 229:161,27,188,203,58,49,203,202,27,205,50,:0,12,10,17,1,20,3,8,9,4,0,
demand: 199:105,202,27,205,60,58,69,202,27,60,58,203,202,32,190,13,65,209,211,58,203,202,32,60,209,65,13,92,:0,12,7,11,0,10,20,6,18,1,0,4,8,13,2,0,19,0,0,0,17,9,5,15,0,3,0,0,
demand: 44:211,117,32,202,86,228,65,246,118,:0,16,18,2,1,10,7,19,0,
demand: 14:168,221,27,60,32,202,203,86,202,178,:0,19,11,4,2,10,8,3,15,0,
demand: 200:130,190,65,246,113,203,86,246,65,200,117,190,248,32,117,190,248,79,246,86,221,154,223,243,:0,9,5,8,20,2,7,13,4,0,11,17,12,16,6,19,18,10,3,15,1,0,0,0,
demand: 437:113,190,117,79,248,190,117,79,236,117,200,49,:0,9,17,1,6,15,4,5,20,16,0,0,
demand: 478:27,221,117,79,248,190,117,92,221,55,248,212,106,:0,17,9,12,16,18,8,5,19,13,11,1,0,
demand: 833:140,55,105,79,55,248,212,105,55,212,105,13,92,55,202,160,103,144,:0,15,13,16,5,4,18,14,10,3,11,0,19,9,2,20,0,0,
demand: 215:59,227,184,36,:0,20,0,0,
demand: 150:171,92,13,105,212,106,92,13,190,:0,11,0,8,17,0,10,0,0,
demand: 608:15,134,105,195,214,:0,5,18,11,0,
demand: 181:109,212,133,74,41,134,248,55,92,86,134,161,:0,15,12,8,6,3,16,0,10,2,9,0,
demand: 406:75,2,133,74,41,212,133,74,41,133,74,41,134,133,74,41,134,133,2,64,195,178,:0,19,15,12,5,2,17,16,7,3,18,4,10,1,14,20,11,9,13,6,8,0,
demand: 646:115,1,201,195,214,1,:0,17,6,1,15,0,
demand: 161:162,1,201,195,214,201,195,64,2,5,:0,11,6,8,4,3,9,7,5,0,
demand: 423:64,2,242,134,:0,5,19,0,
demand: 338:125,1,201,214,223,195,64,242,223,195,64,134,41,30,216,:0,15,18,6,5,9,7,8,16,1,2,20,14,12,0,
demand: 613:112,223,242,186,207,242,161,186,223,242,39,10,39,229,155,194,242,134,133,44,223,195,100,:0,5,17,8,16,13,0,20,18,2,0,3,0,0,19,12,10,4,11,9,6,0,0,
demand: 506:237,1,201,195,223,186,170,35,242,134,30,79,:0,9,10,0,14,17,0,0,1,13,8,0,
demand: 675:2,186,41,30,155,2,186,30,155,242,194,108,1,115,:0,16,18,8,17,13,7,4,11,20,6,10,0,0,
demand: 325:17,194,108,30,155,148,194,108,30,66,:0,15,19,20,8,16,12,6,10,0,
demand: 979:86,64,2,155,30,108,194,148,155,19,41,30,155,148,194,108,30,108,221,:0,4,0,9,12,5,7,16,15,17,20,0,8,3,13,18,1,0,0,
demand: 572:23,1,233,31,71,154,194,155,148,10,29,64,130,233,1,168,1,141,204,56,233,31,71,154,194,155,22,223,187,:0,7,1,0,0,0,9,13,11,17,14,15,12,5,18,2,0,0,0,0,16,0,0,0,10,0,6,0,0,
demand: 634:93,1,214,201,155,19,10,44,201,214,42,:0,7,19,13,18,2,8,9,14,1,0,
demand: 176:57,74,44,10,19,26,2,90,:0,20,11,3,1,5,0,0,
demand: 971:176,1,214,142,10,44,10,19,10,29,64,130,233,26,19,12,242,194,77,45,:0,5,8,13,17,9,0,2,3,15,20,19,12,6,18,16,4,14,7,0,
demand: 214:131,30,130,233,26,57,74,44,82,164,77,12,233,164,77,12,74,:0,11,16,14,5,0,4,7,6,1,3,19,10,2,15,17,0,
demand: 643:93,1,77,164,82,44,186,26,233,130,116,164,82,142,4,12,:0,2,6,15,19,14,1,7,13,18,4,5,16,9,0,0,
demand: 497:215,186,26,15,:0,20,11,0,
demand: 694:191,132,12,77,164,82,142,214,1,77,92,:0,14,15,13,16,1,18,4,0,6,0,
demand: 972:83,142,132,12,77,116,142,82,214,142,132,239,:0,4,8,11,15,7,2,1,13,18,6,0,
demand: 477:195,223,200,132,157,116,142,132,157,116,164,222,157,186,:0,0,11,3,2,17,0,12,16,7,15,5,19,0,
demand: 794:39,116,164,222,12,116,241,222,12,29,222,84,121,:0,5,1,7,10,3,12,2,15,18,8,9,0,
demand: 365:163,172,241,84,22,63,186,84,22,63,132,142,241,84,116,241,84,121,128,:0,3,5,12,16,18,20,7,2,9,1,15,8,17,11,19,14,0,0,
demand: 155:99,63,22,84,22,63,207,214,18,157,233,:0,7,1,18,0,19,5,20,0,4,0,
demand: 663:89,132,200,63,207,40,172,250,:0,10,8,11,5,9,14,0,
demand: 163:109,186,96,127,29,16,127,29,12,207,40,172,225,:0,15,2,7,19,12,8,13,10,6,11,0,0,
demand: 262:52,172,40,207,63,109,:0,12,2,4,10,0,
demand: 929:84,222,29,127,69,:0,4,14,0,0,
demand: 611:67,172,40,29,16,127,96,73,172,40,207,40,172,241,207,227,161,:0,1,18,5,19,15,12,16,9,17,4,0,10,11,13,0,0,
demand: 813:14,172,73,96,148,127,16,238,96,127,97,:0,15,1,17,20,16,18,6,19,5,0,
demand: 144:246,193,73,200,96,73,172,168,16,238,88,:0,17,14,3,4,1,10,2,5,12,0,
demand: 753:169,172,73,200,193,73,200,193,73,96,200,193,238,22,168,226,19,:0,1,3,14,5,20,4,19,7,0,6,9,12,18,10,8,0,
demand: 624:6,238,16,168,172,238,16,168,26,110,226,168,200,132,226,110,26,136,226,110,26,136,226,110,26,136,160,103,:0,19,13,9,15,14,0,1,20,8,10,3,17,0,5,6,0,12,4,18,0,16,11,2,0,7,0,0,
demand: 523:20,161,13,136,226,136,162,110,162,136,226,159,209,200,73,86,:0,0,0,7,19,0,0,2,0,6,18,12,0,4,0,0,
demand: 616:215,200,193,136,183,233,216,207,110,159,226,183,107,249,110,19,40,179,:0,1,0,8,3,20,7,15,11,18,14,2,9,17,13,0,4,0,
demand: 70:26,168,22,154,40,183,107,159,124,216,47,249,122,124,153,154,22,51,137,216,154,141,29,240,:0,15,0,17,13,16,18,2,8,4,0,6,7,12,0,1,0,3,11,9,5,0,10,0,
demand: 333:224,216,183,107,137,51,9,122,67,154,53,161,18,145,161,249,107,200,124,68,:0,9,14,17,12,8,19,11,5,18,7,13,3,1,6,16,4,15,2,0,
demand: 814:170,3,82,53,161,20,18,20,143,:0,4,20,8,19,0,18,0,0,
demand: 159:131,118,238,9,161,18,145,161,18,145,161,53,161,156,18,10,249,207,51,9,161,21,250,:0,18,15,11,7,6,17,9,1,5,12,14,0,0,13,20,2,10,16,19,3,0,0,
demand: 916:241,53,161,156,18,43,162,110,67,137,147,161,53,67,139,:0,11,1,0,9,6,0,15,8,16,3,5,12,4,0,
demand: 524:5,67,224,:0,10,0,
demand: 687:24,3,67,18,43,162,146,136,146,162,43,18,157,21,161,9,118,21,161,9,118,67,237,:0,13,14,7,5,0,0,20,0,0,0,11,0,0,9,19,10,0,15,3,8,4,0,
demand: 997:238,3,67,18,216,43,145,170,67,18,216,43,145,170,67,18,216,43,59,:0,4,9,10,0,12,18,3,7,1,0,16,15,6,2,11,0,5,0,
demand: 492:196,3,67,18,118,9,25,67,53,147,161,9,118,67,53,82,54,:0,3,6,18,9,1,7,5,17,14,8,19,11,4,12,0,0,
demand: 668:151,3,163,118,67,53,147,161,9,118,163,114,18,67,53,147,161,9,118,163,114,68,:0,15,8,4,0,6,13,0,0,17,11,14,16,0,19,3,0,0,7,12,18,0,
demand: 683:179,3,67,118,9,161,147,161,9,118,163,114,19,40,163,118,67,53,147,114,163,118,46,164,237,58,213,58,237,167,:0,14,16,13,18,0,7,0,0,8,3,11,0,20,5,10,0,2,12,19,4,9,15,0,0,0,1,0,0,0,
demand: 226:146,3,163,114,147,3,163,114,147,3,163,114,147,161,35,39,176,163,114,56,71,204,102,:0,1,8,19,4,7,10,12,20,14,15,13,6,0,0,0,3,17,18,16,0,0,0,
demand: 920:92,3,163,114,56,150,8,114,:0,20,11,4,18,17,7,14,
demand: 445:116,46,196,3,:0,1,0,0,
demand: 372:126,3,170,150,56,176,8,150,56,176,8,150,124,:0,20,9,6,10,4,11,1,17,8,14,5,0,
demand: 673:164,34,19,211,:0,7,0,0,
demand: 211:15,56,176,8,176,39,208,:0,19,9,8,0,0,0,
demand: 642:155,148,3,170,150,163,176,56,213,66,34,46,128,34,46,128,34,46,128,34,46,129,:0,0,20,9,13,16,17,6,4,12,19,7,10,1,3,14,5,15,8,11,18,0,
demand: 98:201,34,46,118,66,213,56,145,162,170,150,232,66,213,56,145,162,170,150,232,66,213,56,224,:0,6,7,2,11,13,5,20,0,4,3,15,19,9,12,14,0,16,8,18,1,10,17,0,
demand: 354:22,56,213,66,232,150,89,34,149,:0,1,4,17,19,12,20,5,0,
demand: 499:18,150,232,66,34,128,34,60,:0,2,1,7,13,18,0,0,
demand: 902:3,170,145,43,145,170,56,145,76,8,176,39,249,47,43,128,46,34,66,25,128,46,34,66,25,128,46,211,214,195,:0,15,8,9,0,13,11,12,1,6,7,0,0,0,10,20,17,0,4,14,3,5,0,16,19,18,2,0,0,0,
demand: 438:99,76,145,56,170,213,145,76,8,232,170,213,145,232,170,213,145,232,123,:0,12,16,6,15,8,1,2,4,18,13,17,3,5,14,19,10,20,0,
demand: 945:128,46,43,128,102,:0,2,4,10,0,
demand: 987:66,25,247,:0,13,0,
demand: 602:1,25,66,219,232,170,56,145,76,8,232,170,25,66,26,:0,20,9,10,18,2,0,4,6,19,3,5,15,14,0,
demand: 579:6,25,128,43,50,66,219,232,8,76,128,43,176,219,242,194,:0,7,18,15,0,20,5,14,10,19,16,3,17,11,0,0,
demand: 594:235,170,25,128,43,128,76,8,232,8,76,128,182,25,128,43,176,219,66,34,113,:0,6,19,14,16,0,13,8,9,0,15,18,5,11,17,20,7,10,2,0,0,
demand: 756:61,8,182,128,76,182,8,:0,19,8,11,7,5,0,
demand: 78:66,219,176,89,213,76,182,176,219,213,176,89,213,176,89,219,182,8,89,219,232,88,:0,6,9,11,3,18,14,17,4,16,10,13,8,20,19,1,2,15,12,5,0,0,
demand: 641:118,176,182,219,89,219,182,219,5,176,182,76,219,5,176,182,13,89,119,:0,9,14,16,7,0,19,12,0,2,8,0,15,0,10,6,0,5,0,
demand: 336:62,182,8,89,13,162,17,182,13,162,17,13,105,:0,11,0,12,20,17,5,18,7,4,9,15,0,
demand: 345:67,139,182,13,162,17,13,162,17,13,81,216,162,61,17,13,81,57,162,52,141,115,207,:0,7,0,3,4,16,1,18,8,20,2,0,13,11,5,10,12,9,6,19,17,14,0,
demand: 496:172,52,162,61,115,141,52,57,162,52,141,115,85,141,115,85,141,11,115,85,27,:0,3,7,12,10,13,4,19,2,9,14,11,1,6,8,15,18,5,17,20,0,
demand: 746:162,61,115,11,52,40,:0,18,19,6,20,0,
demand: 911:112,61,115,11,131,31,11,185,:0,17,9,2,19,4,3,0,
demand: 279:238,61,139,115,57,81,85,141,11,111,:0,16,3,9,11,7,10,0,18,0,
demand: 500:99,81,57,162,61,115,85,81,57,31,153,86,:0,20,17,0,1,0,6,7,4,5,0,0,
demand: 738:95,31,131,239,:0,1,3,0,
demand: 436:168,57,31,131,85,81,57,31,85,81,139,182,131,197,61,139,67,55,:0,15,11,10,18,0,14,1,9,0,13,0,3,5,16,4,0,0,
demand: 341:100,139,61,162,52,162,57,31,131,182,139,201,:0,11,0,0,18,0,0,15,0,0,14,0,
demand: 622:156,239,197,146,17,245,239,46,118,:0,15,10,18,16,5,19,0,0,
demand: 754:35,245,239,156,111,245,239,156,111,245,239,156,111,180,220,146,197,180,31,57,162,156,111,93,:0,14,3,15,19,10,11,4,6,17,8,16,20,5,1,13,7,9,2,0,0,18,12,0,
demand: 276:160,78,245,111,180,220,146,197,180,155,:0,7,4,9,2,18,8,12,16,0,
demand: 165:244,78,245,111,156,111,180,220,146,220,180,220,146,47,156,78,220,21,156,78,197,146,30,220,72,245,111,230,187,39,:0,10,16,0,11,0,8,9,14,0,5,20,13,0,15,17,19,0,6,12,0,3,0,18,7,4,2,1,0,0,
demand: 770:31,146,123,156,177,20,47,78,87,220,205,:0,10,6,20,0,3,0,2,17,16,0,
demand: 415:223,4,250,250,60,:0,17,13,12,0,
demand: 266:155,13,182,78,87,39,35,39,120,39,208,178,54,39,120,149,106,234,143,:0,0,0,16,13,17,10,0,9,14,6,2,7,15,18,1,8,4,0,
demand: 166:68,142,4,20,143,95,199,:0,0,11,8,9,1,0,
demand: 148:225,4,20,143,95,199,37,247,4,20,143,95,199,37,247,4,143,54,39,25,:0,11,9,12,14,1,13,20,15,6,10,17,4,19,8,2,7,18,5,0,
demand: 968:39,4,247,37,199,95,198,179,40,155,:0,9,10,16,19,18,5,1,0,0,
demand: 721:162,156,21,20,4,20,21,157,50,234,106,149,120,144,211,126,208,39,4,247,37,199,95,143,95,232,:0,0,0,0,14,19,0,0,15,20,5,8,6,18,1,4,13,17,9,3,7,11,10,2,0,0,
demand: 741:231,143,4,39,54,178,208,39,54,5,126,208,39,87,125,215,59,35,204,102,171,:0,0,9,14,4,2,19,5,20,13,12,10,7,1,16,8,15,3,11,6,0,
demand: 412:29,5,93,:0,7,0,
demand: 665:213,5,62,237,80,234,106,149,120,144,211,126,5,62,20,219,232,:0,14,2,7,1,3,11,10,16,4,9,17,19,13,15,0,0,
demand: 117:13,5,125,215,59,35,204,102,179,198,95,229,123,121,206,126,211,144,181,:0,7,13,14,1,19,16,18,17,5,15,8,4,12,2,11,9,20,0,
demand: 22:187,230,173,71,23,35,204,102,179,36,119,126,211,117,32,:0,5,19,20,18,9,14,7,17,15,1,10,6,0,0,
demand: 821:92,106,234,4,:0,6,3,0,
demand: 607:169,71,23,35,204,125,215,65,:0,3,19,16,15,1,7,0,
demand: 493:34,33,250,83,23,71,173,230,210,140,247,5,62,20,153,59,215,66,:0,13,14,8,6,12,19,4,7,1,15,9,16,3,5,18,0,0,
demand: 95:179,198,95,229,209,229,123,121,206,126,211,126,7,:0,10,11,7,12,0,4,18,8,0,3,0,0,
demand: 247:244,211,144,120,149,106,234,80,237,72,234,50,126,119,5,:0,3,9,20,1,17,14,7,18,15,6,10,16,11,0,
demand: 449:109,36,179,102,204,125,215,50,197,:0,18,12,5,3,14,10,4,0,
demand: 850:174,104,211,72,237,80,234,50,215,237,80,102,178,54,39,208,24,17,13,:0,8,5,18,7,15,9,16,11,2,13,12,10,17,6,14,1,0,0,
demand: 392:108,28,71,169,51,:0,20,18,0,0,
demand: 154:157,178,240,206,121,123,229,183,:0,14,12,6,15,8,11,0,
demand: 282:124,153,120,144,120,149,106,240,235,171,36,119,175,235,179,198,231,59,215,119,140,:0,1,19,3,0,9,10,13,2,15,7,18,6,5,17,11,8,14,12,20,0,
demand: 462:124,153,45,210,140,175,235,171,36,35,:0,17,5,19,15,2,14,20,6,0,
demand: 842:79,229,45,210,225,72,68,28,71,173,209,50,153,35,23,83,250,33,151,146,:0,5,13,18,12,3,2,6,9,14,7,10,1,20,19,4,11,16,8,0,
demand: 33:159,209,50,234,80,171,204,125,83,23,33,151,142,:0,15,17,9,6,2,19,7,12,14,5,11,0,
demand: 151:219,36,175,235,94,24,208,210,45,229,211,104,209,50,234,106,200,:0,20,4,17,12,3,7,1,10,6,19,15,18,16,0,0,0,
demand: 454:125,231,28,71,173,237,68,28,151,231,71,:0,4,12,0,18,16,2,9,15,1,0,
demand: 891:79,24,94,15,250,33,151,225,94,15,247,140,175,196,99,224,28,151,223,:0,15,16,4,10,6,9,19,2,8,7,3,14,18,12,1,17,20,0,
demand: 264:7,93,5,179,68,99,196,167,237,138,121,39,87,24,94,15,224,104,101,236,:0,2,9,16,7,5,4,20,17,8,10,6,11,3,0,18,13,15,12,0,
demand: 245:34,196,167,235,116,:0,5,12,14,0,
demand: 21:213,7,93,5,62,90,7,93,33,112,192,101,39,192,112,87,98,140,247,99,196,167,196,70,:0,8,20,0,14,15,12,16,6,18,5,13,7,2,4,17,1,11,9,3,0,19,10,0,
demand: 177:55,138,98,112,192,101,90,62,138,62,90,7,87,39,225,72,97,247,6,238,224,104,101,224,:0,19,2,20,7,5,18,0,12,0,1,6,10,17,8,16,13,11,15,0,4,9,14,0,
demand: 36:200,106,240,6,178,100,191,45,109,47,:0,6,17,4,14,8,19,16,5,0,
demand: 401:62,90,7,191,140,247,6,181,135,208,217,71,169,98,112,6,181,195,100,:0,17,10,15,7,0,5,2,4,6,12,3,0,18,16,1,19,0,0,
demand: 773:4,39,175,6,240,106,240,6,181,62,6,28,52,:0,6,7,1,3,10,0,8,12,9,2,11,0,
demand: 822:190,72,7,191,100,91,35,153,97,68,6,181,135,208,217,91,191,7,88,60,:0,17,7,8,18,13,11,16,4,14,19,12,1,9,20,2,5,6,15,0,
demand: 628:39,4,6,240,100,191,91,28,6,109,206,90,:0,0,19,17,18,20,13,16,8,12,3,0,
demand: 422:157,88,165,97,91,191,135,206,126,100,93,80,15,247,5,:0,1,19,12,13,18,5,17,9,20,3,6,7,0,0,
demand: 46:142,4,6,28,91,191,7,191,100,191,7,88,165,97,91,191,100,175,235,6,181,135,175,:0,0,8,14,16,13,9,0,2,18,17,12,5,3,19,7,4,11,10,20,1,15,0,
demand: 129:190,88,59,217,91,100,135,204,91,206,121,123,88,165,82,44,:0,5,10,13,15,20,16,11,18,14,0,9,19,1,0,0,
demand: 604:144,88,165,106,109,198,95,5,:0,4,19,17,16,10,0,0,
demand: 45:245,15,181,135,100,178,54,100,91,217,176,:0,6,15,19,1,9,14,12,7,13,0,
demand: 294:250,250,181,91,100,135,191,173,181,109,198,217,135,191,45,229,119,3,:0,17,2,8,3,18,1,6,5,15,14,7,20,4,9,11,10,0,
demand: 914:119,88,135,112,217,135,97,165,104,56,114,:0,20,5,17,3,4,16,18,11,0,0,
demand: 458:166,23,71,217,135,100,195,181,210,:0,14,0,13,3,5,0,1,0,
demand: 603:38,88,135,181,109,97,153,88,109,97,165,97,109,97,179,165,131,:0,7,0,2,12,20,11,15,3,13,4,0,16,8,14,1,0,
demand: 156:136,23,35,87,24,88,165,88,109,192,112,177,:0,6,0,11,17,3,19,0,8,14,0,0,
demand: 197:247,97,153,61,:0,7,9,0,
demand: 16:247,97,109,45,191,173,181,135,88,209,50,129,:0,0,13,0,4,14,2,0,16,0,6,0,
demand: 324:26,19,88,7,90,7,14,:0,0,8,0,11,0,0,
demand: 724:19,211,100,178,231,198,109,45,7,:0,0,8,17,11,0,18,0,0,
demand: 988:182,24,36,:0,6,0,
demand: 216:31,11,165,195,:0,0,8,0,
demand: 871:52,172,37,94,247,97,:0,0,14,10,0,0,
demand: 48:210,59,35,209,:0,10,9,0,
demand: 405:141,7,45,109,97,109,132,:0,9,0,0,20,0,0,
demand: 825:197,146,227,136,26,80,26,19,110,:0,0,0,0,0,6,0,0,0,
demand: 376:25,179,102,32,:0,0,10,0,
Average Delay: 13.75
Runtime (mS): 482575Acceptation rate: 0.24666666666666667