13, 14, 15, 2, 15, 9, 10, 4, 8, 13, 14, 4, 2, 15, 9, 10, 4, 14, 
13, 1, 4, 5, 10, 14, 1, 4, 5, 8, 
10, 7, 4, 7, 5, 3, 
11, 4, 1, 14, 10, 11, 4, 1, 6, 2, 4, 
4, 11, 15, 14, 1, 14, 15, 11, 15, 11, 
12, 15, 15, 11, 
9, 6, 15, 15, 15, 5, 9, 14, 
15, 15, 1, 
9, 5, 15, 7, 
9, 2, 
15, 15, 5, 9, 3, 9, 3, 9, 
15, 5, 9, 14, 7, 3, 8, 9, 14, 7, 3, 8, 14, 10, 
demand: 217:8,13,14,15,2,15,9,10,4,8,13,14,4,2,15,9,10,4,14,:0,7,0,0,3,0,0,4,0,0,6,0,2,5,0,0,1,0,0,
demand: 874:2,13,1,4,5,10,14,1,4,5,8,:0,5,0,7,0,6,0,1,4,0,0,
demand: 87:11,10,7,4,7,5,3,:0,7,0,5,0,0,0,
demand: 435:10,11,4,1,14,10,11,4,1,6,2,4,:0,0,5,2,0,3,0,6,7,1,0,0,
demand: 935:2,4,11,15,14,1,14,15,11,15,11,:0,6,3,0,0,4,0,0,5,7,0,
demand: 348:3,12,15,15,11,:0,0,3,5,0,
demand: 955:12,9,6,15,15,15,5,9,14,:0,4,2,5,6,7,0,0,0,
demand: 864:6,15,15,1,:0,5,7,0,
demand: 212:4,9,5,15,7,:0,4,0,1,0,
demand: 703:13,9,2,:0,6,0,
demand: 243:6,15,15,5,9,3,9,3,9,:0,1,6,0,3,2,5,7,4,
demand: 121:11,15,5,9,14,7,3,8,9,14,7,3,8,14,10,:0,0,0,2,0,0,1,0,7,0,0,5,3,4,0,
Average Delay: 7.5
Runtime (mS): 66Acceptation rate: 1.0