13, 14, 15, 2, 15, 9, 10, 4, 8, 13, 14, 4, 2, 15, 9, 10, 4, 14, 
13, 1, 4, 5, 10, 14, 1, 4, 5, 8, 
4, 1, 14, 10, 5, 
11, 4, 3, 1, 5, 10, 11, 15, 
8, 10, 14, 
15, 15, 15, 15, 15, 12, 7, 
15, 15, 15, 15, 14, 1, 14, 10, 11, 4, 
5, 1, 6, 15, 11, 4, 1, 12, 
5, 9, 3, 9, 14, 10, 11, 15, 6, 9, 5, 3, 
5, 3, 5, 9, 14, 10, 3, 6, 15, 14, 9, 8, 3, 10, 
12, 9, 13, 5, 8, 7, 9, 12, 6, 1, 8, 5, 
6, 12, 8, 14, 8, 12, 9, 7, 8, 1, 
12, 13, 
12, 1, 15, 5, 14, 3, 1, 
14, 
7, 9, 13, 12, 1, 3, 14, 5, 15, 7, 2, 14, 
5, 8, 9, 7, 8, 5, 8, 7, 8, 5, 
1, 5, 2, 
15, 14, 7, 5, 7, 9, 5, 9, 7, 2, 
1, 5, 11, 7, 2, 5, 11, 7, 2, 5, 11, 7, 5, 1, 15, 7, 4, 
6, 5, 12, 13, 
demand: 217:8,13,14,15,2,15,9,10,4,8,13,14,4,2,15,9,10,4,14,:0,7,0,0,3,0,0,4,0,0,6,0,2,5,0,0,1,0,0,
demand: 874:2,13,1,4,5,10,14,1,4,5,8,:0,5,0,7,0,6,0,1,4,0,0,
demand: 316:9,4,1,14,10,5,:0,3,0,0,2,0,
demand: 825:10,11,4,3,1,5,10,11,15,:0,0,4,0,2,0,7,5,0,
demand: 289:4,8,10,14,:0,0,6,0,
demand: 921:15,15,15,15,15,15,12,7,:0,4,1,3,7,5,0,0,
demand: 306:15,15,15,15,15,14,1,14,10,11,4,:0,1,3,7,2,0,5,0,0,6,0,
demand: 218:10,5,1,6,15,11,4,1,12,:0,0,2,3,0,6,0,0,0,
demand: 943:7,5,9,3,9,14,10,11,15,6,9,5,3,:0,0,1,7,3,0,0,2,0,6,4,0,5,
demand: 93:9,5,3,5,9,14,10,3,6,15,14,9,8,3,10,:0,0,5,0,1,0,0,4,6,0,0,2,7,0,0,
demand: 640:9,12,9,13,5,8,7,9,12,6,1,8,5,:0,2,3,0,0,7,0,1,4,6,0,5,0,
demand: 271:15,6,12,8,14,8,12,9,7,8,1,:0,0,1,4,5,0,3,6,0,7,0,
demand: 168:9,12,13,:0,7,0,
demand: 629:9,12,1,15,5,14,3,1,:0,2,0,6,0,7,0,0,
demand: 213:2,14,:0,5,
demand: 662:15,7,9,13,12,1,3,14,5,15,7,2,14,:0,0,6,0,1,0,0,2,5,0,7,0,0,
demand: 612:11,5,8,9,7,8,5,8,7,8,5,:0,1,0,0,4,0,3,0,6,0,7,
demand: 506:15,1,5,2,:0,0,3,0,
demand: 995:11,15,14,7,5,7,9,5,9,7,2,:0,0,0,0,2,5,0,3,0,1,0,
demand: 38:1,5,1,15,7,4,:0,6,0,0,0,0,
demand: 569:9,6,5,12,13,:0,0,4,0,0,
Average Delay: 8.052631578947368
Runtime (mS): 14Acceptation rate: 0.95