20, 61, 69, 39, 67, 3, 50, 39, 69, 61, 83, 7, 27, 36, 96, 
36, 61, 83, 39, 69, 3, 68, 17, 27, 
11, 36, 1, 68, 17, 99, 68, 41, 
69, 7, 93, 67, 58, 39, 99, 36, 88, 51, 58, 17, 30, 71, 45, 84, 
12, 47, 71, 45, 12, 93, 45, 39, 58, 59, 
12, 45, 71, 30, 71, 45, 12, 2, 45, 12, 68, 17, 64, 
74, 12, 45, 88, 36, 91, 
71, 53, 51, 2, 58, 45, 84, 71, 30, 34, 12, 69, 2, 77, 71, 70, 77, 2, 98, 
17, 95, 71, 2, 12, 17, 98, 2, 40, 
98, 2, 71, 47, 90, 65, 88, 45, 47, 
70, 64, 
22, 98, 15, 42, 15, 56, 15, 98, 14, 73, 30, 94, 16, 97, 16, 70, 96, 39, 58, 15, 80, 
90, 65, 94, 22, 98, 60, 
11, 41, 73, 53, 5, 48, 94, 22, 59, 
42, 46, 21, 42, 46, 21, 42, 46, 21, 97, 42, 53, 31, 
70, 16, 34, 47, 90, 20, 
46, 97, 22, 65, 97, 22, 94, 65, 97, 41, 47, 53, 42, 97, 81, 
53, 42, 53, 47, 41, 38, 47, 41, 38, 14, 82, 73, 11, 94, 38, 41, 70, 36, 73, 
14, 56, 92, 65, 94, 11, 14, 38, 56, 92, 22, 11, 42, 97, 20, 56, 14, 10, 
14, 56, 92, 65, 90, 72, 
28, 20, 11, 94, 16, 34, 4, 92, 56, 95, 83, 28, 20, 30, 
60, 83, 
4, 100, 66, 16, 66, 21, 63, 21, 66, 16, 77, 53, 84, 60, 70, 60, 84, 46, 16, 77, 53, 84, 53, 47, 41, 25, 7, 
4, 44, 84, 20, 28, 63, 44, 84, 33, 60, 44, 10, 
4, 79, 6, 16, 79, 21, 6, 90, 63, 28, 79, 6, 44, 4, 81, 
79, 6, 21, 60, 44, 63, 44, 86, 
11, 22, 25, 4, 44, 84, 96, 7, 25, 87, 18, 7, 25, 87, 28, 20, 96, 18, 92, 12, 
87, 18, 47, 71, 48, 96, 7, 25, 7, 18, 
96, 18, 40, 81, 77, 92, 40, 81, 77, 64, 
71, 47, 53, 33, 69, 34, 37, 81, 77, 81, 97, 
40, 57, 77, 76, 41, 81, 54, 38, 16, 81, 10, 
90, 40, 57, 34, 4, 25, 70, 36, 27, 
48, 40, 90, 6, 37, 54, 81, 40, 38, 54, 81, 40, 92, 77, 57, 81, 57, 40, 
77, 28, 40, 92, 77, 57, 54, 81, 53, 33, 48, 69, 25, 
17, 42, 26, 37, 54, 57, 40, 57, 34, 47, 53, 47, 34, 57, 44, 84, 33, 37, 54, 57, 87, 
37, 54, 79, 81, 1, 57, 1, 81, 91, 
97, 81, 16, 38, 40, 38, 35, 
77, 76, 40, 48, 37, 54, 57, 63, 37, 54, 38, 47, 
77, 54, 57, 37, 33, 54, 77, 80, 
40, 48, 37, 25, 54, 77, 52, 33, 11, 77, 
77, 89, 
54, 77, 11, 22, 97, 81, 
40, 92, 77, 76, 77, 57, 77, 92, 40, 48, 49, 60, 33, 60, 49, 48, 40, 48, 49, 60, 33, 67, 
33, 54, 10, 33, 37, 76, 
40, 76, 41, 81, 10, 33, 52, 76, 41, 81, 10, 33, 52, 40, 76, 37, 7, 
81, 10, 57, 55, 33, 37, 76, 52, 64, 33, 37, 76, 93, 
57, 10, 54, 33, 64, 57, 10, 76, 88, 
33, 64, 57, 10, 76, 37, 48, 35, 52, 76, 64, 52, 76, 64, 6, 
76, 52, 64, 76, 10, 26, 76, 64, 52, 40, 76, 56, 
35, 23, 95, 85, 
64, 57, 10, 81, 10, 26, 10, 57, 64, 82, 69, 48, 70, 
6, 64, 82, 69, 48, 35, 52, 32, 48, 35, 52, 40, 76, 10, 54, 80, 
100, 100, 100, 100, 100, 100, 100, 100, 66, 96, 39, 97, 22, 11, 
35, 48, 32, 57, 64, 10, 26, 35, 52, 32, 48, 89, 25, 
26, 35, 100, 100, 100, 35, 26, 64, 10, 54, 26, 64, 10, 4, 100, 35, 32, 6, 9, 
35, 32, 26, 64, 6, 32, 52, 71, 
89, 48, 69, 35, 32, 26, 89, 35, 21, 6, 32, 26, 100, 89, 26, 1, 32, 57, 89, 31, 
32, 85, 56, 
89, 65, 
26, 89, 66, 26, 89, 48, 32, 1, 64, 1, 32, 
42, 58, 26, 89, 66, 89, 26, 35, 48, 89, 66, 26, 32, 1, 34, 
89, 66, 26, 66, 74, 89, 100, 26, 66, 74, 89, 27, 36, 
80, 8, 
80, 8, 66, 13, 11, 80, 8, 66, 13, 11, 80, 8, 99, 51, 13, 20, 
60, 13, 11, 80, 11, 66, 8, 66, 13, 11, 77, 80, 77, 8, 66, 13, 11, 77, 80, 77, 8, 1, 13, 1, 80, 54, 8, 1, 13, 79, 
80, 55, 8, 75, 1, 13, 72, 55, 14, 75, 5, 72, 90, 6, 
14, 55, 72, 71, 
72, 55, 5, 75, 5, 72, 55, 8, 75, 90, 72, 29, 
72, 55, 14, 75, 14, 55, 14, 75, 45, 
8, 1, 2, 51, 27, 51, 25, 
82, 1, 9, 82, 73, 51, 49, 19, 73, 82, 36, 9, 92, 73, 5, 82, 12, 43, 
32, 1, 31, 49, 19, 73, 17, 
1, 34, 1, 31, 68, 
1, 31, 49, 81, 
31, 1, 31, 49, 51, 43, 91, 59, 74, 81, 49, 31, 49, 96, 
5, 82, 31, 59, 74, 32, 57, 
5, 82, 31, 59, 91, 43, 9, 91, 59, 29, 78, 53, 
60, 9, 91, 43, 74, 29, 59, 31, 82, 5, 74, 29, 59, 31, 82, 5, 50, 
20, 15, 34, 78, 29, 74, 55, 
15, 34, 78, 29, 95, 74, 43, 9, 91, 95, 96, 7, 
23, 62, 1, 95, 15, 34, 78, 27, 23, 62, 19, 49, 
8, 1, 95, 74, 43, 91, 95, 29, 84, 
23, 27, 78, 24, 62, 19, 23, 27, 82, 6, 9, 
14, 9, 43, 74, 95, 29, 51, 49, 95, 29, 59, 24, 86, 34, 19, 62, 
59, 24, 62, 1, 86, 34, 24, 85, 34, 85, 3, 
85, 94, 85, 19, 85, 78, 24, 85, 86, 85, 85, 85, 19, 85, 36, 27, 36, 85, 24, 85, 86, 85, 32, 85, 85, 24, 85, 19, 85, 24, 85, 85, 85, 85, 24, 78, 85, 24, 85, 19, 49, 51, 85, 85, 85, 78, 85, 10, 64, 
85, 19, 85, 85, 85, 4, 1, 8, 85, 19, 85, 63, 85, 32, 85, 19, 85, 24, 85, 85, 85, 85, 24, 85, 85, 85, 85, 19, 73, 85, 24, 78, 85, 19, 85, 76, 56, 
76, 85, 51, 85, 86, 85, 85, 86, 34, 85, 85, 85, 86, 85, 85, 78, 27, 89, 85, 49, 86, 85, 85, 19, 85, 86, 85, 94, 85, 19, 49, 19, 85, 27, 78, 85, 86, 85, 26, 1, 27, 86, 85, 85, 18, 85, 42, 
16, 1, 86, 85, 19, 85, 85, 85, 86, 85, 85, 86, 85, 51, 85, 85, 19, 49, 19, 85, 83, 85, 64, 53, 
13, 86, 85, demand: 910:97,20,61,69,39,67,3,50,39,69,61,83,7,27,36,96,:0,0,13,4,12,6,7,8,14,3,10,9,2,0,11,0,
demand: 530:95,36,61,83,39,69,3,68,17,27,:0,14,3,5,0,4,10,8,13,0,
demand: 489:59,11,36,1,68,17,99,68,41,:0,0,3,0,1,6,2,11,0,
demand: 815:48,69,7,93,67,58,39,99,36,88,51,58,17,30,71,45,84,:0,9,5,15,10,7,3,6,4,13,0,11,8,2,1,14,0,
demand: 259:74,12,47,71,45,12,93,45,39,58,59,:0,11,0,12,2,7,8,14,4,10,0,
demand: 718:92,12,45,71,30,71,45,12,2,45,12,68,17,64,:0,7,14,15,4,0,13,11,12,2,1,0,8,0,
demand: 247:81,74,12,45,88,36,91,:0,0,2,0,10,0,0,
demand: 96:95,71,53,51,2,58,45,84,71,30,34,12,69,2,77,71,70,77,2,98,:0,7,0,0,11,4,12,0,0,5,0,9,0,1,0,15,13,0,14,0,
demand: 145:12,17,95,71,2,12,17,98,2,40,:0,0,0,7,10,6,0,11,5,0,
demand: 406:14,98,2,71,47,90,65,88,45,47,:0,11,0,8,1,14,15,4,9,0,
demand: 694:60,70,64,:0,9,0,
demand: 444:93,22,98,15,42,15,56,15,98,14,73,30,94,16,97,16,70,96,39,58,15,80,:0,11,10,0,14,0,5,0,6,12,0,4,1,0,13,0,7,0,0,3,0,0,
demand: 177:47,90,65,94,22,98,60,:0,13,6,15,7,12,0,
demand: 308:9,11,41,73,53,5,48,94,22,59,:0,14,2,0,6,0,0,8,9,0,
demand: 666:21,42,46,21,42,46,21,42,46,21,97,42,53,31,:0,3,4,7,1,6,14,8,13,2,5,11,15,0,
demand: 470:96,70,16,34,47,90,20,:0,5,0,0,7,13,0,
demand: 9:43,46,97,22,65,97,22,94,65,97,41,47,53,42,97,81,:0,13,9,6,1,11,2,3,4,12,14,15,7,5,10,0,
demand: 748:63,53,42,53,47,41,38,47,41,38,14,82,73,11,94,38,41,70,36,73,:0,13,3,0,15,7,8,4,12,6,14,0,0,1,10,2,5,11,0,0,
demand: 450:55,14,56,92,65,94,11,14,38,56,92,22,11,42,97,20,56,14,10,:0,13,7,1,5,0,14,8,10,2,12,9,6,3,4,15,11,0,0,
demand: 499:83,14,56,92,65,90,72,:0,6,2,7,0,9,0,
demand: 301:27,28,20,11,94,16,34,4,92,56,95,83,28,20,30,:0,12,8,5,0,6,0,1,11,4,0,0,2,13,0,
demand: 554:98,60,83,:0,14,0,
demand: 385:91,4,100,66,16,66,21,63,21,66,16,77,53,84,60,70,60,84,46,16,77,53,84,53,47,41,25,7,:0,11,0,0,15,0,9,7,0,0,13,0,0,0,0,10,8,2,5,1,0,4,14,0,3,0,12,0,
demand: 471:68,4,44,84,20,28,63,44,84,33,60,44,10,:0,8,1,7,5,10,13,12,15,0,14,6,0,
demand: 391:25,4,79,6,16,79,21,6,90,63,28,79,6,44,4,81,:0,7,2,15,11,6,3,14,4,12,8,10,9,5,1,0,
demand: 369:39,79,6,21,60,44,63,44,86,:0,6,14,4,8,0,7,0,0,
demand: 541:46,11,22,25,4,44,84,96,7,25,87,18,7,25,87,28,20,96,18,92,12,:0,4,3,8,0,0,10,14,0,1,13,15,0,2,7,5,9,12,6,0,0,
demand: 616:52,87,18,47,71,48,96,7,25,7,18,:0,1,8,3,0,0,11,0,9,0,0,
demand: 135:60,96,18,40,81,77,92,40,81,77,64,:0,11,8,13,12,1,9,15,6,14,0,
demand: 459:92,71,47,53,33,69,34,37,81,77,81,97,:0,0,4,0,11,0,0,12,13,7,0,0,
demand: 503:38,40,57,77,76,41,81,54,38,16,81,10,:0,2,6,10,11,3,12,7,4,5,1,0,
demand: 98:82,90,40,57,34,4,25,70,36,27,:0,3,8,7,0,0,9,4,0,0,
demand: 105:33,48,40,90,6,37,54,81,40,38,54,81,40,92,77,57,81,57,40,:0,10,13,0,9,7,14,11,2,3,8,5,15,4,6,1,12,0,0,
demand: 100:76,77,28,40,92,77,57,54,81,53,33,48,69,25,:0,9,4,7,0,11,8,5,1,0,2,13,0,0,
demand: 833:23,17,42,26,37,54,57,40,57,34,47,53,47,34,57,44,84,33,37,54,57,87,:0,0,0,13,14,1,15,6,0,0,0,3,0,0,7,4,0,5,10,12,2,0,
demand: 909:88,37,54,79,81,1,57,1,81,91,:0,10,13,4,7,0,15,0,0,0,
demand: 760:65,97,81,16,38,40,38,35,:0,0,11,3,0,7,0,0,
demand: 925:11,77,76,40,48,37,54,57,63,37,54,38,47,:0,14,6,1,7,11,2,8,3,10,4,0,0,
demand: 201:36,77,54,57,37,33,54,77,80,:0,1,13,5,12,8,4,2,0,
demand: 134:62,40,48,37,25,54,77,52,33,11,77,:0,4,2,15,3,5,9,7,12,0,0,
demand: 839:92,77,89,:0,13,0,
demand: 283:8,54,77,11,22,97,81,:0,4,10,0,0,0,0,
demand: 355:18,40,92,77,76,77,57,77,92,40,48,49,60,33,60,49,48,40,48,49,60,33,67,:0,6,0,0,8,0,11,0,0,7,14,0,0,13,0,0,0,3,12,0,0,5,0,
demand: 513:78,33,54,10,33,37,76,:0,1,8,13,6,0,0,
demand: 126:56,40,76,41,81,10,33,52,76,41,81,10,33,52,40,76,37,7,:0,7,9,0,13,6,1,10,11,0,5,12,4,3,15,14,2,0,
demand: 687:44,81,10,57,55,33,37,76,52,64,33,37,76,93,:0,8,15,12,0,6,0,3,9,2,7,0,4,0,
demand: 76:83,57,10,54,33,64,57,10,76,88,:0,2,13,0,10,4,12,3,1,0,
demand: 515:73,33,64,57,10,76,37,48,35,52,76,64,52,76,64,6,:0,6,13,8,3,9,0,15,14,4,2,10,5,11,12,0,
demand: 151:92,76,52,64,76,10,26,76,64,52,40,76,56,:0,13,10,1,9,5,14,4,15,8,0,6,0,
demand: 292:71,35,23,95,85,:0,8,0,0,0,
demand: 183:6,64,57,10,81,10,26,10,57,64,82,69,48,70,:0,15,0,11,2,0,13,7,0,1,0,0,14,0,
demand: 979:79,6,64,82,69,48,35,52,32,48,35,52,40,76,10,54,80,:0,0,4,0,0,12,11,8,7,3,13,14,0,9,6,0,0,
demand: 267:28,100,100,100,100,100,100,100,100,66,96,39,97,22,11,:0,10,4,15,2,6,8,7,3,0,0,0,0,0,0,
demand: 13:99,35,48,32,57,64,10,26,35,52,32,48,89,25,:0,11,12,15,2,13,4,14,9,6,7,3,8,0,
demand: 621:62,26,35,100,100,100,35,26,64,10,54,26,64,10,4,100,35,32,6,9,:0,9,13,12,11,5,10,2,7,6,0,15,14,8,0,3,4,1,0,0,
demand: 509:49,35,32,26,64,6,32,52,71,:0,2,4,8,11,0,14,0,0,
demand: 375:66,89,48,69,35,32,26,89,35,21,6,32,26,100,89,26,1,32,57,89,31,:0,3,13,0,5,4,1,9,14,0,0,15,7,6,12,8,0,10,0,11,0,
demand: 71:51,32,85,56,:0,10,0,0,
demand: 454:55,89,65,:0,7,0,
demand: 389:17,26,89,66,26,89,48,32,1,64,1,32,:0,9,3,5,13,1,0,8,0,2,0,0,
demand: 865:95,42,58,26,89,66,89,26,35,48,89,66,26,32,1,34,:0,0,0,6,15,2,0,1,0,0,4,13,8,0,0,0,
demand: 745:71,89,66,26,66,74,89,100,26,66,74,89,27,36,:0,13,0,14,5,0,10,0,9,8,0,4,0,0,
demand: 423:11,80,8,:0,9,0,
demand: 989:89,80,8,66,13,11,80,8,66,13,11,80,8,99,51,13,20,:0,11,7,2,9,0,13,6,1,12,0,15,3,0,0,5,0,
demand: 313:21,60,13,11,80,11,66,8,66,13,11,77,80,77,8,66,13,11,77,80,77,8,1,13,1,80,54,8,1,13,79,:0,0,11,0,2,0,14,12,0,9,0,0,1,0,5,0,13,0,0,4,0,15,0,8,0,6,0,3,0,7,0,
demand: 59:4,80,55,8,75,1,13,72,55,14,75,5,72,90,6,:0,9,10,12,11,0,4,6,7,0,3,0,8,0,0,
demand: 307:50,14,55,72,71,:0,0,6,7,0,
demand: 872:68,72,55,5,75,5,72,55,8,75,90,72,29,:0,9,4,0,1,0,14,2,0,7,0,10,0,
demand: 575:58,72,55,14,75,14,55,14,75,45,:0,0,13,0,2,0,8,0,3,0,
demand: 531:87,8,1,2,51,27,51,25,:0,0,15,0,4,7,0,0,
demand: 811:89,82,1,9,82,73,51,49,19,73,82,36,9,92,73,5,82,12,43,:0,0,5,14,9,10,13,3,7,12,4,0,8,0,2,11,15,0,0,
demand: 632:59,32,1,31,49,19,73,17,:0,0,8,14,7,6,12,0,
demand: 491:28,1,34,1,31,68,:0,3,2,0,6,0,
demand: 964:19,1,31,49,81,:0,9,10,5,0,
demand: 517:82,31,1,31,49,51,43,91,59,74,81,49,31,49,96,:0,0,5,15,8,7,1,13,12,11,0,10,9,0,0,
demand: 743:79,5,82,31,59,74,32,57,:0,8,14,3,13,1,0,0,
demand: 512:52,5,82,31,59,91,43,9,91,59,29,78,53,:0,7,9,14,15,10,2,4,3,1,12,11,0,
demand: 44:44,60,9,91,43,74,29,59,31,82,5,74,29,59,31,82,5,50,:0,0,10,7,14,11,13,6,1,9,3,2,8,12,15,0,0,0,
demand: 229:97,20,15,34,78,29,74,55,:0,0,5,7,13,14,4,0,
demand: 231:47,15,34,78,29,95,74,43,9,91,95,96,7,:0,2,10,4,14,7,6,12,1,3,8,0,0,
demand: 527:12,23,62,1,95,15,34,78,27,23,62,19,49,:0,7,4,3,15,11,1,10,8,13,6,14,0,
demand: 401:34,8,1,95,74,43,91,95,29,84,:0,0,15,13,9,4,3,6,0,0,
demand: 33:74,23,27,78,24,62,19,23,27,82,6,9,:0,13,5,15,2,10,9,11,6,8,0,0,
demand: 232:75,14,9,43,74,95,29,51,49,95,29,59,24,86,34,19,62,:0,0,9,2,0,5,15,12,1,8,0,14,3,7,10,0,0,
demand: 3:91,59,24,62,1,86,34,24,85,34,85,3,:0,0,8,14,0,7,3,13,2,10,12,0,
demand: 686:59,78,85,10,64,:0,0,10,0,0,
demand: 480:11,24,78,85,19,85,76,56,:0,9,1,11,3,13,0,0,
demand: 412:96,18,85,42,:0,0,6,0,
demand: 321:95,83,85,64,53,:0,0,12,0,0,
Average Delay: 12.139240506329115
Runtime (mS): 14219Acceptation rate: 0.6076923076923076