13, 14, 15, 2, 15, 9, 10, 4, 8, 13, 14, 4, 2, 15, 9, 10, 4, 14, 
13, 1, 4, 5, 10, 14, 1, 4, 5, 8, 
10, 14, 1, 4, 1, 14, 10, 14, 8, 
4, 8, 10, 3, 1, 3, 8, 4, 11, 15, 1, 6, 12, 14, 
15, 12, 7, 
3, 1, 3, 7, 4, 7, 14, 15, 15, 5, 
9, 14, 15, 15, 15, 15, 15, 15, 15, 5, 7, 
3, 9, 3, 12, 
3, 9, 3, 
5, 10, 11, 5, 9, 5, 15, 3, 1, 13, 9, 6, 3, 6, 
6, 9, 13, 
13, 1, 3, 11, 5, 14, 
13, 9, 6, 3, 5, 8, 7, 9, 6, 15, 10, 
8, 5, 14, 2, 6, 
7, 5, 8, 14, 9, 8, 14, 9, 13, 12, 13, 9, 8, 5, 7, 4, 3, 11, 8, 
12, 13, 5, 10, 
1, 13, 12, 13, 5, 8, 5, 14, 2, 6, 9, 6, 12, 13, 5, 8, 5, 13, 12, 
2, 12, 2, 14, 2, 4, 
2, 12, 5, 11, 7, 11, 5, 11, 3, 
10, 5, 10, 7, 2, 14, 5, 14, 2, 7, 8, 
2, 5, 1, 8, 7, 9, 6, 5, 2, 7, 2, 6, 
5, 2, 7, 2, 5, 6, 15, 7, 15, 
7, 15, 
5, 6, 15, 7, 15, 6, 5, 6, 15, 11, 
2, 5, 1, 8, 7, 11, 15, 
5, 1, 
1, 8, 7, 7, 11, 7, 7, 8, 7, demand: 217:8,13,14,15,2,15,9,10,4,8,13,14,4,2,15,9,10,4,14,:0,7,0,0,3,0,0,4,0,0,6,0,2,5,0,0,1,0,0,
demand: 874:2,13,1,4,5,10,14,1,4,5,8,:0,5,0,7,0,6,0,1,4,0,0,
demand: 385:5,10,14,1,4,1,14,10,14,8,:0,7,0,0,2,4,0,6,0,0,
demand: 847:2,4,8,10,3,1,3,8,4,11,15,1,6,12,14,:0,2,0,6,0,5,0,0,7,3,0,4,1,0,0,
demand: 228:15,15,12,7,:0,7,0,0,
demand: 445:7,3,1,3,7,4,7,14,15,15,5,:0,0,1,0,0,6,0,0,3,2,0,
demand: 586:8,9,14,15,15,15,15,15,15,15,5,7,:0,0,0,3,4,7,2,5,6,1,0,0,
demand: 923:1,3,9,3,12,:0,0,7,0,0,
demand: 391:11,3,9,3,:0,0,1,0,
demand: 855:8,5,10,11,5,9,5,15,3,1,13,9,6,3,6,:0,0,6,2,0,3,0,0,4,0,0,1,0,7,0,
demand: 354:12,6,9,13,:0,2,4,0,
demand: 743:9,13,1,3,11,5,14,:0,0,0,4,6,0,0,
demand: 57:12,13,9,6,3,5,8,7,9,6,15,10,:0,0,7,0,0,0,4,0,3,0,5,0,
demand: 260:11,8,5,14,2,6,:0,3,0,5,0,0,
demand: 698:4,7,5,8,14,9,8,14,9,13,12,13,9,8,5,7,4,3,11,8,:0,0,0,0,3,6,7,5,0,0,1,0,0,4,0,0,0,2,0,0,
demand: 583:2,12,13,5,10,:0,2,0,0,0,
demand: 398:15,1,13,12,13,5,8,5,14,2,6,9,6,12,13,5,8,5,13,12,:0,0,0,5,0,0,2,0,1,0,0,6,0,7,0,0,4,0,0,0,
demand: 278:14,2,12,2,14,2,4,:0,0,6,0,4,0,0,
demand: 562:4,2,12,5,11,7,11,5,11,3,:0,0,1,6,0,5,0,7,0,0,
demand: 154:11,10,5,10,7,2,14,5,14,2,7,8,:0,0,4,0,5,0,0,2,0,0,1,0,
demand: 712:4,2,5,1,8,7,9,6,5,2,7,2,6,:0,0,2,0,3,6,0,0,4,0,5,0,0,
demand: 582:14,5,2,7,2,5,6,15,7,15,:0,5,0,3,0,2,0,0,6,0,
demand: 343:8,7,15,:0,3,0,
demand: 204:2,5,6,15,7,15,6,5,6,15,11,:0,7,0,0,5,0,0,6,0,0,0,
demand: 928:10,2,5,1,8,7,11,15,:0,0,7,0,0,2,0,0,
demand: 55:14,5,1,:0,7,0,
Average Delay: 9.125
Runtime (mS): 19Acceptation rate: 0.3