13, 14, 15, 2, 15, 9, 10, 4, 8, 13, 14, 4, 2, 15, 9, 10, 4, 14, 
13, 1, 4, 5, 10, 14, 1, 4, 5, 8, 
7, 4, 1, 14, 10, 5, 3, 
4, 1, 14, 15, 
4, 2, 13, 
15, 15, 15, 15, 15, 11, 
10, 5, 15, 
demand: 217:8,13,14,15,2,15,9,10,4,8,13,14,4,2,15,9,10,4,14,:0,7,0,0,3,0,0,4,0,0,6,0,2,5,0,0,1,0,0,
demand: 874:2,13,1,4,5,10,14,1,4,5,8,:0,5,0,7,0,6,0,1,4,0,0,
demand: 398:5,7,4,1,14,10,5,3,:0,0,7,0,0,5,0,0,
demand: 154:1,4,1,14,15,:0,2,0,0,0,
demand: 996:2,4,2,13,:0,5,0,0,
demand: 696:15,15,15,15,15,15,11,:0,2,5,6,4,3,0,
demand: 475:2,10,5,15,:0,4,0,0,
Average Delay: 4.6
Runtime (mS): 6Acceptation rate: 1.0