194, 229, 39, 49, 187, 189, 49, 187, 49, 241, 
177, 47, 177, 189, 243, 216, 177, 49, 39, 158, 187, 189, 169, 21, 243, 170, 
189, 21, 161, 177, 216, 47, 249, 39, 187, 75, 218, 237, 209, 129, 194, 
158, 21, 169, 244, 113, 187, 69, 160, 236, 129, 194, 38, 46, 228, 218, 139, 
187, 38, 185, 48, 19, 174, 224, 
236, 218, 48, 158, 103, 185, 75, 244, 70, 14, 152, 188, 22, 155, 13, 
14, 152, 113, 14, 228, 42, 5, 176, 
14, 228, 14, 152, 188, 160, 42, 228, 242, 
228, 103, 160, 188, 70, 189, 187, 
42, 174, 2, 220, 
205, 227, 184, 58, 60, 184, 227, 185, 233, 
228, 174, 227, 205, 166, 58, 60, 205, 227, 184, 164, 
60, 58, 203, 227, 166, 1, 
58, 60, 32, 2, 57, 
27, 188, 203, 58, 49, 203, 202, 27, 205, 50, 
203, 49, 60, 32, 205, 27, 202, 203, 86, 202, 27, 60, 32, 236, 228, 120, 
58, 203, 202, 86, 246, 65, 32, 190, 203, 86, 202, 78, 
27, 246, 65, 32, 60, 86, 202, 79, 32, 190, 65, 229, 
202, 79, 246, 65, 190, 117, 32, 65, 246, 
190, 65, 32, 117, 113, 190, 65, 203, 49, 
79, 69, 202, 205, 117, 190, 248, 221, 117, 59, 
160, 246, 86, 221, 248, 190, 248, 221, 248, 124, 
190, 65, 221, 227, 246, 79, 248, 55, 105, 246, 212, 190, 32, 248, 55, 105, 212, 248, 55, 105, 212, 141, 
212, 105, 79, 248, 212, 55, 92, 17, 212, 133, 92, 230, 
92, 133, 212, 248, 32, 92, 133, 74, 41, 134, 17, 212, 133, 17, 92, 10, 
64, 134, 41, 74, 133, 134, 41, 74, 133, 2, 64, 134, 195, 223, 242, 134, 143, 
195, 223, 242, 134, 195, 223, 242, 2, 64, 81, 
227, 161, 242, 186, 161, 13, 155, 22, 223, 154, 194, 155, 22, 223, 154, 194, 155, 13, 161, 242, 161, 13, 65, 
2, 64, 134, 195, 30, 134, 242, 2, 186, 223, 108, 195, 30, 41, 186, 30, 41, 186, 30, 241, 
1, 201, 74, 44, 201, 242, 2, 108, 30, 41, 133, 2, 108, 30, 186, 41, 164, 242, 60, 
141, 1, 233, 1, 201, 242, 186, 2, 155, 194, 77, 164, 41, 186, 242, 201, 44, 41, 30, 41, 164, 242, 201, 44, 132, 
64, 130, 194, 242, 164, 77, 194, 108, 233, 165, 
2, 155, 244, 
10, 2, 155, 201, 44, 10, 142, 
19, 155, 148, 10, 44, 82, 201, 156, 
1, 77, 164, 233, 
1, 77, 194, 108, 233, 26, 19, 155, 148, 10, 44, 82, 148, 10, 142, 26, 19, 10, 29, 122, 
130, 194, 77, 1, 214, 148, 82, 44, 74, 44, 128, 
148, 214, 142, 10, 19, 26, 233, 64, 130, 228, 
164, 116, 26, 142, 214, 148, 214, 142, 26, 116, 164, 82, 214, 142, 132, 12, 108, 194, 130, 116, 157, 
1, 77, 164, 116, 157, 19, 26, 116, 130, 194, 108, 12, 132, 142, 10, 148, 82, 148, 10, 142, 26, 19, 10, 116, 112, 
168, 1, 168, 214, 82, 44, 82, 132, 12, 222, 157, 47, 143, 
1, 214, 164, 222, 12, 132, 157, 116, 241, 222, 29, 148, 84, 132, 78, 
1, 238, 222, 29, 214, 168, 59, 
84, 22, 63, 194, 10, 127, 130, 171, 
19, 12, 29, 22, 142, 241, 214, 164, 172, 241, 84, 22, 63, 207, 241, 74, 201, 
64, 16, 29, 22, 3, 
10, 127, 172, 26, 116, 157, 101, 
84, 63, 207, 40, 172, 127, 16, 64, 130, 116, 164, 172, 
26, 172, 40, 234, 
16, 127, 172, 40, 207, 63, 22, 84, 238, 1, 185, 
222, 238, 1, 214, 168, 16, 238, 172, 164, 242, 207, 40, 168, 16, 127, 10, 39, 242, 207, 241, 200, 73, 193, 4, 114, 
226, 164, 200, 73, 193, 63, 96, 73, 200, 96, 73, 243, 
63, 96, 73, 200, 73, 96, 73, 193, 73, 200, 96, 73, 193, 136, 16, 119, 
226, 110, 22, 149, 
207, 110, 22, 238, 193, 136, 116, 106, 
16, 151, 
226, 168, 214, 207, 110, 226, 136, 193, 96, 110, 226, 136, 226, 22, 110, 144, 
136, 40, 207, 110, 159, 29, 200, 1, 136, 183, 172, 96, 51, 137, 183, 127, 51, 159, 124, 193, 83, 
183, 107, 39, 249, 207, 186, 193, 124, 216, 207, 159, 124, 216, 47, 15, 
122, 22, 107, 222, 12, 
249, 172, 
154, 137, 168, 154, 53, 122, 154, 216, 124, 193, 63, 154, 23, 
3, 67, 136, 118, 67, 18, 161, 145, 18, 161, 249, 9, 161, 145, 73, 53, 161, 20, 18, 43, 166, 
84, 18, 241, 53, 161, 156, 18, 67, 118, 9, 161, 53, 67, 18, 216, 43, 145, 43, 9, 
207, 67, 118, 9, 161, 147, 53, 67, 118, 9, 161, 147, 53, 67, 118, 9, 25, 18, 163, 137, 62, 
3, 67, 53, 147, 161, 147, 53, 216, 
3, 67, 18, 67, 53, 67, 194, 
9, 25, 96, 9, 25, 18, 163, 194, 207, 
3, 67, 136, 193, 73, 
183, 18, 163, 118, 9, 232, 6, 87, 
3, 67, 53, 161, 53, 147, 53, 67, 3, 67, 145, 18, 163, 236, 
3, 163, 18, 25, 18, 163, 118, 18, 157, 21, 161, 35, 170, 145, 11, 
118, 163, 145, 18, 145, 170, 186, 161, 186, 170, 145, 163, 161, 
118, 163, 145, 118, 163, 145, 118, 46, 9, 232, 118, 46, 9, 232, 161, 150, 56, 234, 40, 
53, 147, 114, 161, 150, 56, 71, 147, 114, 163, 118, 163, 145, 118, 46, 211, 58, 213, 53, 147, 18, 157, 21, 43, 162, 170, 147, 3, 246, 86, 
3, 128, 147, 114, 56, 150, 243, 
14, 3, 128, 34, 114, 56, 150, 161, 150, 56, 114, 150, 8, 130, 
34, 114, 56, 145, 118, 46, 118, 105, 
46, 114, 241, 
34, 114, 56, 145, 162, 43, 34, 114, 46, 34, 114, 46, 34, 114, 101, 
114, 46, 34, 43, 128, 34, 46, 114, 150, 134, 143, 
46, 34, 43, 128, 34, 46, 128, 34, 43, 128, 76, 145, 162, 170, 162, 74, 
46, 128, 43, 150, 8, 76, 145, 56, 176, 8, 150, 232, 66, 4, 99, 
150, 232, 66, 213, 25, 128, 34, 43, 150, 232, 66, 213, 25, 128, 76, 8, 176, 56, 145, 76, 145, 185, 
14, 3, 128, 43, 128, 25, 128, 76, 8, 150, 232, 66, 213, 123, 
213, 66, 25, 12, 29, 
56, 176, 8, 76, 8, 176, 56, 176, 8, 76, 8, 176, 56, 176, 8, 227, 
232, 170, 213, 25, 66, 25, 213, 56, 170, 213, 76, 128, 25, 170, 185, 
66, 219, 232, 6, 61, 
76, 213, 170, 232, 219, 179, 
43, 50, 66, 219, 232, 170, 213, 170, 232, 170, 213, 150, 170, 25, 66, 219, 176, 39, 229, 
8, 182, 66, 219, 176, 89, 8, 182, 66, 219, 212, 
8, 182, 170, 
176, 219, 182, 66, 4, 43, 176, 219, 200, 
10, 39, 176, 89, 8, 182, 66, 42, 176, 89, 8, 182, 66, 42, 176, 89, 219, 182, 170, 232, 89, 13, 182, 170, 232, 89, 8, 217, 
39, 176, 89, 232, 219, 182, 78, 
89, 13, 136, 66, 42, 176, 89, 13, 136, 162, 136, 89, 13, 146, 162, 17, 241, 
13, 89, 176, 162, 17, 141, 13, 162, 17, 13, 162, 17, 141, 115, 79, 
162, 61, 17, 141, 115, 13, 162, 61, 115, 141, 85, 115, 57, 81, 85, 141, 11, 115, 44, 
61, 17, 81, 57, 115, 85, 81, 57, 31, 131, 11, 52, 141, 11, 52, 57, 31, 131, 11, 52, 213, 203, 
115, 85, 81, 85, 141, 11, 131, 31, 131, 11, 75, 
131, 85, 31, 61, 17, 81, 139, 229, 
61, 139, 81, 11, 31, 85, 131, 52, 139, 159, 
139, 180, 131, 85, 9, 139, 180, 239, 11, 139, 180, 239, 61, 139, 220, 57, 52, 139, 229, 95, 
139, 61, 162, 216, 
156, 239, 52, 156, 239, 197, 146, 220, 180, 111, 245, 239, 156, 110, 
110, 156, 162, 227, 146, 220, 180, 111, 158, 
78, 245, 111, 180, 160, 
78, 245, 111, 156, 162, 197, 146, 220, 245, 111, 156, 162, 197, 146, 220, 245, 78, 197, 146, 103, 
78, 220, 146, 123, 156, 111, 180, 146, 245, 146, 123, 121, 1, 78, 45, 241, 
220, 72, 211, 126, 104, 208, 178, 54, 39, 120, 149, 106, 234, 123, 121, 37, 250, 250, 245, 
4, 99, 72, 211, 209, 229, 39, 35, 39, 229, 209, 211, 126, 104, 208, 178, 54, 39, 35, 242, 164, 237, 72, 246, 
4, 43, 50, 43, 21, 20, 235, 179, 36, 95, 229, 61, 209, 50, 43, 21, 20, 235, 179, 36, 95, 229, 61, 209, 50, 157, 47, 20, 235, 216, 
121, 37, 250, 250, 250, 37, 247, 4, 99, 71, 204, 154, 153, 31, 71, 204, 154, 153, 31, 71, 154, 141, 204, 56, 234, 123, 121, 100, 
182, 66, 4, 99, 71, 231, 59, 158, 
99, 4, 247, 37, 250, 250, 37, 247, 5, 126, 104, 1, 115, 
240, 208, 211, 126, 104, 211, 144, 125, 87, 39, 54, 178, 206, 125, 87, 39, 158, 
5, 247, 37, 240, 208, 178, 206, 125, 144, 211, 104, 210, 87, 95, 229, 23, 5, 62, 20, 235, 85, 9, 
37, 5, 62, 20, 153, 210, 
5, 23, 5, 56, 
123, 234, 106, 149, 120, 143, 206, 52, 
5, 59, 231, 28, 80, 237, 215, 156, 110, 
237, 215, 245, 
208, 240, 37, 121, 123, 146, 
71, 99, 28, 231, 59, 199, 36, 179, 35, 204, 240, 228, 
151, 33, 223, 
33, 151, 13, 89, 
99, 28, 80, 237, 215, 50, 199, 36, 54, 149, 106, 234, 62, 65, 
54, 149, 120, 143, 94, 15, 87, 39, 87, 18, 
196, 230, 215, 50, 230, 173, 68, 24, 23, 17, 212, 
5, 23, 24, 68, 173, 99, 28, 231, 59, 199, 106, 234, 215, 
198, 143, 120, 104, 210, 144, 125, 206, 178, 54, 35, 171, 247, 94, 15, 32, 
153, 20, 21, 156, 123, 229, 95, 198, 167, 83, 153, 45, 179, 35, 204, 45, 179, 36, 244, 
24, 68, 173, 230, 215, 237, 80, 171, 175, 196, 199, 225, 215, 188, 
83, 153, 210, 140, 175, 196, 198, 143, 120, 101, 
149, 120, 102, 225, 151, 33, 102, 15, 94, 80, 237, 24, 10, 39, 144, 102, 174, 
20, 126, 119, 175, 196, 112, 80, 167, 153, 83, 140, 175, 196, 230, 119, 126, 39, 
54, 7, 179, 36, 112, 80, 101, 167, 224, 102, 33, 140, 175, 119, 224, 210, 138, 98, 173, 228, 
199, 36, 179, 7, 54, 149, 120, 143, 224, 189, 
7, 179, 192, 59, 247, 98, 138, 112, 208, 190, 
123, 121, 123, 234, 101, 80, 93, 101, 192, 59, 174, 
93, 59, 192, 50, 90, 16, 98, 138, 125, 90, 95, 87, 6, 71, 217, 90, 95, 6, 232, 101, 94, 
241, 6, 87, 97, 119, 100, 215, 88, 165, 97, 149, 24, 181, 6, 178, 93, 
20, 6, 181, 45, 109, 94, 179, 35, 
232, 6, 181, 99, 217, 234, 123, 6, 37, 217, 153, 97, 165, 39, 191, 100, 91, 90, 
6, 181, 45, 109, 97, 165, 93, 209, 6, 20, 47, 191, 39, 225, 224, 100, 91, 148, 
6, 181, 135, 
42, 228, 6, 231, 35, 179, 181, 135, 217, 91, 204, 171, 191, 100, 91, 140, 225, 102, 
140, 91, 138, 237, 181, 135, 15, 87, 6, 217, 135, 181, 179, 15, 230, 88, 68, 191, 100, 91, 217, 19, 
232, 6, 228, 14, 229, 223, 88, 18, 
88, 165, 173, 109, 97, 165, 88, 217, 135, 100, 191, 39, 225, 88, 138, 245, 
173, 165, 88, 165, 104, 88, 217, 135, 242, 
217, 88, 217, 91, 191, 135, 93, 91, 204, 35, 
120, 88, 135, 100, 39, 
111, 88, 135, 100, 91, 217, 225, 
230, 173, 165, 230, 217, 223, 171, 191, 91, 181, 45, 109, 97, 191, 39, 
97, 109, 45, 181, 45, 109, 97, 165, 173, 109, 45, 181, 91, 217, 91, 100, 135, 191, 91, 100, 173, 165, 95, 230, 
97, 191, 91, 109, 217, 223, 171, 191, 91, 109, 217, 223, 171, 191, 173, 109, 97, 191, 91, 109, 91, 191, 173, 109, 217, 109, 97, 191, 91, 109, 217, 223, 171, 191, 171, 109, 88, 247, 
97, 215, 100, 109, 94, 97, 165, 100, 109, 217, 223, 200, 65, 88, 135, 191, 91, 181, 109, 164, 97, 181, 109, 100, 247, 37, 217, 109, 88, 135, 149, 97, 215, 100, 109, 217, 109, demand: 949:243,194,229,39,49,187,189,49,187,49,241,:0,0,0,0,6,19,17,10,20,0,0,
demand: 938:161,177,47,177,189,243,216,177,49,39,158,187,189,169,21,243,170,:0,13,3,0,2,19,0,16,1,0,17,20,10,9,5,18,0,
demand: 727:240,189,21,161,177,216,47,249,39,187,75,218,237,209,129,194,:0,14,16,0,15,0,11,0,0,20,9,2,0,0,7,0,
demand: 370:12,158,21,169,244,113,187,69,160,236,129,194,38,46,228,218,139,:0,15,6,20,5,12,14,9,16,18,4,0,8,0,0,13,0,
demand: 982:165,187,38,185,48,19,174,224,:0,20,11,6,12,0,19,0,
demand: 947:194,236,218,48,158,103,185,75,244,70,14,152,188,22,155,13,:0,14,11,6,10,3,17,20,18,5,19,16,8,0,0,0,
demand: 547:42,14,152,113,14,228,42,5,176,:0,8,7,10,19,6,12,0,0,
demand: 769:161,14,228,14,152,188,160,42,228,242,:0,2,12,0,16,9,15,19,6,0,
demand: 664:120,228,103,160,188,70,189,187,:0,9,17,4,13,14,0,0,
demand: 556:226,42,174,2,220,:0,18,4,0,0,
demand: 162:56,205,227,184,58,60,184,227,185,233,:0,17,1,9,8,19,6,18,15,0,
demand: 804:237,228,174,227,205,166,58,60,205,227,184,164,:0,11,4,12,7,9,18,0,19,10,13,0,
demand: 629:168,60,58,203,227,166,1,:0,0,9,16,11,5,0,
demand: 382:80,58,60,32,2,57,:0,18,10,2,0,0,
demand: 229:161,27,188,203,58,49,203,202,27,205,50,:0,12,10,17,1,20,3,8,9,4,0,
demand: 652:197,203,49,60,32,205,27,202,203,86,202,27,60,32,236,228,120,:0,8,0,1,6,14,18,9,16,19,2,13,4,12,20,15,0,
demand: 598:20,58,203,202,86,246,65,32,190,203,86,202,78,:0,15,11,1,14,5,17,19,16,2,10,18,0,
demand: 244:137,27,246,65,32,60,86,202,79,32,190,65,229,:0,8,11,7,9,15,12,3,13,4,14,6,0,
demand: 307:128,202,79,246,65,190,117,32,65,246,:0,10,5,14,2,8,11,0,3,0,
demand: 458:219,190,65,32,117,113,190,65,203,49,:0,17,2,0,6,20,18,8,0,0,
demand: 713:53,79,69,202,205,117,190,248,221,117,59,:0,8,20,2,15,5,4,10,19,7,0,
demand: 739:88,160,246,86,221,248,190,248,221,248,124,:0,20,17,6,18,7,16,0,5,0,0,
demand: 138:119,190,65,221,227,246,79,248,55,105,246,212,190,32,248,55,105,212,248,55,105,212,141,:0,15,16,1,20,18,6,17,7,19,8,11,2,0,4,13,3,14,9,12,5,10,0,
demand: 223:93,212,105,79,248,212,55,92,17,212,133,92,230,:0,15,14,0,8,4,2,3,0,11,9,6,0,
demand: 987:19,92,133,212,248,32,92,133,74,41,134,17,212,133,17,92,10,:0,12,5,20,4,0,11,7,19,17,1,0,16,18,0,2,0,
demand: 500:246,64,134,41,74,133,134,41,74,133,2,64,134,195,223,242,134,143,:0,19,3,11,10,1,18,13,2,20,4,12,6,17,16,14,8,0,
demand: 331:226,195,223,242,134,195,223,242,2,64,81,:0,17,2,10,4,18,3,5,8,0,0,
demand: 139:101,227,161,242,186,161,13,155,22,223,154,194,155,22,223,154,194,155,13,161,242,161,13,65,:0,0,0,11,16,0,0,17,0,6,0,4,15,0,7,0,9,8,0,0,1,0,0,0,
demand: 219:182,2,64,134,195,30,134,242,2,186,223,108,195,30,41,186,30,41,186,30,241,:0,10,8,0,9,6,1,5,13,18,15,19,3,2,11,17,20,4,16,14,0,
demand: 655:104,1,201,74,44,201,242,2,108,30,41,133,2,108,30,186,41,164,242,60,:0,16,18,2,14,3,1,10,19,13,7,11,9,6,5,20,8,4,17,0,
demand: 551:82,141,1,233,1,201,242,186,2,155,194,77,164,41,186,242,201,44,41,30,41,164,242,201,44,132,:0,0,14,19,0,12,1,15,16,5,18,17,9,20,0,0,6,3,8,11,0,7,10,4,13,0,
demand: 538:70,64,130,194,242,164,77,194,108,233,165,:0,9,5,12,4,7,11,16,13,2,0,
demand: 757:112,2,155,244,:0,10,16,0,
demand: 245:186,10,2,155,201,44,10,142,:0,9,15,18,1,10,13,0,
demand: 413:22,19,155,148,10,44,82,201,156,:0,5,7,16,2,17,4,13,0,
demand: 30:206,1,77,164,233,:0,10,12,0,0,
demand: 399:238,1,77,194,108,233,26,19,155,148,10,44,82,148,10,142,26,19,10,29,122,:0,19,10,6,1,12,17,7,14,4,13,16,5,20,18,2,11,9,8,0,0,
demand: 735:53,130,194,77,1,214,148,82,44,74,44,128,:0,7,0,19,3,14,10,9,4,20,0,0,
demand: 887:82,148,214,142,10,19,26,233,64,130,228,:0,9,16,10,14,7,3,6,1,13,0,
demand: 926:41,164,116,26,142,214,148,214,142,26,116,164,82,214,142,132,12,108,194,130,116,157,:0,1,7,13,17,18,9,0,6,2,4,3,5,15,14,8,16,20,0,12,10,0,
demand: 179:3,1,77,164,116,157,19,26,116,130,194,108,12,132,142,10,148,82,148,10,142,26,19,10,116,112,:0,18,6,0,9,2,20,0,5,7,0,0,17,3,12,1,11,8,0,14,0,4,13,10,19,0,
demand: 415:163,168,1,168,214,82,44,82,132,12,222,157,47,143,:0,0,15,19,3,0,20,0,9,2,12,16,0,0,
demand: 211:84,1,214,164,222,12,132,157,116,241,222,29,148,84,132,78,:0,3,20,15,9,17,8,19,11,5,16,7,10,2,18,0,
demand: 104:136,1,238,222,29,214,168,59,:0,18,17,6,2,4,12,0,
demand: 354:175,84,22,63,194,10,127,130,171,:0,6,7,16,15,4,3,10,0,
demand: 54:155,19,12,29,22,142,241,214,164,172,241,84,22,63,207,241,74,201,:0,10,4,17,8,20,7,13,11,12,6,18,19,16,5,3,0,0,
demand: 627:152,64,16,29,22,3,:0,20,17,19,0,0,
demand: 436:24,10,127,172,26,116,157,101,:0,20,13,19,14,0,4,0,
demand: 849:135,84,63,207,40,172,127,16,64,130,116,164,172,:0,9,7,10,19,8,2,18,0,14,15,0,0,
demand: 311:3,26,172,40,234,:0,4,6,16,0,
demand: 465:177,16,127,172,40,207,63,22,84,238,1,185,:0,13,3,0,9,4,0,8,1,2,0,0,
demand: 429:230,222,238,1,214,168,16,238,172,164,242,207,40,168,16,127,10,39,242,207,241,200,73,193,4,114,:0,10,17,0,20,8,3,16,1,0,0,12,7,19,6,14,15,0,0,2,13,11,9,5,0,0,
demand: 706:15,226,164,200,73,193,63,96,73,200,96,73,243,:0,9,20,6,12,15,1,11,7,19,17,8,0,
demand: 165:102,63,96,73,200,73,96,73,193,73,200,96,73,193,136,16,119,:0,1,5,8,19,0,7,0,13,0,18,6,0,16,3,14,0,
demand: 608:23,226,110,22,149,:0,3,5,4,0,
demand: 485:194,207,110,22,238,193,136,116,106,:0,1,5,15,10,18,2,20,0,
demand: 989:65,16,151,:0,1,0,
demand: 60:124,226,168,214,207,110,226,136,193,96,110,226,136,226,22,110,144,:0,16,12,0,9,10,7,11,20,1,17,0,19,18,13,2,0,
demand: 281:228,136,40,207,110,159,29,200,1,136,183,172,96,51,137,183,127,51,159,124,193,83,:0,18,0,13,5,19,20,11,0,17,2,10,14,6,3,8,4,7,16,9,1,0,
demand: 177:200,183,107,39,249,207,186,193,124,216,207,159,124,216,47,15,:0,19,6,0,12,14,0,4,17,11,10,8,2,7,0,0,
demand: 567:210,122,22,107,222,12,:0,13,4,3,0,0,
demand: 403:80,249,172,:0,17,0,
demand: 521:158,154,137,168,154,53,122,154,216,124,193,63,154,23,:0,12,17,20,19,1,8,6,14,9,0,10,4,0,
demand: 954:222,3,67,136,118,67,18,161,145,18,161,249,9,161,145,73,53,161,20,18,43,166,:0,5,4,15,11,12,9,3,7,19,0,2,6,17,0,10,16,13,0,8,1,0,
demand: 393:153,84,18,241,53,161,156,18,67,118,9,161,53,67,18,216,43,145,43,9,:0,10,14,20,12,19,0,13,18,4,16,9,3,11,8,0,6,5,0,0,
demand: 448:173,207,67,118,9,161,147,53,67,118,9,161,147,53,67,118,9,25,18,163,137,62,:0,20,3,11,15,8,13,14,9,16,1,10,7,17,18,19,5,12,4,6,2,0,
demand: 218:16,3,67,53,147,161,147,53,216,:0,8,14,6,3,16,0,1,0,
demand: 3:133,3,67,18,67,53,67,194,:0,15,6,12,0,13,18,0,
demand: 141:236,9,25,96,9,25,18,163,194,207,:0,1,6,20,7,18,16,17,0,0,
demand: 875:238,3,67,136,193,73,:0,13,8,0,0,0,
demand: 248:133,183,18,163,118,9,232,6,87,:0,20,12,16,8,10,6,0,0,
demand: 367:17,3,67,53,161,53,147,53,67,3,67,145,18,163,236,:0,20,17,0,1,0,9,0,0,13,2,0,18,7,0,
demand: 663:90,3,163,18,25,18,163,118,18,157,21,161,35,170,145,11,:0,10,14,4,20,0,3,8,19,0,0,1,0,5,9,0,
demand: 873:131,118,163,145,18,145,170,186,161,186,170,145,163,161,:0,17,20,0,18,3,5,0,11,0,0,2,13,0,
demand: 405:229,118,163,145,118,163,145,118,46,9,232,118,46,9,232,161,150,56,234,40,:0,13,16,10,4,19,2,20,6,17,9,8,18,12,7,14,5,11,0,0,
demand: 910:241,53,147,114,161,150,56,71,147,114,163,118,163,145,118,46,211,58,213,53,147,18,157,21,43,162,170,147,3,246,86,:0,0,4,13,6,19,11,0,7,3,0,9,16,1,0,10,0,0,20,0,18,2,0,0,17,0,5,8,14,0,0,
demand: 269:162,3,128,147,114,56,150,243,:0,4,13,12,20,17,3,0,
demand: 871:229,14,3,128,34,114,56,150,161,150,56,114,150,8,130,:0,0,1,12,9,2,14,17,8,0,3,18,4,11,0,
demand: 82:240,34,114,56,145,118,46,118,105,:0,11,17,6,13,0,5,0,0,
demand: 711:9,46,114,241,:0,4,20,0,
demand: 971:79,34,114,56,145,162,43,34,114,46,34,114,46,34,114,101,:0,5,20,10,12,0,6,13,16,4,11,7,15,9,0,0,
demand: 660:22,114,46,34,43,128,34,46,114,150,134,143,:0,7,14,11,12,15,19,13,4,16,0,0,
demand: 499:109,46,34,43,128,34,46,128,34,43,128,76,145,162,170,162,74,:0,13,9,4,8,5,18,10,16,2,3,19,17,0,20,0,0,
demand: 905:196,46,128,43,150,8,76,145,56,176,8,150,232,66,4,99,:0,20,10,13,8,1,3,17,6,18,15,5,9,16,0,0,
demand: 591:1,150,232,66,213,25,128,34,43,150,232,66,213,25,128,76,8,176,56,145,76,145,185,:0,18,2,15,16,5,9,0,20,8,14,17,7,11,19,13,6,4,12,0,3,0,0,
demand: 313:34,14,3,128,43,128,25,128,76,8,150,232,66,213,123,:0,0,2,15,20,0,19,18,8,3,0,11,10,14,0,
demand: 723:52,213,66,25,12,29,:0,13,8,10,0,0,
demand: 511:104,56,176,8,76,8,176,56,176,8,76,8,176,56,176,8,227,:0,4,19,14,2,0,20,1,0,6,8,0,18,10,0,16,0,
demand: 845:172,232,170,213,25,66,25,213,56,170,213,76,128,25,170,185,:0,6,2,7,12,9,0,15,10,19,3,13,0,11,17,0,
demand: 776:26,66,219,232,6,61,:0,4,7,12,0,0,
demand: 976:184,76,213,170,232,219,179,:0,4,10,13,16,7,0,
demand: 888:138,43,50,66,219,232,170,213,170,232,170,213,150,170,25,66,219,176,39,229,:0,9,0,6,17,13,11,10,0,16,8,3,2,7,0,4,12,15,0,0,
demand: 604:71,8,182,66,219,176,89,8,182,66,219,212,:0,1,17,7,10,3,12,9,19,16,15,0,
demand: 428:132,8,182,170,:0,20,13,0,
demand: 210:171,176,219,182,66,4,43,176,219,200,:0,19,1,8,6,0,14,5,15,0,
demand: 216:127,10,39,176,89,8,182,66,42,176,89,8,182,66,42,176,89,219,182,170,232,89,13,182,170,232,89,8,217,:0,0,0,8,18,2,15,6,0,12,5,0,3,20,0,4,17,7,19,0,0,14,11,1,0,0,13,16,0,
demand: 380:242,39,176,89,232,219,182,78,:0,0,0,15,0,10,14,0,
demand: 50:58,89,13,136,66,42,176,89,13,136,162,136,89,13,146,162,17,241,:0,11,1,0,9,0,0,20,8,0,13,0,5,12,0,7,4,0,
demand: 672:18,13,89,176,162,17,141,13,162,17,13,162,17,141,115,79,:0,14,0,2,20,5,7,16,12,4,9,11,10,3,6,0,
demand: 929:51,162,61,17,141,115,13,162,61,115,141,85,115,57,81,85,141,11,115,44,:0,16,5,19,10,3,15,17,12,1,8,18,14,7,11,6,4,9,20,0,
demand: 925:76,61,17,81,57,115,85,81,57,31,131,11,52,141,11,52,57,31,131,11,52,213,203,:0,17,2,16,5,10,15,11,8,13,14,18,19,20,4,12,1,3,9,6,7,0,0,
demand: 167:1,115,85,81,85,141,11,131,31,131,11,75,:0,8,3,18,0,0,14,11,10,0,9,0,
demand: 714:174,131,85,31,61,17,81,139,229,:0,18,20,6,7,0,14,17,0,
demand: 84:228,61,139,81,11,31,85,131,52,139,159,:0,14,11,3,18,7,8,5,20,9,0,
demand: 934:15,139,180,131,85,9,139,180,239,11,139,180,239,61,139,220,57,52,139,229,95,:0,6,1,9,2,0,8,14,19,20,10,15,18,0,11,4,16,0,17,0,0,
demand: 909:88,139,61,162,216,:0,15,0,0,0,
demand: 783:98,156,239,52,156,239,197,146,220,180,111,245,239,156,110,:0,10,18,16,12,5,13,8,9,6,1,2,4,20,0,
demand: 404:226,110,156,162,227,146,220,180,111,158,:0,0,9,0,0,2,12,6,10,0,
demand: 599:45,78,245,111,180,160,:0,5,14,19,15,0,
demand: 712:137,78,245,111,156,162,197,146,220,245,111,156,162,197,146,220,245,78,197,146,103,:0,13,19,20,10,0,15,4,16,12,8,17,0,6,1,5,14,18,7,11,0,
demand: 85:27,78,220,146,123,156,111,180,146,245,146,123,121,1,78,45,241,:0,9,6,13,5,10,2,0,3,20,14,17,7,0,16,1,0,
demand: 656:126,220,72,211,126,104,208,178,54,39,120,149,106,234,123,121,37,250,250,245,:0,16,19,17,11,18,7,13,4,5,20,10,2,1,14,15,8,6,3,0,
demand: 665:186,4,99,72,211,209,229,39,35,39,229,209,211,126,104,208,178,54,39,35,242,164,237,72,246,:0,6,19,12,18,1,7,20,10,0,11,15,14,9,3,5,4,17,2,16,0,0,13,8,0,
demand: 250:99,4,43,50,43,21,20,235,179,36,95,229,61,209,50,43,21,20,235,179,36,95,229,61,209,50,157,47,20,235,216,:0,2,0,17,0,0,3,4,11,10,1,8,0,14,15,0,0,12,13,18,20,19,6,0,5,7,0,0,9,16,0,
demand: 820:123,121,37,250,250,250,37,247,4,99,71,204,154,153,31,71,204,154,153,31,71,154,141,204,56,234,123,121,100,:0,13,14,6,2,4,16,19,7,17,12,8,0,5,0,11,18,0,10,0,20,0,0,15,0,1,9,3,0,
demand: 78:170,182,66,4,99,71,231,59,158,:0,0,0,7,11,1,19,5,0,
demand: 533:75,99,4,247,37,250,250,37,247,5,126,104,1,115,:0,0,8,3,14,10,9,16,1,7,2,12,0,0,
demand: 816:34,240,208,211,126,104,211,144,125,87,39,54,178,206,125,87,39,158,:0,10,3,5,19,14,12,20,7,15,1,16,11,13,8,18,6,0,
demand: 923:79,5,247,37,240,208,178,206,125,144,211,104,210,87,95,229,23,5,62,20,235,85,9,:0,8,15,7,5,16,17,10,13,2,20,9,4,11,19,6,1,14,12,18,3,0,0,
demand: 734:240,37,5,62,20,153,210,:0,0,12,1,17,16,0,
demand: 517:215,5,23,5,56,:0,11,19,0,0,
demand: 105:156,123,234,106,149,120,143,206,52,:0,8,9,17,16,15,12,19,0,
demand: 824:38,5,59,231,28,80,237,215,156,110,:0,6,8,10,4,19,18,13,0,0,
demand: 192:186,237,215,245,:0,15,5,0,
demand: 144:141,208,240,37,121,123,146,:0,17,8,16,0,0,0,
demand: 595:8,71,99,28,231,59,199,36,179,35,204,240,228,:0,11,17,2,4,6,8,5,12,7,10,15,0,
demand: 593:150,151,33,223,:0,2,4,0,
demand: 904:81,33,151,13,89,:0,2,19,0,0,
demand: 233:71,99,28,80,237,215,50,199,36,54,149,106,234,62,65,:0,16,18,14,9,17,13,5,6,8,11,7,3,20,0,
demand: 895:39,54,149,120,143,94,15,87,39,87,18,:0,0,13,1,7,12,18,4,17,0,0,
demand: 113:175,196,230,215,50,230,173,68,24,23,17,212,:0,5,12,9,16,2,18,19,1,15,0,0,
demand: 277:119,5,23,24,68,173,99,28,231,59,199,106,234,215,:0,9,11,6,5,7,15,0,1,10,17,12,14,0,
demand: 872:167,198,143,120,104,210,144,125,206,178,54,35,171,247,94,15,32,:0,19,15,9,11,17,8,0,20,6,3,5,13,16,12,18,0,
demand: 688:9,153,20,21,156,123,229,95,198,167,83,153,45,179,35,204,45,179,36,244,:0,11,8,0,0,7,12,9,13,15,5,2,1,10,20,17,19,14,6,0,
demand: 191:159,24,68,173,230,215,237,80,171,175,196,199,225,215,188,:0,16,15,12,6,10,17,1,2,18,11,20,13,9,0,
demand: 600:216,83,153,210,140,175,196,198,143,120,101,:0,8,16,12,13,20,19,15,10,17,0,
demand: 142:1,149,120,102,225,151,33,102,15,94,80,237,24,10,39,144,102,174,:0,1,10,8,5,20,7,19,18,11,4,6,12,0,17,9,13,0,
demand: 693:128,20,126,119,175,196,112,80,167,153,83,140,175,196,230,119,126,39,:0,17,3,13,6,7,8,20,2,10,4,5,12,11,14,15,9,0,
demand: 630:26,54,7,179,36,112,80,101,167,224,102,33,140,175,119,224,210,138,98,173,228,:0,10,19,11,14,5,9,12,8,1,4,3,7,17,6,20,18,2,13,16,0,
demand: 612:59,199,36,179,7,54,149,120,143,224,189,:0,0,3,0,13,6,0,0,7,8,0,
demand: 171:207,7,179,192,59,247,98,138,112,208,190,:0,4,14,2,6,11,8,1,15,16,0,
demand: 760:153,123,121,123,234,101,80,93,101,192,59,174,:0,11,9,0,16,15,14,12,19,4,3,0,
demand: 751:146,93,59,192,50,90,16,98,138,125,90,95,87,6,71,217,90,95,6,232,101,94,:0,13,14,18,9,12,0,19,11,3,15,6,17,2,7,5,8,16,4,0,20,0,
demand: 326:142,241,6,87,97,119,100,215,88,165,97,149,24,181,6,178,93,:0,0,4,14,19,20,5,11,15,1,18,9,7,13,12,16,0,
demand: 876:62,20,6,181,45,109,94,179,35,:0,10,15,8,6,2,11,0,0,
demand: 552:57,232,6,181,99,217,234,123,6,37,217,153,97,165,39,191,100,91,90,:0,0,13,12,16,8,6,9,2,7,15,17,4,18,11,19,1,5,0,
demand: 292:246,6,181,45,109,97,165,93,209,6,20,47,191,39,225,224,100,91,148,:0,20,1,6,19,5,18,3,14,12,10,0,8,9,7,16,15,4,0,
demand: 779:27,6,181,135,:0,12,18,0,
demand: 467:39,42,228,6,231,35,179,181,135,217,91,204,171,191,100,91,140,225,102,:0,0,0,18,10,6,9,20,8,15,2,3,16,1,4,12,14,17,0,
demand: 42:141,140,91,138,237,181,135,15,87,6,217,135,181,179,15,230,88,68,191,100,91,217,19,:0,10,4,16,6,18,8,11,0,5,2,12,20,17,7,14,19,9,3,15,13,1,0,
demand: 810:93,232,6,228,14,229,223,88,18,:0,0,2,0,0,6,0,8,0,
demand: 298:109,88,165,173,109,97,165,88,217,135,100,191,39,225,88,138,245,:0,7,12,17,19,2,3,11,4,13,18,20,9,14,5,6,0,
demand: 158:169,173,165,88,165,104,88,217,135,242,:0,17,0,7,1,14,11,12,19,0,
demand: 447:223,217,88,217,91,191,135,93,91,204,35,:0,0,16,8,1,15,7,14,11,9,0,
demand: 122:72,120,88,135,100,39,:0,6,1,20,16,0,
demand: 869:245,111,88,135,100,91,217,225,:0,0,18,12,19,1,2,0,
demand: 931:25,230,173,165,230,217,223,171,191,91,181,45,109,97,191,39,:0,10,9,11,17,4,0,14,18,12,20,0,1,13,7,0,
demand: 304:61,97,109,45,181,45,109,97,165,173,109,45,181,91,217,91,100,135,191,91,100,173,165,95,230,:0,10,15,0,7,0,0,19,17,0,2,0,4,0,18,0,1,20,8,0,11,0,13,9,0,
demand: 784:114,97,191,91,109,217,223,171,191,171,109,88,247,:0,11,7,0,18,4,0,0,19,9,6,16,0,
Average Delay: 13.92361111111111
Runtime (mS): 437573Acceptation rate: 0.96