20, 61, 69, 39, 67, 3, 50, 39, 69, 61, 83, 7, 27, 36, 96, 
36, 61, 83, 39, 69, 3, 68, 17, 27, 
11, 36, 1, 68, 17, 99, 68, 41, 
69, 7, 93, 67, 58, 39, 99, 36, 88, 51, 58, 17, 30, 71, 45, 84, 
12, 47, 71, 45, 12, 93, 45, 39, 58, 59, 
12, 45, 71, 30, 71, 45, 12, 2, 45, 12, 68, 17, 64, 
74, 12, 45, 88, 36, 91, 
71, 53, 51, 2, 58, 45, 84, 71, 30, 34, 12, 69, 2, 77, 71, 70, 77, 2, 98, 
17, 95, 71, 2, 12, 17, 98, 2, 40, 
98, 2, 71, 47, 90, 65, 88, 45, 47, 
42, 15, 98, 15, 58, 42, 15, 56, 85, 30, 94, 16, 97, 16, 70, 60, 84, 53, 
22, 98, 14, 42, 21, 46, 42, 21, 46, 42, 94, 30, 
14, 42, 21, 46, 42, 94, 22, 21, 4, 
47, 90, 65, 94, 22, 12, 74, 
22, 94, 65, 90, 46, 
47, 90, 14, 42, 22, 
94, 22, 98, 97, 39, 96, 70, 42, 97, 41, 52, 
95, 42, 14, 98, 14, 73, 41, 11, 73, 14, 42, 95, 56, 
22, 97, 42, 70, 41, 47, 53, 56, 41, 38, 47, 53, 56, 38, 21, 90, 
16, 70, 60, 84, 53, 84, 60, 24, 
demand: 910:97,20,61,69,39,67,3,50,39,69,61,83,7,27,36,96,:0,0,13,4,12,6,7,8,14,3,10,9,2,0,11,0,
demand: 530:95,36,61,83,39,69,3,68,17,27,:0,14,3,5,0,4,10,8,13,0,
demand: 489:59,11,36,1,68,17,99,68,41,:0,0,3,0,1,6,2,11,0,
demand: 815:48,69,7,93,67,58,39,99,36,88,51,58,17,30,71,45,84,:0,9,5,15,10,7,3,6,4,13,0,11,8,2,1,14,0,
demand: 259:74,12,47,71,45,12,93,45,39,58,59,:0,11,0,12,2,7,8,14,4,10,0,
demand: 718:92,12,45,71,30,71,45,12,2,45,12,68,17,64,:0,7,14,15,4,0,13,11,12,2,1,0,8,0,
demand: 247:81,74,12,45,88,36,91,:0,0,2,0,10,0,0,
demand: 96:95,71,53,51,2,58,45,84,71,30,34,12,69,2,77,71,70,77,2,98,:0,7,0,0,11,4,12,0,0,5,0,9,0,1,0,15,13,0,14,0,
demand: 145:12,17,95,71,2,12,17,98,2,40,:0,0,0,7,10,6,0,11,5,0,
demand: 406:14,98,2,71,47,90,65,88,45,47,:0,11,0,8,1,14,15,4,9,0,
demand: 337:17,42,15,98,15,58,42,15,56,85,30,94,16,97,16,70,60,84,53,:0,8,0,7,0,3,12,0,2,0,4,10,0,15,0,5,0,0,0,
demand: 27:43,22,98,14,42,21,46,42,21,46,42,94,30,:0,7,14,12,3,8,15,9,6,13,4,0,0,
demand: 819:98,14,42,21,46,42,94,22,21,4,:0,14,9,4,11,2,12,3,8,0,
demand: 103:18,47,90,65,94,22,12,74,:0,11,1,13,3,15,0,0,
demand: 40:19,22,94,65,90,46,:0,1,9,15,7,0,
demand: 76:45,47,90,14,42,22,:0,8,9,12,4,0,
demand: 631:65,94,22,98,97,39,96,70,42,97,41,52,:0,1,7,3,14,0,0,13,4,11,15,0,
demand: 998:23,95,42,14,98,14,73,41,11,73,14,42,95,56,:0,0,3,0,9,12,0,6,2,0,0,0,0,0,
demand: 621:91,22,97,42,70,41,47,53,56,41,38,47,53,56,38,21,90,:0,5,6,9,11,2,1,3,7,15,13,10,12,4,14,8,0,
demand: 19:6,16,70,60,84,53,84,60,24,:0,0,13,0,0,7,0,0,0,
Average Delay: 11.4
Runtime (mS): 4971Acceptation rate: 1.0