demand: 753:133,133,133,133,133,41,41,41,41,41,106,:3,8,10,6,7,2,1,5,4,9,0,
demand: 17:82,82,82,48,48,48,183,183,111,20,:1,10,7,6,2,5,4,8,0,0,
demand: 909:141,141,141,141,230,4,4,4,4,56,:10,2,3,4,8,9,6,7,1,0,
demand: 981:164,164,164,51,51,207,:6,5,8,9,4,0,
demand: 653:221,221,221,132,132,93,:8,1,4,9,2,0,
demand: 194:70,70,70,70,48,48,48,149,:1,7,8,9,6,5,4,0,
demand: 315:128,128,128,197,:3,6,2,9,
demand: 725:137,137,137,137,76,76,76,76,185,185,110,:3,6,8,10,2,7,1,4,9,5,0,
demand: 97:172,172,172,172,172,14,14,:7,4,3,8,1,5,6,
demand: 925:190,190,190,190,44,44,44,44,65,65,105,:8,4,7,1,10,3,2,5,6,9,0,
demand: 684:10,10,10,10,10,96,96,96,203,203,:3,2,8,10,9,6,5,4,1,7,
demand: 278:132,132,132,78,51,:1,6,4,3,0,
demand: 764:126,126,126,219,219,237,237,237,84,:5,10,1,4,3,9,8,6,0,
demand: 342:219,219,219,195,195,45,45,2,2,33,237,:6,8,5,9,7,2,1,10,3,4,0,
demand: 421:152,152,152,152,45,:8,6,4,9,0,
demand: 218:151,151,151,151,151,178,178,178,178,178,92,:9,1,6,8,4,10,7,5,3,2,0,
demand: 790:28,28,28,28,28,28,183,183,183,:8,4,7,6,2,1,5,10,3,
demand: 472:158,158,241,241,55,:1,2,5,9,4,
demand: 515:40,40,40,40,51,51,23,23,23,:3,5,4,2,8,1,10,6,7,
demand: 492:204,204,204,204,108,108,108,120,:7,2,8,5,3,9,1,0,
demand: 922:110,110,110,49,49,:4,7,10,9,8,
demand: 508:159,159,159,159,159,44,44,43,43,:8,7,5,6,1,9,10,2,3,
demand: 765:104,104,104,138,138,160,23,:4,7,1,8,3,0,0,
demand: 696:77,81,:9,8,
demand: 585:24,24,24,24,7,7,224,:8,4,1,9,6,3,0,
demand: 463:205,205,205,205,234,:4,3,7,2,0,
demand: 339:38,38,38,38,106,106,106,106,48,:6,8,7,1,2,3,9,4,0,
demand: 391:74,74,74,10,91,:1,10,4,0,0,
demand: 117:51,51,249,249,:6,4,5,7,
demand: 979:172,172,175,:10,1,7,
demand: 33:127,127,127,127,27,27,156,156,156,156,:6,2,5,1,3,8,9,10,4,7,
demand: 548:150,150,150,62,:1,8,10,0,
demand: 669:47,47,47,47,46,46,46,46,237,43,219,:10,5,8,9,3,6,4,2,1,7,0,
demand: 219:55,55,216,:5,2,0,
demand: 228:250,250,250,250,250,43,43,221,221,221,:8,6,4,3,2,10,5,1,9,7,
demand: 994:15,15,15,15,132,132,132,65,240,:9,8,10,4,7,6,3,1,0,
demand: 347:32,32,32,1,115,:7,4,1,3,9,
demand: 878:166,166,166,166,166,130,130,:3,1,2,4,6,5,10,
demand: 886:52,52,52,52,52,58,58,:10,3,4,2,8,1,7,
demand: 507:143,143,143,211,:6,4,9,0,
demand: 625:8,222,:5,0,
demand: 624:162,162,145,145,:8,3,9,10,
demand: 594:129,163,:1,0,
demand: 663:118,118,118,118,106,106,109,109,14,:4,1,10,5,8,7,3,6,0,
demand: 728:95,95,175,:3,6,0,
demand: 28:219,33,48,56,179,:0,6,0,0,0,
demand: 710:183,183,183,16,42,:6,1,9,4,0,
demand: 139:160,160,160,160,70,70,247,:2,6,10,7,8,4,9,
demand: 861:116,116,116,116,102,:6,5,10,1,9,
demand: 269:137,137,137,135,244,:4,6,3,0,0,
demand: 153:201,201,201,201,201,201,117,117,117,:9,7,4,1,8,10,6,3,5,
demand: 166:122,174,:3,0,
demand: 907:46,46,46,58,58,58,48,162,151,:1,5,7,10,8,2,6,0,0,
demand: 355:65,65,65,240,240,165,165,165,165,145,:10,5,4,6,8,2,3,1,7,0,
demand: 409:56,56,56,37,:9,8,5,7,
demand: 836:126,34,34,34,34,75,75,75,75,:0,1,2,5,4,6,9,7,8,
demand: 823:170,170,170,170,170,122,122,122,122,122,159,:10,1,4,2,7,5,8,3,6,9,0,
demand: 443:120,120,120,120,223,223,223,223,158,98,:9,3,2,6,8,5,4,1,10,7,
demand: 795:189,189,189,240,240,240,30,30,22,:6,9,3,2,8,1,10,4,0,
demand: 809:250,54,54,54,90,90,151,:0,3,8,6,10,5,0,
demand: 369:50,208,:9,0,
demand: 784:129,129,129,141,:8,6,1,7,
demand: 535:181,24,76,122,:6,0,0,0,
demand: 547:62,62,62,5,203,:3,1,4,7,0,
demand: 929:65,169,169,169,166,166,58,75,:0,7,5,1,3,2,9,0,
demand: 404:173,192,:7,0,
demand: 147:220,203,211,143,:1,0,0,0,
demand: 940:220,220,220,125,28,:10,1,5,0,0,
demand: 868:232,232,45,45,196,204,:4,2,6,7,10,0,
demand: 862:175,175,175,175,94,:4,3,1,8,0,
demand: 486:130,130,155,155,173,173,173,43,:2,4,5,6,7,10,8,0,
demand: 980:109,182,182,182,56,179,179,179,95,:0,3,6,8,5,1,10,4,0,
demand: 449:193,193,222,:9,5,0,
demand: 972:139,139,139,28,244,:6,8,7,0,0,
demand: 693:73,73,73,73,69,69,69,69,76,76,122,186,:1,6,7,2,4,8,3,9,10,5,0,0,
demand: 566:238,238,238,238,225,225,58,:6,1,4,7,2,10,0,
demand: 66:13,13,13,54,54,250,:3,1,6,9,8,0,
demand: 388:122,122,122,186,49,:2,7,3,6,0,
demand: 984:175,20,20,20,57,:0,1,6,9,0,
demand: 322:171,171,171,171,3,3,190,:6,4,10,7,2,9,0,
demand: 766:18,18,18,74,48,165,165,17,17,17,:2,7,4,1,9,8,3,5,10,6,
demand: 797:132,63,63,63,63,63,146,146,146,146,:2,4,1,7,9,10,3,6,5,8,
demand: 542:155,155,155,155,8,8,60,60,60,:4,6,10,8,3,9,1,7,2,
demand: 562:59,202,:9,5,
demand: 38:64,166,:1,0,
demand: 422:1,216,216,216,:0,9,6,8,
demand: 223:78,121,121,121,76,122,122,122,170,173,:0,9,8,6,3,2,4,1,5,0,
demand: 279:46,46,46,164,:9,5,3,0,
demand: 103:178,178,178,13,13,:10,8,6,9,7,
demand: 27:200,200,200,200,241,241,241,176,176,76,:10,7,8,5,3,6,9,2,4,0,
demand: 528:184,184,184,5,233,:4,5,3,0,0,
demand: 900:42,42,79,79,179,179,16,56,165,17,223,:6,8,10,3,2,7,4,0,0,0,0,
demand: 812:158,158,49,49,:1,6,10,3,
demand: 998:237,132,3,:0,9,1,
demand: 412:163,163,163,98,98,98,167,167,167,:3,5,6,1,10,9,7,8,2,
demand: 665:109,38,38,36,:0,10,1,0,
demand: 340:114,114,114,240,240,240,247,247,247,74,44,202,:10,8,7,1,6,5,3,2,9,4,0,0,
demand: 183:242,242,242,242,80,:6,10,9,8,3,
demand: 252:186,186,186,168,:2,5,10,0,
demand: 920:94,94,94,94,14,177,177,177,:6,5,8,9,7,4,2,3,
demand: 49:203,203,203,28,28,28,60,97,:2,8,9,7,5,6,10,0,
Average Delay: 3.1
Runtime (mS): 29700Acceptation rate: 1.0