demand: 753:133,133,133,133,133,41,41,41,41,41,106,:3,8,10,6,7,2,1,5,4,9,0,
demand: 17:82,82,82,48,48,48,183,183,111,20,:1,10,7,6,2,5,4,8,0,0,
demand: 909:141,141,141,141,230,4,4,4,4,56,:10,2,3,4,8,9,6,7,1,0,
demand: 981:164,164,164,51,51,207,:6,5,8,9,4,0,
demand: 653:221,221,221,132,132,93,:8,1,4,9,2,0,
demand: 194:70,70,70,70,48,48,48,149,:1,7,8,9,6,5,4,0,
demand: 315:128,128,128,197,:3,6,2,9,
demand: 725:137,137,137,137,76,76,76,76,185,185,110,:3,6,8,10,2,7,1,4,9,5,0,
demand: 97:172,172,172,172,172,14,14,:7,4,3,8,1,5,6,
demand: 925:190,190,190,190,44,44,44,44,65,65,105,:8,4,7,1,10,3,2,5,6,9,0,
demand: 684:10,10,10,10,10,96,96,96,203,203,:3,2,8,10,9,6,5,4,1,7,
demand: 278:132,132,132,78,51,:1,6,4,3,0,
demand: 764:126,126,126,219,219,237,237,237,84,:5,10,1,4,3,9,8,6,0,
demand: 342:219,219,219,195,195,45,45,2,2,33,237,:6,8,5,9,7,2,1,10,3,4,0,
demand: 421:152,152,152,152,45,:8,6,4,9,0,
demand: 218:151,151,151,151,151,178,178,178,178,178,92,:9,1,6,8,4,10,7,5,3,2,0,
demand: 790:28,28,28,28,28,28,183,183,183,:8,4,7,6,2,1,5,10,3,
demand: 472:158,158,241,241,55,:1,2,5,9,4,
demand: 515:40,40,40,40,51,51,23,23,23,:3,5,4,2,8,1,10,6,7,
demand: 492:204,204,204,204,108,108,108,120,:7,2,8,5,3,9,1,0,
demand: 922:110,110,110,49,49,:4,7,10,9,8,
demand: 237:56,56,56,56,56,3,3,3,3,115,:6,4,9,2,1,8,3,10,7,5,
demand: 550:66,66,66,66,9,9,189,189,189,:4,1,7,3,9,8,10,5,2,
demand: 496:219,43,43,44,67,190,:0,3,6,10,1,0,
demand: 836:132,132,132,15,15,86,:3,5,1,7,10,0,
demand: 554:212,212,212,134,90,:7,8,5,0,0,
demand: 96:28,28,125,125,125,65,65,65,65,235,:7,4,3,10,1,2,8,6,9,0,
demand: 297:208,202,202,43,43,43,:9,8,6,3,2,5,
demand: 4:246,246,246,246,1,1,149,149,149,149,:6,5,3,9,10,8,2,4,7,1,
demand: 160:88,247,247,247,247,240,240,:5,2,9,6,8,1,10,
demand: 231:215,215,215,215,215,4,4,31,31,:5,10,7,6,8,3,2,4,9,
demand: 143:93,93,2,139,:10,7,0,0,
demand: 884:141,56,17,17,113,:0,0,3,6,2,
demand: 860:41,117,117,117,117,106,106,106,106,111,:0,7,2,4,9,6,8,1,3,5,
demand: 319:185,38,38,38,129,:7,1,8,10,0,
demand: 788:90,90,90,134,134,134,162,240,240,65,:7,9,1,6,2,5,4,8,10,0,
demand: 737:187,187,187,52,52,:5,8,2,3,9,
demand: 580:133,58,58,58,58,46,46,46,46,49,49,172,:0,3,7,1,10,9,4,6,5,8,2,0,
demand: 321:29,45,45,45,45,45,118,118,118,:10,7,3,6,8,1,5,4,9,
demand: 346:82,28,48,:0,5,0,
demand: 545:87,48,106,182,182,182,:7,2,10,4,5,9,
demand: 767:169,245,:7,0,
demand: 410:144,134,:4,0,
demand: 528:107,107,16,:7,9,0,
demand: 577:199,199,199,6,6,161,:6,10,8,7,2,0,
demand: 150:215,79,79,230,:0,3,6,0,
demand: 991:249,249,249,249,21,21,37,37,37,:9,3,1,8,10,6,5,7,2,
demand: 987:81,159,:1,0,
demand: 495:117,109,14,51,51,:10,4,5,1,3,
demand: 288:235,235,235,235,138,:6,7,9,1,0,
demand: 986:86,86,86,86,86,143,143,143,143,:6,1,8,10,5,2,7,3,4,
demand: 742:67,67,67,67,67,67,198,198,:6,7,8,2,1,3,10,5,
demand: 312:243,243,243,243,17,17,235,235,235,235,:3,10,4,9,5,1,6,2,8,7,
demand: 69:24,24,24,24,104,104,104,104,134,134,162,:6,4,5,9,2,3,7,8,10,1,0,
demand: 885:95,95,95,157,157,134,134,134,134,128,:6,1,7,10,3,5,9,8,4,0,
demand: 262:15,15,15,38,38,38,91,91,91,:3,1,4,10,7,8,2,5,6,
demand: 275:113,112,112,112,112,:0,4,10,8,7,
demand: 167:38,38,38,157,:1,3,6,0,
demand: 117:143,40,:4,10,
demand: 990:123,123,123,123,4,:6,4,10,9,7,
demand: 717:11,11,196,196,241,:9,2,10,3,7,
demand: 268:246,4,77,77,:3,2,10,8,
demand: 94:166,166,166,166,166,169,169,169,169,169,207,:10,3,5,9,1,7,6,4,8,2,0,
demand: 258:190,67,67,74,74,238,:0,2,9,4,10,0,
demand: 98:118,118,232,232,232,:5,6,1,7,2,
demand: 118:10,16,16,16,:0,1,3,5,
demand: 893:29,203,203,203,203,220,220,220,220,192,:0,9,2,3,5,7,1,10,4,6,
demand: 557:39,39,39,39,39,57,:6,2,4,5,7,10,
demand: 965:244,240,240,240,240,206,206,206,88,:10,9,6,7,3,8,1,5,0,
demand: 972:143,7,7,7,7,248,248,248,:2,1,3,9,7,4,5,8,
demand: 927:88,166,166,46,46,46,24,24,:1,7,5,8,4,10,6,3,
demand: 463:132,65,103,103,:0,0,1,4,
demand: 913:99,99,99,4,:7,8,3,0,
demand: 642:68,68,68,122,122,185,:3,7,9,1,4,0,
demand: 369:29,225,225,225,58,58,58,21,:0,3,5,1,6,9,4,2,
demand: 582:78,79,79,79,79,179,179,179,82,:3,5,1,7,9,2,8,10,0,
demand: 569:7,7,108,87,:1,7,2,10,
demand: 438:243,191,191,191,191,191,25,25,25,25,25,:0,6,4,3,8,7,1,10,9,2,5,
demand: 351:121,121,121,121,154,:6,8,4,2,0,
demand: 664:231,231,231,33,223,223,200,200,200,:1,4,6,3,8,2,9,10,5,
demand: 86:172,173,173,173,173,36,36,36,:1,4,8,5,9,3,6,2,
demand: 685:169,34,34,34,34,32,32,:0,8,3,9,10,6,7,
demand: 400:157,157,103,:9,5,10,
demand: 566:193,193,193,22,22,108,:8,2,10,7,3,0,
demand: 294:171,171,171,171,171,105,:10,9,5,8,1,3,
demand: 977:250,250,250,250,62,:4,10,2,3,0,
demand: 11:202,67,243,:0,5,0,
demand: 213:206,206,165,165,17,17,223,223,241,241,105,:4,3,2,7,6,1,10,5,8,9,0,
demand: 649:227,227,227,227,227,26,26,26,174,174,:10,9,8,1,4,3,5,6,7,2,
demand: 555:176,176,176,176,176,13,13,13,13,13,78,:3,7,5,1,9,4,2,6,10,8,0,
demand: 289:39,50,50,50,50,102,:1,10,3,6,9,8,
demand: 843:247,247,247,247,6,20,:8,3,5,6,9,2,
demand: 207:218,241,:4,0,
demand: 59:104,54,54,54,54,54,234,234,234,234,234,:0,2,10,8,9,3,7,1,6,4,5,
demand: 279:25,191,191,96,:0,2,1,0,
demand: 858:101,6,208,:2,0,0,
demand: 724:243,191,191,198,:0,6,2,0,
demand: 615:60,60,60,60,12,12,228,:3,9,1,5,4,8,0,
demand: 782:184,184,184,184,228,:8,10,4,9,7,
demand: 197:231,68,68,68,68,68,182,182,182,:6,4,9,8,5,10,3,2,7,
demand: 53:206,19,133,:0,10,0,
demand: 823:177,177,84,132,:2,10,0,0,
demand: 861:121,76,76,76,69,69,69,95,:5,1,10,7,8,9,6,0,
demand: 702:217,217,217,148,:10,6,4,0,
demand: 840:112,112,73,73,73,69,69,69,69,118,:6,10,4,5,3,2,7,9,8,0,
demand: 565:222,222,79,230,174,:1,10,7,0,0,
demand: 42:47,47,47,153,:3,8,1,0,
demand: 5:117,109,106,162,54,134,:0,0,5,0,0,0,
demand: 223:12,228,59,:9,4,0,
demand: 512:211,211,211,211,211,211,211,111,111,111,:3,7,5,10,9,4,8,1,6,2,
demand: 467:46,46,46,181,:7,4,1,9,
demand: 644:235,235,235,186,186,186,135,135,135,135,:1,9,8,4,5,2,3,6,7,10,
demand: 505:65,247,247,247,247,211,211,211,173,:0,4,3,8,7,6,2,9,10,
demand: 436:213,213,213,48,183,:2,5,10,7,3,
demand: 255:169,122,122,122,160,160,157,:0,10,1,5,6,8,0,
demand: 256:76,122,122,122,122,170,170,170,170,102,102,:0,4,1,7,5,10,6,2,8,9,3,
demand: 423:218,218,218,14,51,:10,5,4,0,0,
demand: 425:115,127,127,127,:7,3,8,6,
demand: 82:174,174,174,52,52,52,:10,2,9,8,7,1,
demand: 93:93,173,:2,0,
demand: 536:8,8,8,8,197,197,197,197,35,35,202,:2,4,1,3,8,6,9,5,10,7,0,
demand: 34:98,98,98,98,5,5,5,246,:1,4,5,9,8,3,2,0,
demand: 792:41,75,75,75,:0,4,3,2,
demand: 314:94,94,94,94,94,94,94,55,55,55,:7,9,4,10,6,8,5,1,3,2,
demand: 607:95,61,61,61,61,245,245,245,245,:0,8,10,3,1,9,6,2,5,
demand: 799:3,81,81,81,81,178,178,178,178,9,:0,5,9,10,6,3,8,4,7,0,
demand: 56:85,85,85,157,:1,4,10,0,
demand: 620:93,93,93,93,45,:9,1,3,6,2,
demand: 361:179,179,179,178,178,150,22,:2,7,1,6,10,0,0,
demand: 191:49,49,16,35,35,35,:4,9,8,7,3,5,
demand: 106:131,131,131,131,159,:2,3,10,9,4,
demand: 68:153,7,:4,0,
demand: 413:43,55,55,65,:7,5,2,0,
demand: 85:71,109,:10,0,
demand: 533:59,240,30,:2,3,10,
demand: 744:113,89,89,89,91,:1,8,10,3,4,
demand: 723:25,160,138,:0,2,0,
demand: 943:134,191,191,191,25,:3,2,8,7,0,
demand: 999:61,33,11,231,:5,2,0,0,
demand: 941:245,245,170,122,122,76,15,:3,4,2,8,6,10,0,
demand: 521:106,165,165,48,162,151,:0,9,2,0,0,0,
demand: 181:215,236,236,:1,10,5,
demand: 221:46,46,58,48,56,179,4,:8,5,1,0,0,0,0,
demand: 249:169,27,27,27,171,:0,4,8,7,0,
demand: 111:62,62,81,81,81,159,159,159,172,:10,5,3,2,1,6,8,7,0,
demand: 104:239,239,239,79,:9,2,3,0,
demand: 590:229,229,229,120,120,120,7,65,:6,1,4,2,8,10,0,0,
demand: 490:67,59,59,125,125,82,:9,10,1,4,7,0,
demand: 876:57,107,:0,4,
demand: 110:95,138,138,138,138,97,97,97,97,227,:0,4,1,2,8,5,3,6,9,0,
demand: 835:241,196,196,214,:0,10,1,0,
demand: 929:65,84,84,84,182,182,182,15,:0,2,1,7,10,9,5,0,
demand: 340:176,167,167,167,167,222,222,222,222,158,158,:0,4,7,5,1,3,8,9,2,6,10,
demand: 204:21,52,52,52,52,188,188,188,:9,5,10,3,4,2,8,6,
demand: 441:108,55,237,231,:5,1,0,0,
demand: 657:97,160,160,160,160,186,186,186,186,90,:0,1,7,9,6,3,5,2,4,10,
demand: 805:216,216,1,135,:6,3,0,0,
demand: 52:191,152,152,152,152,224,224,224,224,30,30,:0,5,6,10,1,7,3,8,9,4,2,
demand: 703:86,197,197,:0,1,4,
demand: 435:36,36,36,155,155,155,41,:2,3,6,8,7,4,0,
demand: 870:103,103,103,103,103,151,130,130,130,130,:2,6,4,8,10,7,3,5,1,9,
demand: 486:85,85,85,70,70,160,40,40,193,:5,8,4,7,6,9,1,3,0,
demand: 640:68,201,201,201,201,201,114,114,114,114,:0,9,8,1,6,4,3,7,2,5,
demand: 587:46,125,125,125,83,83,127,:0,9,6,10,3,1,0,
demand: 414:89,89,89,147,147,168,168,168,168,232,:1,4,5,8,6,10,2,7,9,0,
demand: 769:155,35,35,35,35,225,225,225,:10,8,7,2,3,6,4,1,
demand: 390:181,181,38,135,:1,4,10,9,
demand: 76:141,50,:6,0,
demand: 784:120,32,32,:4,3,9,
demand: 422:121,76,241,101,101,101,92,92,:0,0,0,3,1,8,10,9,
demand: 295:248,2,196,214,214,:0,0,2,6,8,
demand: 612:75,55,39,:10,2,0,
demand: 523:174,167,167,98,4,:0,7,2,0,0,
demand: 215:51,101,101,101,216,216,:0,1,4,6,10,7,
demand: 572:217,22,22,22,150,150,150,5,:0,6,1,9,7,10,5,0,
demand: 631:162,69,69,69,146,146,146,4,:0,2,7,10,5,3,8,0,
demand: 458:191,243,44,74,74,136,132,:0,0,9,3,4,5,0,
demand: 310:123,165,165,165,240,39,:0,4,5,10,6,0,
demand: 163:24,60,60,93,:0,5,6,3,
demand: 149:89,139,139,139,139,238,238,238,238,211,:0,7,9,2,3,4,10,1,5,6,
demand: 507:140,140,140,140,53,53,53,53,95,:4,2,1,10,3,5,9,6,0,
demand: 183:225,225,163,:5,4,0,
demand: 222:135,137,137,137,137,60,60,60,60,187,:2,8,10,7,4,6,3,9,1,0,
demand: 450:200,200,200,200,163,:8,4,1,10,3,
demand: 155:53,32,:1,0,
demand: 266:25,80,80,80,80,165,165,165,140,:10,9,6,4,1,5,3,2,8,
demand: 673:162,83,83,83,133,133,3,11,:0,8,4,6,2,9,0,0,
demand: 817:64,64,64,64,146,146,146,146,106,:3,8,5,4,6,2,10,1,0,
demand: 448:209,209,8,153,:1,3,0,0,
demand: 585:199,197,:10,0,
demand: 571:137,137,135,122,:5,4,6,3,
demand: 948:215,19,19,176,:0,9,5,0,
demand: 402:236,197,197,197,:0,6,4,2,
demand: 772:45,42,42,42,42,153,153,:0,6,5,2,4,7,9,
demand: 626:129,129,129,167,167,98,4,:9,2,4,6,10,0,0,
demand: 936:170,34,34,34,34,34,138,138,138,138,138,:0,8,7,1,4,5,10,9,6,3,2,
demand: 283:242,242,242,242,242,242,242,207,207,207,:5,3,9,6,2,7,1,8,10,4,
demand: 38:69,100,100,100,100,221,221,221,9,:7,2,3,10,1,5,8,6,4,
demand: 740:89,17,158,:0,5,10,
demand: 798:75,41,162,162,126,:0,0,3,10,0,
demand: 483:71,18,73,:5,10,0,
demand: 994:107,107,49,220,220,77,:6,1,2,4,9,0,
demand: 408:10,114,114,114,131,131,131,184,:0,7,4,5,10,6,3,0,
demand: 443:168,101,101,101,216,216,216,75,:0,8,5,7,1,10,4,0,
demand: 99:157,48,41,41,56,:0,0,6,1,0,
demand: 961:70,200,200,234,234,:2,9,4,1,7,
demand: 417:181,180,180,180,180,212,212,212,212,219,:0,6,10,1,3,2,5,7,9,0,
demand: 165:39,63,:0,4,
demand: 356:148,229,:10,0,
demand: 1000:141,201,201,201,201,114,114,114,114,186,186,:0,9,8,7,3,10,1,4,2,5,6,
demand: 317:74,99,99,99,99,136,136,136,136,21,:0,8,5,4,2,9,10,1,7,0,
demand: 648:124,124,90,178,:3,8,0,0,
demand: 506:238,146,146,146,250,:0,3,8,2,0,
demand: 502:110,149,149,149,149,183,183,183,183,87,:0,1,4,6,10,5,3,2,9,0,
demand: 242:250,31,141,:0,8,0,
demand: 728:59,92,92,92,92,167,167,167,167,78,:0,7,4,6,2,8,1,5,9,0,
demand: 252:148,148,148,164,164,164,151,:10,9,2,5,8,3,6,
demand: 883:115,145,145,145,163,163,163,217,:0,8,6,5,9,7,4,0,
demand: 959:39,116,116,116,116,239,239,239,239,:0,2,6,8,9,10,4,3,1,
demand: 430:240,47,47,184,:0,8,10,0,
demand: 558:57,20,49,247,148,:0,0,2,0,0,
demand: 47:77,220,220,220,207,207,207,24,:0,5,8,7,10,9,6,0,
demand: 837:198,154,154,132,:2,4,6,0,
demand: 349:97,90,151,:9,10,0,
demand: 564:83,83,86,:6,3,0,
demand: 635:103,192,192,192,220,220,77,:4,7,6,9,5,8,0,
demand: 426:72,72,72,146,238,:3,7,5,6,1,
demand: 136:88,139,139,139,139,63,63,63,63,230,:0,8,9,2,4,1,6,3,5,0,
demand: 158:146,63,63,63,177,177,147,147,:0,6,1,5,9,10,2,4,
demand: 391:163,83,:0,10,
demand: 797:140,30,30,197,:0,2,10,5,
demand: 125:112,99,99,99,133,:0,10,2,5,0,
demand: 678:105,105,139,2,:6,4,1,0,
demand: 736:248,142,142,142,205,205,207,:6,4,7,5,10,8,0,
demand: 462:178,182,243,:0,3,0,
demand: 765:84,144,144,144,45,:0,9,10,7,0,
demand: 137:202,164,164,164,218,218,218,208,:0,5,3,8,7,4,1,2,
demand: 431:158,94,94,94,4,:0,2,8,1,0,
demand: 388:191,35,35,35,170,:0,10,2,7,0,
demand: 453:198,156,156,156,189,:0,10,1,8,9,
demand: 245:115,226,226,226,226,164,164,164,164,30,:0,8,3,10,4,6,5,7,2,0,
demand: 875:67,18,129,129,129,64,:7,5,4,9,2,0,
demand: 524:31,175,175,175,50,82,:0,8,10,6,7,0,
demand: 131:33,219,242,242,242,:0,0,8,5,9,
demand: 344:4,8,103,:0,5,0,
demand: 970:21,37,212,212,212,137,:0,4,5,9,10,0,
demand: 628:112,250,:0,7,
demand: 286:180,60,165,:1,9,0,
demand: 364:144,144,149,149,23,:10,6,8,4,0,
demand: 687:23,11,161,:4,7,0,
demand: 760:25,101,101,194,176,:0,4,7,8,0,
demand: 497:109,128,168,:0,4,9,
demand: 90:114,153,153,153,152,:0,3,4,8,6,
demand: 900:74,239,239,230,:0,7,9,8,
demand: 134:80,1,218,218,218,164,:0,10,9,1,5,0,
demand: 119:178,153,153,153,160,:0,7,8,5,0,
demand: 203:147,233,233,33,33,230,:0,5,10,2,9,0,
demand: 806:27,186,186,186,135,65,:0,6,5,7,2,0,
demand: 518:62,156,156,154,154,154,:7,4,9,3,5,1,
demand: 434:57,119,151,:5,4,0,
demand: 455:189,189,124,124,102,38,:6,10,3,7,2,0,
demand: 850:200,20,20,49,210,210,:0,10,5,9,1,3,
demand: 264:21,131,131,150,:0,5,2,0,
demand: 84:7,81,81,81,159,:0,4,6,5,0,
demand: 273:151,136,90,90,97,:0,9,3,10,0,
demand: 145:142,192,78,178,:0,8,1,0,
demand: 358:74,149,149,144,142,:0,4,7,0,0,
demand: 949:111,161,:7,5,
demand: 206:162,188,188,189,:0,1,4,0,
demand: 468:165,154,154,154,26,:0,10,3,1,0,
demand: 32:85,171,206,:0,10,0,
demand: 392:10,175,196,:0,3,0,
demand: 980:235,227,227,133,:0,1,3,0,
demand: 963:222,130,210,13,:0,7,4,0,
demand: 695:45,11,233,147,:0,0,5,0,
demand: 378:156,157,134,104,91,:0,9,6,0,0,
Average Delay: 3.215686274509804
Runtime (mS): 3447812Acceptation rate: 0.85