demand: 753:133,133,133,133,133,41,41,41,41,41,106,:3,8,10,6,7,2,1,5,4,9,0,
demand: 17:82,82,82,48,48,48,183,183,111,20,:1,10,7,6,2,5,4,8,0,0,
demand: 909:141,141,141,141,230,4,4,4,4,56,:10,2,3,4,8,9,6,7,1,0,
demand: 981:164,164,164,51,51,207,:6,5,8,9,4,0,
demand: 653:221,221,221,132,132,93,:8,1,4,9,2,0,
demand: 194:70,70,70,70,48,48,48,149,:1,7,8,9,6,5,4,0,
demand: 315:128,128,128,197,:3,6,2,9,
demand: 725:137,137,137,137,76,76,76,76,185,185,110,:3,6,8,10,2,7,1,4,9,5,0,
demand: 97:172,172,172,172,172,14,14,:7,4,3,8,1,5,6,
demand: 925:190,190,190,190,44,44,44,44,65,65,105,:8,4,7,1,10,3,2,5,6,9,0,
demand: 684:10,10,10,10,10,96,96,96,203,203,:3,2,8,10,9,6,5,4,1,7,
demand: 278:132,132,132,78,51,:1,6,4,3,0,
demand: 764:126,126,126,65,65,132,132,132,84,:5,10,1,4,3,9,8,6,0,
demand: 342:219,219,219,219,33,33,237,237,237,237,:6,8,5,9,7,2,1,10,3,4,
demand: 421:152,152,152,152,45,:8,6,4,9,0,
demand: 218:151,151,151,151,151,178,178,178,178,178,92,:9,1,6,8,4,10,7,5,3,2,0,
demand: 790:28,28,28,28,28,28,183,183,183,:8,4,7,6,2,1,5,10,3,
demand: 472:158,158,241,241,55,:1,2,5,9,4,
demand: 515:40,40,40,40,51,51,23,23,23,:3,5,4,2,8,1,10,6,7,
demand: 492:204,204,204,204,108,108,108,120,:7,2,8,5,3,9,1,0,
demand: 922:110,110,110,49,49,:4,7,10,9,8,
demand: 44:242,242,242,242,242,242,242,106,106,106,:2,10,5,6,7,4,3,9,8,1,
demand: 491:154,197,35,:3,0,0,
demand: 507:32,32,32,32,47,47,9,:4,9,10,2,5,8,0,
demand: 143:114,240,84,:9,0,0,
demand: 574:74,74,249,:5,4,0,
demand: 899:118,245,:4,0,
demand: 294:230,43,:4,6,
demand: 828:245,245,245,245,3,3,3,3,13,:6,4,7,9,10,2,3,1,0,
demand: 644:60,60,60,28,28,203,203,247,49,20,:7,8,5,1,9,10,3,0,0,0,
demand: 55:184,184,184,184,24,24,216,216,216,:3,1,4,2,7,6,9,8,5,
demand: 985:81,81,81,81,242,:9,6,5,1,0,
demand: 784:103,103,103,8,8,233,:8,2,6,4,3,0,
demand: 536:73,73,73,96,78,:8,4,5,9,10,
demand: 875:194,194,43,236,:2,10,5,0,
demand: 398:83,83,83,83,1,36,36,36,:3,10,5,8,7,9,2,1,
demand: 782:217,217,217,18,18,18,60,60,60,:7,8,3,1,5,2,4,9,6,
demand: 241:238,238,238,44,44,:1,6,9,8,2,
demand: 582:204,189,189,:1,8,3,
demand: 279:15,15,15,15,178,178,81,:2,4,6,1,3,8,0,
demand: 223:219,219,43,43,:1,6,8,4,
demand: 105:194,173,173,173,173,155,155,:0,7,8,2,10,5,4,
demand: 310:228,228,91,91,91,:2,9,10,1,6,
demand: 265:54,54,54,162,162,48,165,:6,1,8,4,5,7,0,
demand: 87:160,160,160,122,122,146,:6,3,9,10,2,0,
demand: 160:181,181,181,181,76,76,170,:7,5,6,10,1,3,9,
demand: 181:76,234,234,234,31,:0,2,9,8,10,
demand: 229:113,55,55,55,55,55,148,148,148,:3,8,2,9,1,5,10,7,6,
demand: 280:6,206,162,83,:1,0,0,0,
demand: 600:141,150,150,:2,7,6,
demand: 494:116,116,116,116,42,42,79,79,:1,9,6,2,10,5,8,3,
demand: 48:207,207,207,207,15,:8,1,7,5,0,
demand: 28:71,71,71,151,:9,7,5,0,
demand: 647:11,11,19,19,126,:10,6,2,8,0,
demand: 549:132,58,58,58,83,:0,10,7,3,4,
demand: 477:66,66,66,66,38,38,38,110,:4,1,6,7,3,9,10,0,
demand: 243:159,159,159,159,2,199,199,199,:1,8,2,3,5,7,9,10,
demand: 610:23,247,247,247,88,:5,1,10,2,0,
demand: 458:206,206,56,56,48,45,164,224,:5,2,1,8,0,0,0,0,
demand: 101:6,6,31,:8,3,0,
demand: 184:43,250,250,250,206,:4,6,3,7,0,
demand: 189:128,21,:3,0,
demand: 989:194,49,49,49,247,247,247,240,240,240,51,:0,6,5,1,8,2,10,4,9,7,0,
demand: 288:191,191,109,14,:10,3,0,0,
demand: 690:219,237,224,224,224,:0,0,7,4,2,
demand: 135:87,209,:9,0,
demand: 185:122,122,122,122,76,176,176,176,176,216,:7,5,8,3,6,4,10,1,9,0,
demand: 323:191,109,232,:6,0,0,
demand: 25:117,117,117,117,95,95,:4,2,9,7,8,3,
demand: 946:167,167,167,167,167,167,146,146,:7,4,1,2,5,6,8,3,
demand: 412:196,196,196,196,196,33,:8,5,10,7,3,4,
demand: 64:96,5,5,5,5,5,68,68,68,68,:0,10,8,4,7,1,2,3,5,9,
demand: 73:80,80,80,9,9,221,221,:9,10,3,5,7,8,4,
demand: 434:198,198,4,246,:9,10,0,0,
demand: 516:70,247,247,247,74,74,48,56,56,179,178,:10,4,5,6,8,3,9,7,2,1,0,
demand: 473:117,7,7,7,7,125,125,125,28,:1,3,8,10,2,7,4,6,0,
demand: 367:130,86,:6,0,
demand: 730:147,147,147,147,147,25,25,25,25,82,:2,6,8,1,9,7,5,3,4,0,
demand: 832:134,134,134,90,178,:7,10,3,9,0,
demand: 800:75,75,75,75,75,54,54,54,54,90,:1,3,9,2,5,7,6,4,10,0,
demand: 235:49,220,220,220,30,30,:0,3,2,1,10,6,
demand: 788:64,64,156,:10,7,0,
demand: 715:243,243,243,44,171,:4,3,7,9,2,
demand: 447:3,47,:7,0,
demand: 595:12,12,223,223,223,200,200,200,200,113,:10,3,5,7,6,4,8,9,2,0,
demand: 740:143,143,143,143,143,211,211,:5,8,3,9,7,10,2,
demand: 978:170,170,170,122,133,:5,8,10,4,0,
demand: 368:103,103,103,103,38,38,110,:7,6,2,8,1,4,0,
demand: 431:3,131,:0,8,
demand: 851:9,9,47,47,127,127,:7,5,10,9,3,8,
demand: 56:116,160,160,186,:8,1,3,5,
demand: 423:59,60,60,:8,5,4,
demand: 409:103,103,103,103,103,165,165,165,165,165,:5,3,2,7,8,9,6,10,1,4,
demand: 424:50,50,50,50,50,17,17,17,17,204,:8,5,10,6,1,3,9,7,4,0,
demand: 226:29,179,179,179,179,79,79,79,222,222,151,:6,9,7,1,10,8,5,4,2,3,0,
demand: 568:131,131,53,:3,9,0,
demand: 566:6,27,27,27,47,:9,8,7,3,6,
demand: 106:43,236,236,:0,1,8,
demand: 74:104,104,104,214,214,:5,10,4,1,3,
demand: 375:16,16,17,17,120,:8,7,5,6,10,
demand: 688:124,124,124,84,166,:2,6,7,8,0,
demand: 242:95,41,240,240,240,102,102,160,:0,0,9,4,5,1,10,0,
demand: 50:238,238,238,8,8,168,168,:5,1,6,3,7,8,9,
demand: 656:55,7,24,24,24,216,:8,2,9,5,1,0,
demand: 999:8,246,:10,5,
demand: 614:100,100,15,242,:7,8,0,0,
demand: 169:118,118,118,167,167,167,98,98,98,4,79,:5,7,3,2,10,9,1,8,4,0,0,
demand: 334:236,22,22,113,:0,10,2,0,
demand: 104:46,7,83,:6,0,0,
demand: 863:65,65,121,:8,2,3,
demand: 987:128,205,205,205,205,:0,4,9,2,1,
demand: 912:95,157,157,157,157,134,134,134,134,:0,10,6,7,1,4,3,5,8,
demand: 414:168,168,94,:1,5,0,
demand: 362:142,3,222,:6,0,0,
demand: 292:104,134,134,90,90,57,:0,5,3,10,2,0,
demand: 698:213,213,213,138,:2,1,7,0,
demand: 884:171,171,171,44,221,:1,8,5,0,0,
demand: 818:9,195,195,195,45,45,45,33,33,:0,5,3,4,10,2,8,9,7,
demand: 246:5,69,69,69,73,180,:1,5,6,4,7,9,
demand: 32:22,236,146,:9,0,0,
demand: 186:136,103,:4,0,
demand: 624:74,46,46,46,46,46,68,68,68,68,68,:0,4,5,2,7,10,1,3,8,6,9,
demand: 347:96,227,227,227,38,38,38,185,48,:0,8,5,9,6,3,1,10,0,
demand: 464:212,212,212,212,64,64,64,64,171,:8,4,7,2,3,6,10,5,0,
demand: 924:213,213,69,69,69,146,146,146,146,155,:2,1,3,9,6,7,8,5,4,10,
demand: 809:95,109,109,38,38,173,76,:0,3,1,9,6,5,10,
demand: 162:195,215,215,215,215,208,208,:0,7,3,4,8,9,6,
demand: 468:86,54,90,:8,0,0,
demand: 815:224,224,240,240,169,169,65,55,:2,10,3,1,8,7,0,0,
demand: 745:224,240,240,241,:0,4,8,0,
demand: 261:63,63,63,63,129,:4,5,1,8,7,
demand: 945:86,86,86,20,20,20,174,174,174,:1,8,7,10,4,5,3,6,2,
demand: 589:228,225,225,225,58,58,58,166,166,166,16,:0,7,8,10,1,5,4,9,2,3,0,
demand: 637:222,222,222,220,:4,8,1,2,
demand: 739:85,85,85,85,94,94,94,94,230,:3,10,7,9,2,5,1,4,0,
demand: 353:20,57,54,54,134,:0,5,3,1,0,
demand: 446:68,246,:2,0,
demand: 305:20,49,137,137,:0,2,3,9,
demand: 990:54,165,165,165,106,106,106,182,203,:0,9,5,10,1,4,2,3,0,
demand: 142:196,67,67,67,243,243,194,:7,3,10,4,9,6,0,
demand: 454:38,135,:0,8,
demand: 667:57,146,146,146,166,166,166,20,:0,8,5,9,6,2,4,0,
demand: 216:37,37,112,:5,1,0,
demand: 144:72,72,111,111,:4,8,1,6,
demand: 937:7,46,46,46,169,:0,9,1,4,10,
demand: 312:141,220,220,220,220,30,30,30,30,1,:0,8,6,1,10,2,7,9,4,5,
demand: 157:63,225,225,225,225,58,46,46,46,46,169,:0,9,4,6,5,7,8,1,2,3,10,
demand: 940:130,130,130,130,60,60,173,:9,6,10,2,5,1,0,
demand: 772:190,67,62,:0,4,0,
demand: 570:161,162,134,:3,10,0,
demand: 156:173,223,223,241,241,200,200,200,41,:0,4,6,3,7,10,2,9,0,
demand: 799:216,178,178,178,178,246,246,:1,2,4,3,5,7,6,
demand: 923:212,212,212,212,15,15,19,:3,2,8,9,6,5,4,
demand: 290:46,53,53,53,131,131,151,:0,4,2,10,8,9,0,
demand: 377:41,122,122,122,186,186,176,:0,3,1,7,5,10,0,
demand: 62:102,102,102,21,21,21,220,220,220,220,:5,4,1,8,2,10,7,6,3,9,
demand: 983:241,176,76,24,60,181,:0,0,0,3,4,0,
demand: 541:153,153,153,153,153,89,89,89,89,250,:5,9,3,8,1,2,7,10,4,0,
demand: 119:81,81,81,81,247,247,88,88,:9,8,10,3,4,1,5,6,
demand: 711:193,193,193,149,149,153,153,153,153,170,:4,10,2,7,3,1,6,8,5,0,
demand: 255:85,64,:1,0,
demand: 888:229,229,125,125,125,82,82,141,:8,4,3,7,1,10,6,2,
demand: 768:197,197,197,234,234,234,70,:9,5,3,1,4,10,6,
demand: 99:112,149,:10,0,
demand: 504:163,163,163,26,26,57,:6,8,5,7,9,0,
demand: 831:176,67,67,105,105,241,5,:0,4,10,3,5,0,0,
demand: 82:33,11,45,45,45,250,31,31,31,:0,5,2,1,9,3,4,8,7,
demand: 386:75,135,135,135,137,161,:0,3,10,6,8,0,
demand: 958:73,203,76,234,44,74,48,45,11,:0,0,0,0,0,5,0,0,0,
demand: 230:169,188,188,188,188,239,239,239,239,202,:0,10,6,2,5,9,4,7,1,8,
demand: 152:223,144,144,144,136,136,136,85,:0,2,1,4,7,10,3,0,
demand: 896:243,192,192,192,192,:0,1,2,9,5,
demand: 701:149,149,149,193,:5,1,8,0,
demand: 373:70,34,34,34,13,13,:0,10,4,8,9,3,
demand: 841:12,235,:6,7,
demand: 178:183,183,183,183,62,62,62,205,:4,2,10,9,5,7,8,0,
demand: 177:242,242,242,240,:10,4,5,0,
demand: 314:20,151,90,90,90,150,:0,2,5,6,10,7,
demand: 149:164,164,164,164,164,164,52,52,52,:8,10,2,1,7,4,3,6,5,
demand: 783:129,129,129,67,67,67,101,101,101,6,:10,9,6,7,2,5,8,3,1,0,
demand: 14:36,154,154,154,197,197,247,:8,9,10,1,3,2,0,
demand: 365:174,101,101,101,101,248,248,248,:0,10,4,5,7,6,8,9,
demand: 220:46,166,120,:0,8,3,
demand: 67:46,138,138,138,226,226,116,:0,2,8,1,9,5,0,
demand: 381:54,86,19,:0,3,9,
demand: 448:160,22,237,:0,8,3,
demand: 954:30,250,250,250,31,:0,9,7,2,0,
demand: 285:139,139,139,139,13,13,190,:9,6,7,8,2,1,0,
demand: 545:27,120,:0,8,
demand: 352:229,39,39,39,131,131,53,53,:0,3,2,5,10,9,4,6,
demand: 798:152,152,152,152,149,149,149,149,112,:1,10,6,4,3,9,7,5,0,
demand: 457:187,187,187,32,:9,8,7,0,
demand: 505:157,112,112,112,9,:1,5,3,8,0,
demand: 513:32,7,108,133,223,:0,0,5,0,0,
demand: 98:23,32,103,:0,9,0,
demand: 669:175,175,250,:2,6,0,
demand: 474:44,202,100,100,100,:0,10,8,1,7,
demand: 671:60,121,121,241,101,101,248,:0,4,3,9,10,2,0,
demand: 115:163,186,186,186,160,138,138,138,90,:0,7,4,3,6,2,5,8,0,
demand: 37:247,197,197,197,154,43,:0,1,8,4,6,0,
demand: 166:247,211,211,211,140,140,:0,3,7,5,8,9,
demand: 664:174,2,2,33,231,231,:3,4,1,2,9,6,
demand: 655:140,140,112,9,:5,6,3,0,
demand: 210:90,182,182,182,182,182,114,114,114,114,114,:0,4,5,1,3,8,7,6,2,9,10,
demand: 994:196,153,89,:7,2,0,
demand: 721:155,155,4,4,247,:5,9,10,2,0,
demand: 1:194,53,131,:0,10,0,
demand: 558:223,239,239,239,239,107,107,107,107,155,:6,8,2,5,4,10,7,3,1,0,
demand: 930:235,235,235,235,138,138,138,192,:8,5,1,9,3,4,10,0,
demand: 534:9,226,226,174,:0,1,7,0,
demand: 214:131,218,218,218,218,61,61,61,61,167,167,:0,6,4,2,7,9,3,1,8,5,10,
demand: 627:23,3,25,:0,9,0,
demand: 984:35,35,35,35,35,34,34,34,34,34,13,:5,2,8,9,4,10,7,6,1,3,0,
demand: 726:225,71,71,169,:0,9,6,0,
demand: 176:69,69,69,69,186,186,186,27,:6,2,3,5,10,7,1,0,
demand: 645:74,249,249,:0,8,3,
demand: 693:244,244,197,154,70,:7,6,8,2,0,
demand: 275:145,132,:6,0,
demand: 737:207,94,94,94,:5,8,9,7,
demand: 503:114,114,114,182,182,182,143,41,:4,1,8,5,6,10,2,0,
demand: 966:235,235,235,235,235,35,35,35,35,35,120,:5,9,10,7,6,8,3,2,1,4,0,
demand: 102:220,37,37,47,:0,1,2,0,
demand: 306:94,94,94,218,218,139,139,139,139,127,:5,1,4,8,9,10,2,7,6,0,
demand: 894:68,93,93,59,:0,4,5,0,
demand: 546:218,218,139,63,:6,1,0,0,
demand: 811:166,123,123,123,218,218,218,112,:0,3,7,1,6,8,4,0,
demand: 272:5,149,149,149,50,:0,2,10,5,4,
demand: 248:134,162,41,48,196,:6,0,0,0,0,
demand: 756:116,191,191,191,182,134,:0,4,9,6,10,2,
demand: 399:131,136,74,:7,0,0,
demand: 22:31,133,120,7,65,:0,2,5,0,0,
demand: 297:49,7,119,:0,0,3,
demand: 239:34,115,115,248,:1,10,9,7,
demand: 451:60,156,156,156,64,64,59,:0,5,6,3,10,1,0,
demand: 630:10,93,93,93,197,:0,4,2,5,0,
demand: 919:117,99,99,99,83,7,:0,10,7,2,6,0,
demand: 232:241,77,5,:0,8,0,
demand: 123:227,52,52,242,:5,2,6,0,
demand: 953:51,60,:2,0,
demand: 564:27,52,52,52,144,144,144,30,:0,4,1,3,10,5,6,0,
demand: 729:126,3,175,175,175,:0,0,1,9,5,
demand: 221:36,97,97,131,:1,8,5,0,
demand: 972:89,89,231,48,:6,1,4,0,
demand: 592:202,92,92,92,179,179,17,:0,3,10,5,2,1,0,
demand: 463:225,121,:0,7,
demand: 153:226,39,113,:0,9,3,
demand: 172:51,51,120,120,120,211,211,211,211,153,:9,4,3,6,10,8,5,7,2,1,
demand: 530:50,4,6,:10,2,1,
demand: 357:199,76,70,:0,10,0,
demand: 769:115,206,206,156,156,:10,4,5,9,3,
demand: 295:207,13,34,:1,0,0,
demand: 304:175,212,:0,5,
demand: 521:178,122,122,122,185,9,:0,2,6,7,4,0,
demand: 816:91,99,99,99,99,123,123,:9,5,6,8,2,1,7,
demand: 995:89,201,201,201,201,124,:10,3,2,9,7,1,
demand: 921:121,52,52,52,15,:9,8,5,3,2,
demand: 333:3,200,200,200,81,81,229,:0,4,3,1,8,7,6,
demand: 781:72,69,69,69,195,:0,5,6,7,0,
demand: 271:6,56,:6,0,
demand: 432:129,191,191,191,191,201,201,201,201,243,:0,1,7,8,3,5,4,10,9,2,
demand: 483:84,145,145,145,246,246,246,122,:2,7,10,9,1,6,8,0,
demand: 874:71,111,111,44,:0,8,2,0,
demand: 66:76,199,148,148,:0,8,2,9,
demand: 889:229,105,40,:0,8,0,
demand: 762:29,94,156,:0,7,0,
demand: 887:220,99,99,123,234,:0,10,9,8,0,
demand: 938:108,177,177,177,34,129,:0,7,10,4,5,0,
demand: 301:77,189,189,189,81,:0,8,6,1,0,
demand: 39:19,164,164,164,80,:0,3,6,9,2,
demand: 41:91,186,186,107,:0,1,5,6,
demand: 968:68,232,232,232,184,:0,7,6,4,3,
demand: 673:243,201,12,:0,5,0,
demand: 758:183,230,:6,0,
demand: 734:91,24,133,:9,7,0,
demand: 77:38,188,188,190,:0,10,2,0,
demand: 298:169,211,211,211,97,97,55,:0,8,4,5,2,7,0,
demand: 493:136,93,93,116,:0,10,4,0,
demand: 496:100,239,107,:0,8,0,
demand: 130:236,210,210,210,165,200,:0,10,4,3,9,0,
demand: 830:126,137,137,135,174,:0,7,8,6,0,
demand: 426:139,139,205,209,209,189,:3,10,2,4,1,0,
demand: 400:243,233,233,8,176,:0,5,8,0,0,
demand: 861:114,222,222,127,127,190,:0,10,1,9,6,0,
demand: 192:29,66,24,:6,8,0,
demand: 150:66,67,145,:0,5,0,
demand: 299:90,229,39,:0,9,0,
demand: 45:179,16,16,42,56,18,:9,1,6,7,10,0,
demand: 681:107,198,45,:0,8,0,
demand: 34:175,45,19,:0,5,0,
demand: 75:205,215,215,128,166,:1,7,3,6,0,
demand: 973:197,192,124,124,79,:0,1,3,6,0,
demand: 948:145,84,126,214,:0,0,0,10,
demand: 927:99,76,40,40,1,:0,0,5,1,0,
demand: 527:71,146,137,:0,8,5,
demand: 819:14,190,13,:3,0,0,
demand: 456:19,183,48,231,:0,5,0,0,
demand: 867:10,50,50,142,142,98,:0,1,6,7,3,0,
demand: 847:224,239,5,:0,5,0,
demand: 685:6,101,241,105,190,50,:0,8,0,0,0,0,
demand: 757:126,3,133,80,:0,0,2,0,
demand: 795:222,150,131,:1,8,0,
demand: 638:239,3,245,245,1,:0,0,6,4,0,
demand: 842:172,238,:5,0,
demand: 476:116,93,163,:0,1,0,
demand: 460:227,100,225,:0,7,0,
demand: 634:198,92,212,212,62,:2,1,6,7,9,
demand: 78:147,119,153,:0,3,0,
demand: 910:124,31,137,:0,10,0,
demand: 359:231,4,179,:0,2,0,
demand: 626:95,157,151,104,54,:0,0,7,0,0,
Average Delay: 3.2214532871972317
Runtime (mS): 7233690Acceptation rate: 0.7225