demand: 336:13,13,13,13,12,:7,3,6,2,1,
demand: 602:3,3,3,8,8,15,:3,6,1,2,5,0,
demand: 72:7,7,7,8,8,8,3,5,:3,6,2,7,4,5,1,0,
demand: 490:11,11,11,4,4,:5,4,3,6,7,
demand: 445:2,2,2,7,8,8,11,:7,2,4,1,5,3,0,
demand: 919:4,15,15,15,15,15,:6,2,1,4,3,7,
demand: 181:3,8,8,8,15,15,13,7,:0,7,3,1,6,5,0,0,
demand: 461:4,7,1,1,1,12,12,12,:0,0,2,1,4,7,3,6,
demand: 653:8,5,5,5,9,9,9,3,:0,2,7,3,1,4,5,0,
demand: 718:10,10,10,2,:6,5,1,0,
demand: 865:8,10,10,11,:0,1,5,0,
demand: 720:15,12,12,12,1,5,:3,4,2,6,1,0,
demand: 1000:14,14,14,14,10,10,10,6,:3,6,7,5,4,2,1,0,
demand: 274:5,8,12,13,7,:0,0,0,6,0,
demand: 249:9,10,10,10,1,3,:0,6,4,2,7,0,
demand: 261:13,10,11,11,11,5,:0,0,7,5,4,3,
demand: 512:2,14,14,14,10,:4,2,5,3,0,
demand: 605:8,6,6,13,3,:0,5,4,2,0,
demand: 379:4,14,10,11,:0,3,0,0,
demand: 995:6,14,7,5,:0,2,0,0,
Average Delay: 3.588235294117647
Runtime (mS): 118Acceptation rate: 0.85