demand: 753:133,133,133,133,133,41,41,41,41,41,106,:3,8,10,6,7,2,1,5,4,9,0,
demand: 17:82,82,82,48,48,48,183,183,111,20,:1,10,7,6,2,5,4,8,0,0,
demand: 909:141,141,141,141,230,4,4,4,4,56,:10,2,3,4,8,9,6,7,1,0,
demand: 981:164,164,164,51,51,207,:6,5,8,9,4,0,
demand: 653:221,221,221,132,132,93,:8,1,4,9,2,0,
demand: 194:70,70,70,70,48,48,48,149,:1,7,8,9,6,5,4,0,
demand: 315:128,128,128,197,:3,6,2,9,
demand: 725:137,137,137,137,76,76,76,76,185,185,110,:3,6,8,10,2,7,1,4,9,5,0,
demand: 97:172,172,172,172,172,14,14,:7,4,3,8,1,5,6,
demand: 925:190,190,190,190,44,44,44,44,65,65,105,:8,4,7,1,10,3,2,5,6,9,0,
demand: 684:10,10,10,10,10,96,96,96,203,203,:3,2,8,10,9,6,5,4,1,7,
demand: 278:132,132,132,78,51,:1,6,4,3,0,
demand: 764:126,126,126,65,65,132,132,132,84,:5,10,1,4,3,9,8,6,0,
demand: 342:219,219,219,219,33,33,237,237,237,237,:6,8,5,9,7,2,1,10,3,4,
demand: 421:152,152,152,152,45,:8,6,4,9,0,
demand: 218:151,151,151,151,151,178,178,178,178,178,92,:9,1,6,8,4,10,7,5,3,2,0,
demand: 790:28,28,28,28,28,28,183,183,183,:8,4,7,6,2,1,5,10,3,
demand: 472:158,158,241,241,55,:1,2,5,9,4,
demand: 515:40,40,40,40,51,51,23,23,23,:3,5,4,2,8,1,10,6,7,
demand: 492:204,204,204,204,108,108,108,120,:7,2,8,5,3,9,1,0,
demand: 922:110,110,110,49,49,:4,7,10,9,8,
demand: 784:13,88,:10,0,
demand: 834:240,240,25,:7,9,0,
demand: 649:137,137,137,135,135,78,:5,10,1,7,6,0,
demand: 536:15,15,15,58,58,58,108,:6,4,2,10,1,8,7,
demand: 606:117,106,20,:5,0,0,
demand: 629:138,160,186,:6,0,0,
demand: 204:226,226,226,2,27,:3,4,9,6,0,
demand: 391:91,91,91,91,1,1,:1,6,10,2,5,8,
demand: 730:21,21,201,201,:4,8,10,3,
demand: 729:27,27,27,35,35,31,31,:10,7,8,3,5,4,1,
demand: 760:122,122,122,122,122,122,122,225,225,225,:5,8,9,1,3,4,7,2,10,6,
demand: 970:43,43,44,176,76,69,:8,4,1,5,0,0,
demand: 371:207,207,207,207,207,207,183,183,183,:9,5,1,7,6,8,10,3,4,
demand: 378:188,188,188,188,188,7,7,7,7,146,:3,1,9,5,6,2,8,7,10,4,
demand: 612:158,223,223,241,176,:6,4,8,0,0,
demand: 926:183,161,:5,0,
demand: 936:188,38,38,38,38,175,175,175,175,:0,8,3,6,4,7,1,10,5,
demand: 491:207,154,154,154,:0,10,9,1,
demand: 632:72,72,72,49,49,:6,8,1,2,3,
demand: 442:109,71,71,:0,7,10,
demand: 262:42,42,42,42,67,:6,9,3,2,7,
demand: 229:151,38,:5,0,
demand: 291:18,15,124,:6,0,0,
demand: 202:115,217,:8,7,
demand: 718:225,225,225,237,80,:1,3,8,0,0,
demand: 534:234,234,234,92,178,150,:1,9,6,3,0,0,
demand: 91:207,73,73,73,73,28,28,24,24,24,76,:0,6,10,1,2,4,8,5,3,7,9,
demand: 257:245,245,245,245,245,16,16,:5,2,6,7,8,4,10,
demand: 877:154,154,154,163,:8,10,6,4,
demand: 428:90,90,90,90,54,54,54,54,38,:6,8,5,7,2,4,9,1,0,
demand: 460:17,17,17,165,72,:2,5,8,0,0,
demand: 379:169,169,169,169,170,170,170,170,249,249,:1,9,10,6,2,3,5,8,4,7,
demand: 853:217,217,208,:8,10,0,
demand: 228:85,85,48,48,56,141,167,:6,8,7,2,0,0,0,
demand: 490:129,129,20,57,:10,8,0,0,
demand: 577:42,153,:2,5,
demand: 525:151,162,162,162,240,240,240,51,:0,9,10,1,3,8,5,2,
demand: 20:220,220,220,220,147,:10,1,7,8,0,
demand: 41:131,131,131,6,63,:6,7,2,3,0,
demand: 751:222,222,222,117,:9,6,1,4,
demand: 502:127,127,20,72,:10,5,3,0,
demand: 408:126,135,135,135,135,137,137,137,16,16,:0,6,8,7,1,3,2,10,5,4,
demand: 254:123,123,123,123,6,6,6,187,:2,4,9,3,1,6,5,0,
demand: 377:145,145,145,145,2,2,130,:9,3,8,2,4,5,7,
demand: 206:154,89,89,89,:1,8,2,5,
demand: 869:248,248,248,248,38,38,38,38,185,:8,4,9,6,3,10,7,5,1,
demand: 795:110,240,240,240,240,165,165,165,:0,6,3,5,1,10,4,2,
demand: 831:138,143,:4,0,
demand: 923:243,44,74,48,7,120,:9,0,0,0,0,0,
demand: 528:250,250,250,250,195,195,195,231,133,:4,2,7,5,1,6,3,8,0,
demand: 237:89,201,201,201,201,201,:10,4,9,8,5,2,
demand: 805:51,51,51,46,:3,9,6,5,
demand: 623:160,160,160,160,160,186,186,186,186,186,135,:2,10,1,3,6,4,5,7,9,8,0,
demand: 754:176,176,176,176,159,159,159,159,:2,7,4,9,10,5,3,1,
demand: 48:113,113,186,186,122,122,185,:10,5,1,7,8,2,0,
demand: 255:61,244,:8,0,
demand: 816:125,125,125,8,8,:7,8,9,6,4,
demand: 297:217,7,87,87,87,:0,2,3,4,6,
demand: 731:50,50,50,50,50,104,:6,1,8,4,7,3,
demand: 911:196,196,196,196,196,68,68,:4,5,1,3,10,6,2,
demand: 552:139,139,139,139,139,139,134,134,:5,4,1,9,6,2,8,7,
demand: 591:185,167,167,167,167,98,98,98,98,4,4,10,:0,8,5,6,10,2,3,4,9,7,1,0,
demand: 478:143,143,187,:1,6,0,
demand: 196:119,199,:10,0,
demand: 121:120,120,120,30,30,30,140,140,140,140,:3,9,4,7,5,8,10,2,6,1,
demand: 448:28,75,75,75,75,:0,9,3,8,4,
demand: 467:102,102,102,240,240,246,246,:3,8,4,7,10,9,1,
demand: 823:243,243,243,202,202,202,45,45,45,164,224,:8,4,7,5,6,10,9,2,3,1,0,
demand: 565:52,52,52,52,25,25,25,25,1,:9,2,7,3,6,10,5,8,0,
demand: 975:130,130,130,165,:8,10,5,0,
demand: 661:135,186,186,204,:9,8,6,0,
demand: 538:185,185,170,170,170,173,173,173,230,:5,10,2,6,7,9,3,8,0,
demand: 505:36,62,:5,0,
demand: 598:44,67,67,67,67,105,105,105,105,92,92,:0,4,5,9,6,3,10,2,1,8,7,
demand: 568:174,174,174,67,67,:5,6,8,10,4,
demand: 393:233,60,60,60,60,209,:7,2,3,9,10,8,
demand: 348:203,203,22,22,22,221,221,221,:10,3,4,8,9,6,5,7,
demand: 368:151,157,157,157,157,138,138,:6,3,9,5,10,2,1,
demand: 395:30,30,30,179,179,56,56,56,56,206,162,:3,9,2,1,8,10,6,7,5,4,0,
demand: 767:235,235,235,235,8,:8,6,7,3,0,
demand: 756:125,125,125,119,:10,4,1,6,
demand: 567:132,237,55,55,55,17,17,223,:0,3,1,6,9,7,10,2,
demand: 788:233,69,69,69,69,146,146,146,146,223,:0,2,4,7,6,1,8,5,10,0,
demand: 353:46,46,46,49,49,49,220,203,76,173,170,:8,5,4,3,1,9,6,0,0,0,0,
demand: 846:209,34,34,34,34,118,118,118,:0,2,5,9,1,4,8,7,
demand: 546:81,81,81,81,81,178,178,178,178,202,:10,7,8,9,4,2,6,5,1,0,
demand: 738:247,247,247,247,211,211,130,:2,4,1,6,3,8,0,
demand: 786:191,191,191,191,191,191,71,71,71,:1,4,3,10,8,5,9,2,6,
demand: 42:35,35,35,108,:9,8,5,7,
demand: 2:200,200,200,200,102,:8,4,2,9,3,
demand: 833:30,69,69,69,69,181,181,181,92,92,:0,5,10,4,7,9,8,1,2,6,
demand: 99:50,8,8,8,8,246,:10,1,6,5,8,7,
demand: 220:54,168,:4,8,
demand: 876:215,215,215,239,:10,9,1,0,
demand: 810:145,35,35,35,210,210,:0,6,7,4,8,1,
demand: 883:70,67,67,67,180,180,180,:8,10,2,3,1,6,5,
demand: 193:20,200,200,200,241,241,49,:10,8,5,4,3,2,0,
demand: 87:160,46,46,46,46,58,58,58,58,127,:0,5,1,3,8,4,7,10,9,0,
demand: 808:144,144,144,106,106,165,165,165,120,:8,4,2,3,1,6,7,9,0,
Average Delay: 2.919191919191919
Runtime (mS): 117141Acceptation rate: 0.99