demand: 336:13,13,13,13,12,:7,3,6,2,1,
demand: 602:3,3,3,8,8,15,:3,6,1,2,5,0,
demand: 72:7,7,7,8,8,8,3,5,:3,6,2,7,4,5,1,0,
demand: 410:10,10,10,10,2,:3,6,7,4,0,
demand: 141:8,15,:1,0,
demand: 543:15,15,15,5,:7,2,5,0,
demand: 925:14,14,14,10,:6,4,1,0,
demand: 703:2,2,2,2,1,:5,7,3,2,0,
demand: 324:1,1,1,1,7,9,9,:2,3,6,1,7,5,4,
demand: 177:8,8,8,10,10,10,:7,5,3,1,2,4,
demand: 400:6,6,6,8,15,15,:3,1,6,5,7,2,
demand: 550:13,12,12,12,12,4,4,:6,1,4,3,7,5,2,
demand: 630:12,12,12,4,4,4,14,10,:2,7,4,6,5,3,1,0,
demand: 962:14,2,:6,3,
demand: 74:13,15,15,15,5,5,5,7,:4,2,6,7,1,3,5,0,
demand: 126:13,7,1,12,:0,0,4,0,
demand: 332:12,10,10,10,13,:0,3,2,4,0,
demand: 355:9,9,9,11,11,11,5,1,:5,7,3,2,6,1,0,0,
demand: 906:5,11,8,10,:0,7,5,4,
demand: 821:8,14,7,9,:0,5,3,0,
demand: 638:13,7,12,1,14,:0,3,5,0,0,
demand: 438:1,3,:5,0,
demand: 881:9,6,:5,0,
Average Delay: 2.95
Runtime (mS): 335Acceptation rate: 0.25