demand: 753:133,133,133,133,133,41,41,41,41,41,106,:3,8,10,6,7,2,1,5,4,9,0,
demand: 17:82,82,82,48,48,48,183,183,111,20,:1,10,7,6,2,5,4,8,0,0,
demand: 909:141,141,141,141,230,4,4,4,4,56,:10,2,3,4,8,9,6,7,1,0,
demand: 981:164,164,164,51,51,207,:6,5,8,9,4,0,
demand: 653:221,221,221,132,132,93,:8,1,4,9,2,0,
demand: 194:70,70,70,70,48,48,48,149,:1,7,8,9,6,5,4,0,
demand: 315:128,128,128,197,:3,6,2,9,
demand: 725:137,137,137,137,76,76,76,76,185,185,110,:3,6,8,10,2,7,1,4,9,5,0,
demand: 97:172,172,172,172,172,14,14,:7,4,3,8,1,5,6,
demand: 925:190,190,190,190,44,44,44,44,65,65,105,:8,4,7,1,10,3,2,5,6,9,0,
demand: 684:10,10,10,10,10,96,96,96,203,203,:3,2,8,10,9,6,5,4,1,7,
demand: 278:132,132,132,78,51,:1,6,4,3,0,
demand: 764:126,126,126,65,65,132,132,132,84,:5,10,1,4,3,9,8,6,0,
demand: 342:219,219,219,219,33,33,237,237,237,237,:6,8,5,9,7,2,1,10,3,4,
demand: 421:152,152,152,152,45,:8,6,4,9,0,
demand: 218:151,151,151,151,151,178,178,178,178,178,92,:9,1,6,8,4,10,7,5,3,2,0,
demand: 790:28,28,28,28,28,28,183,183,183,:8,4,7,6,2,1,5,10,3,
demand: 472:158,158,241,241,55,:1,2,5,9,4,
demand: 515:40,40,40,40,51,51,23,23,23,:3,5,4,2,8,1,10,6,7,
demand: 492:204,204,204,204,108,108,108,120,:7,2,8,5,3,9,1,0,
demand: 922:110,110,110,49,49,:4,7,10,9,8,
demand: 238:219,219,43,89,172,:6,10,0,0,0,
demand: 202:229,229,229,54,54,54,104,104,104,:8,3,5,10,2,9,6,4,1,
demand: 648:113,113,206,:2,6,4,
demand: 66:125,125,65,240,106,109,:8,7,0,0,0,0,
demand: 79:39,39,39,39,86,:3,7,6,4,2,
demand: 751:237,84,84,65,176,241,:0,8,5,0,0,0,
demand: 246:185,38,38,38,152,:6,9,2,10,0,
demand: 642:147,147,147,147,2,2,16,:9,3,2,6,1,5,0,
demand: 864:232,45,45,45,45,195,195,1,:8,10,1,6,7,4,5,9,
demand: 264:105,105,105,105,241,241,154,154,154,:5,6,2,8,10,9,4,7,3,
demand: 21:41,56,56,56,56,63,63,:1,9,10,8,7,3,4,
demand: 294:37,37,37,21,21,60,60,60,:9,10,5,7,6,2,4,3,
demand: 222:139,139,139,139,139,33,33,123,123,123,:9,4,7,1,6,10,2,3,8,5,
demand: 915:86,86,86,86,16,16,16,16,31,:4,5,3,2,1,6,7,10,0,
demand: 544:157,157,157,157,157,134,134,134,134,82,:7,8,3,5,2,10,1,4,6,0,
demand: 768:17,17,17,17,55,55,167,167,167,:10,9,8,1,4,7,6,5,2,
demand: 838:112,112,112,22,22,22,118,118,118,:2,8,4,5,7,1,3,10,9,
demand: 614:113,224,224,:0,5,4,
demand: 676:134,134,134,134,90,90,32,:2,9,4,6,5,3,0,
demand: 274:75,75,75,75,75,7,7,7,7,55,:1,5,3,10,7,4,2,8,6,0,
demand: 524:91,91,95,:2,3,0,
demand: 546:128,128,24,24,24,24,:6,1,9,4,3,2,
demand: 178:239,239,239,10,:3,8,10,0,
demand: 568:66,66,66,66,64,:6,8,3,2,0,
demand: 843:10,24,24,28,48,45,11,:0,4,6,0,0,0,0,
demand: 427:122,122,122,122,122,170,170,170,170,170,19,:10,5,6,3,9,2,4,8,1,7,0,
demand: 416:144,144,144,4,243,:10,6,5,4,0,
demand: 213:95,95,11,11,214,214,:9,5,8,3,1,10,
demand: 561:165,165,165,165,101,101,101,:3,7,6,1,8,5,2,
demand: 47:21,21,122,122,122,76,76,:7,8,1,2,4,6,5,
demand: 908:239,239,239,239,239,138,138,:5,1,4,7,9,3,6,
demand: 275:212,212,101,:4,5,0,
demand: 750:114,114,114,114,114,155,:8,9,1,6,10,3,
demand: 80:46,46,46,46,49,49,49,190,:1,6,3,8,2,5,10,0,
demand: 152:72,72,163,163,163,163,:8,1,3,10,9,2,
demand: 865:3,3,3,3,83,83,83,83,187,187,:2,8,9,1,4,3,7,5,10,6,
demand: 902:144,144,144,18,18,18,217,217,217,:4,2,1,7,6,5,3,8,9,
demand: 68:58,58,46,142,:6,1,0,0,
demand: 167:185,185,184,184,184,184,:1,3,6,4,8,5,
demand: 891:218,218,158,:5,9,0,
demand: 451:197,197,197,197,98,98,98,4,:4,2,5,8,6,7,1,0,
demand: 180:159,159,159,159,122,122,122,160,:6,9,8,7,1,2,4,3,
demand: 39:5,5,5,5,5,207,:8,3,10,6,5,9,
demand: 760:47,47,47,47,47,35,35,35,35,35,27,:4,3,5,9,1,6,7,10,2,8,0,
demand: 358:36,36,36,98,:5,8,4,0,
demand: 69:30,30,30,30,225,225,:1,10,8,7,6,9,
demand: 920:27,27,27,35,35,111,:5,3,8,6,1,0,
demand: 996:103,103,103,178,150,:8,6,9,0,0,
demand: 61:97,97,28,:10,8,4,
demand: 674:113,32,:0,7,
Average Delay: 2.8
Runtime (mS): 17383Acceptation rate: 1.0