194, 229, 39, 49, 187, 189, 49, 187, 49, 241, 
177, 47, 249, 39, 187, 189, 243, 39, 49, 177, 47, 249, 39, 187, 158, 32, 47, 156, 177, 161, 35, 170, 
243, 223, 154, 153, 113, 189, 243, 49, 177, 156, 21, 158, 154, 194, 
243, 169, 75, 129, 236, 92, 47, 156, 21, 218, 75, 177, 20, 21, 20, 92, 236, 92, 139, 
169, 75, 38, 31, 153, 113, 25, 244, 25, 224, 
242, 161, 21, 218, 69, 47, 185, 160, 69, 244, 48, 19, 174, 103, 160, 13, 
244, 70, 158, 3, 14, 70, 152, 176, 
14, 152, 176, 42, 14, 113, 228, 14, 3, 242, 
152, 185, 160, 103, 174, 187, 
19, 48, 229, 14, 220, 
42, 228, 184, 227, 188, 184, 227, 21, 233, 
228, 42, 227, 205, 228, 60, 58, 218, 242, 39, 42, 164, 
228, 60, 188, 58, 60, 1, 
58, 60, 38, 205, 227, 57, 
166, 228, 205, 42, 160, 103, 166, 117, 32, 205, 50, 
202, 27, 188, 203, 58, 211, 190, 211, 209, 65, 13, 161, 20, 92, 
184, 174, 101, 227, 205, 32, 117, 188, 203, 202, 27, 246, 65, 113, 25, 244, 190, 211, 46, 164, 237, 58, 237, 209, 200, 223, 22, 154, 
190, 32, 117, 203, 205, 32, 117, 203, 202, 166, 117, 203, 10, 103, 122, 
86, 202, 27, 246, 65, 32, 190, 248, 79, 202, 27, 244, 
65, 246, 27, 202, 86, 202, 27, 246, 65, 32, 190, 32, 65, 200, 1, 
61, 65, 246, 65, 32, 190, 32, 65, 246, 86, 221, 202, 16, 
79, 248, 221, 86, 203, 79, 246, 212, 221, 117, 92, 91, 32, 79, 248, 221, 55, 248, 221, 33, 92, 
246, 105, 221, 55, 105, 212, 55, 248, 118, 
212, 105, 55, 248, 212, 105, 66, 127, 92, 122, 47, 44, 33, 178, 
92, 33, 66, 105, 134, 32, 91, 92, 33, 66, 105, 134, 32, 91, 92, 47, 157, 21, 161, 186, 242, 194, 55, 105, 134, 133, 74, 41, 134, 133, 74, 243, 
168, 1, 201, 195, 223, 242, 207, 186, 223, 195, 30, 49, 
1, 233, 64, 195, 223, 229, 155, 194, 242, 186, 223, 229, 155, 13, 106, 
134, 133, 74, 41, 134, 133, 74, 41, 30, 195, 223, 186, 41, 134, 144, 
2, 36, 
1, 201, 195, 223, 190, 
2, 133, 74, 41, 214, 
133, 2, 64, 195, 201, 74, 134, 41, 214, 18, 161, 
2, 133, 44, 201, 195, 30, 155, 194, 242, 35, 39, 10, 29, 133, 2, 64, 195, 201, 242, 194, 108, 223, 186, 170, 178, 
1, 242, 194, 108, 1, 
1, 242, 64, 195, 108, 19, 64, 233, 5, 
233, 186, 223, 134, 
1, 108, 19, 155, 22, 19, 64, 130, 194, 108, 223, 19, 108, 157, 18, 216, 
1, 108, 19, 155, 148, 133, 134, 41, 214, 148, 155, 12, 77, 194, 130, 30, 155, 148, 100, 
1, 201, 44, 10, 2, 186, 233, 79, 
10, 44, 82, 164, 77, 12, 155, 148, 133, 44, 201, 115, 
133, 44, 201, 1, 77, 12, 132, 19, 155, 66, 
2, 10, 44, 82, 164, 77, 12, 132, 19, 10, 116, 186, 10, 148, 221, 
1, 141, 204, 56, 233, 130, 116, 164, 82, 214, 41, 164, 82, 214, 142, 26, 2, 142, 187, 
214, 142, 26, 116, 164, 222, 12, 132, 19, 42, 
195, 26, 116, 164, 222, 90, 
130, 116, 164, 222, 164, 116, 26, 157, 133, 148, 155, 19, 132, 157, 26, 142, 132, 12, 77, 57, 26, 45, 
1, 108, 157, 26, 80, 222, 157, 177, 214, 241, 82, 22, 63, 30, 172, 155, 96, 74, 
29, 22, 82, 241, 116, 130, 238, 164, 132, 157, 63, 22, 84, 12, 
1, 130, 15, 
1, 77, 26, 16, 222, 29, 22, 63, 92, 
157, 63, 22, 29, 222, 16, 29, 127, 16, 238, 172, 1, 239, 
241, 84, 238, 16, 127, 96, 73, 172, 238, 84, 186, 
226, 16, 127, 96, 73, 172, 241, 84, 226, 16, 127, 29, 121, 
172, 73, 96, 127, 193, 241, 207, 40, 168, 241, 84, 226, 40, 172, 96, 193, 128, 
73, 172, 241, 84, 226, 40, 168, 233, 84, 233, 
84, 200, 73, 193, 40, 168, 250, 
1, 200, 193, 136, 226, 168, 241, 207, 110, 226, 225, 
200, 193, 241, 207, 109, 
22, 238, 172, 69, 
207, 241, 168, 200, 241, 207, 40, 168, 40, 207, 110, 162, 136, 226, 84, 226, 168, 226, 136, 227, 161, 
168, 241, 200, 1, 207, 19, 110, 207, 40, 136, 226, 110, 159, 97, 
110, 207, 1, 200, 193, 136, 40, 226, 110, 73, 200, 241, 136, 183, 107, 88, 
110, 216, 183, 122, 12, 241, 200, 216, 124, 159, 51, 137, 183, 127, 51, 19, 
137, 154, 249, 16, 154, 249, 207, 51, 168, 154, 249, 4, 124, 122, 67, 154, 249, 51, 159, 107, 124, 118, 103, 
18, 161, 154, 71, 56, 71, 147, 161, 18, 161, 186, 86, 
158, 3, 67, 18, 110, 67, 136, 118, 67, 18, 43, 124, 118, 67, 18, 156, 161, 179, 
3, 67, 18, 20, 161, 107, 147, 161, 20, 18, 67, 118, 67, 18, 20, 161, 145, 18, 145, 161, 145, 18, 145, 161, 240, 
3, 67, 118, 9, 161, 147, 53, 161, 147, 53, 161, 9, 118, 67, 3, 163, 118, 9, 68, 
3, 194, 163, 118, 9, 143, 
118, 9, 161, 147, 161, 9, 118, 163, 3, 53, 161, 9, 161, 53, 73, 96, 9, 25, 113, 153, 128, 67, 53, 250, 
53, 147, 3, 163, 118, 46, 67, 53, 147, 3, 163, 139, 
158, 3, 224, 
3, 163, 3, 147, 53, 161, 145, 161, 64, 163, 3, 170, 145, 43, 145, 170, 145, 43, 21, 218, 237, 
3, 147, 53, 8, 163, 114, 56, 9, 25, 211, 128, 163, 161, 150, 163, 59, 
163, 114, 56, 9, 25, 66, 9, 25, 163, 161, 150, 56, 9, 232, 54, 
34, 114, 56, 150, 114, 56, 150, 114, 56, 150, 114, 56, 150, 114, 68, 
56, 114, 56, 150, 56, 114, 150, 56, 9, 25, 211, 128, 34, 114, 150, 56, 9, 25, 211, 128, 34, 114, 66, 167, 
162, 43, 162, 170, 162, 145, 67, 128, 34, 46, 43, 162, 170, 162, 145, 162, 43, 34, 128, 153, 208, 25, 66, 114, 163, 102, 
3, 170, 213, 66, 25, 46, 34, 114, 
46, 224, 3, 
150, 114, 34, 46, 25, 170, 213, 66, 34, 46, 25, 170, 216, 124, 
34, 66, 211, 
34, 66, 25, 208, 
66, 25, 170, 213, 66, 34, 128, 34, 66, 213, 170, 25, 213, 145, 162, 216, 43, 46, 128, 34, 43, 46, 129, 
44, 66, 232, 170, 8, 76, 145, 213, 25, 182, 76, 145, 213, 190, 128, 46, 43, 128, 46, 43, 128, 46, 224, 
170, 232, 66, 219, 232, 66, 219, 149, 
46, 89, 232, 219, 76, 60, 
128, 46, 43, 46, 128, 153, 208, 25, 213, 145, 76, 145, 213, 145, 76, 8, 232, 219, 76, 8, 232, 170, 216, 43, 46, 89, 232, 195, 
76, 8, 232, 89, 176, 8, 76, 219, 176, 8, 182, 76, 213, 176, 8, 182, 76, 123, 
43, 114, 213, 102, 
219, 247, 
213, 145, 76, 219, 176, 89, 232, 8, 182, 176, 89, 219, 176, 26, 
219, 176, 89, 56, 176, 182, 2, 76, 152, 176, 34, 89, 39, 176, 182, 108, 194, 
152, 176, 182, 8, 89, 152, 176, 182, 8, 89, 34, 176, 182, 76, 145, 18, 89, 13, 146, 227, 162, 89, 18, 145, 76, 182, 13, 89, 162, 113, 
162, 13, 81, 57, 162, 8, 
141, 13, 162, 61, 17, 162, 13, 81, 89, 13, 162, 61, 17, 141, 115, 13, 81, 57, 31, 88, 
131, 31, 13, 115, 141, 17, 162, 57, 81, 17, 162, 57, 77, 119, 
17, 61, 115, 141, 85, 115, 61, 139, 115, 85, 212, 105, 
139, 115, 85, 141, 11, 52, 17, 81, 85, 115, 139, 61, 81, 85, 31, 131, 11, 52, 139, 81, 207, 
52, 11, 131, 31, 11, 52, 139, 61, 115, 11, 131, 85, 31, 118, 131, 85, 31, 118, 131, 197, 61, 139, 52, 27, 
156, 131, 197, 239, 31, 40, 
197, 131, 52, 57, 245, 17, 197, 185, 
11, 245, 239, 156, 111, 245, 239, 111, 
239, 245, 111, 156, 239, 245, 111, 86, 
156, 180, 239, 
180, 239, 156, 111, 180, 156, 197, 146, 220, 180, 239, 245, 78, 248, 55, 
220, 146, 180, 220, 201, 
78, 220, 146, 180, 220, 146, 118, 
78, 12, 146, 12, 78, 12, 146, 12, 78, 50, 146, 12, 78, 50, 78, 220, 78, 87, 39, 229, 123, 121, 146, 210, 87, 93, 
4, 250, 250, 250, 250, 83, 23, 35, 155, 
27, 4, 20, 72, 211, 126, 104, 208, 178, 33, 37, 247, 4, 20, 47, 33, 178, 54, 39, 120, 144, 211, 39, 
4, 20, 235, 179, 36, 95, 198, 50, 205, 
4, 20, 235, 60, 
229, 209, 88, 65, 208, 153, 208, 65, 88, 209, 229, 123, 121, 37, 247, 4, 20, 235, 179, 36, 143, 
9, 4, 247, 37, 121, 199, 
4, 247, 37, 121, 199, 106, 234, 125, 206, 80, 234, 125, 206, 80, 237, 72, 211, 126, 25, 
4, 225, 72, 211, 126, 104, 208, 155, 
57, 5, 126, 211, 72, 225, 4, 247, 37, 247, 4, 20, 4, 225, 72, 237, 80, 206, 125, 234, 80, 206, 240, 232, 
124, 4, 225, 4, 39, 120, 144, 59, 35, 23, 83, 215, 50, 157, 177, 20, 153, 123, 229, 61, 209, 50, 157, 177, 20, 171, 
5, 93, 
5, 62, 20, 153, 123, 229, 247, 5, 62, 237, 80, 206, 125, 234, 80, 232, 
5, 62, 237, 80, 231, 59, 35, 23, 5, 247, 35, 59, 199, 106, 234, 80, 144, 181, 
151, 33, 178, 54, 39, 87, 210, 209, 50, 198, 95, 36, 32, 
5, 62, 4, 
87, 210, 209, 50, 198, 95, 36, 65, 
151, 33, 102, 179, 36, 143, 95, 208, 104, 209, 50, 209, 210, 87, 39, 54, 178, 66, 
5, 23, 83, 215, 45, 179, 36, 95, 198, 50, 7, 
231, 59, 199, 230, 210, 140, 36, 143, 95, 208, 104, 206, 240, 232, 5, 
24, 231, 175, 59, 35, 23, 39, 197, 
102, 215, 45, 179, 102, 33, 151, 225, 149, 102, 204, 125, 5, 23, 83, 140, 31, 13, 
39, 143, 36, 51, 
5, 149, 225, 71, 15, 199, 183, 
153, 123, 121, 37, 215, 45, 175, 153, 120, 119, 175, 204, 125, 71, 15, 199, 230, 28, 140, 
153, 120, 119, 175, 153, 123, 121, 199, 121, 35, 
24, 68, 99, 173, 71, 28, 230, 199, 15, 71, 225, 94, 24, 68, 99, 237, 72, 225, 149, 146, 
173, 71, 225, 151, 240, 204, 125, 71, 28, 68, 99, 142, 
28, 71, 15, 199, 196, 99, 68, 140, 210, 209, 94, 90, 140, 83, 200, 
71, 173, 119, 171, 50, 90, 94, 101, 99, 71, 
7, 80, 171, 119, 120, 153, 171, 192, 112, 39, 143, 206, 90, 7, 94, 24, 112, 223, 
93, 5, 179, 33, 112, 192, 224, 231, 167, 198, 211, 106, 206, 101, 167, 196, 98, 236, 
138, 98, 196, 116, 
224, 192, 112, 7, 93, 120, 153, 167, 101, 138, 210, 224, 101, 94, 24, 224, 231, 80, 71, 6, 68, 9, 70, 
6, 181, 196, 98, 97, 165, 88, 217, 208, 178, 54, 6, 175, 100, 215, 97, 165, 62, 237, 80, 231, 224, 
54, 24, 109, 237, 88, 165, 104, 88, 25, 47, 
237, 37, 6, 175, 100, 91, 217, 208, 191, 138, 100, 211, 181, 6, 175, 100, 
39, 137, 37, 6, 199, 230, 171, 6, 181, 211, 100, 240, 52, 
20, 91, 93, 135, 217, 91, 234, 217, 91, 151, 88, 165, 97, 215, 100, 175, 6, 181, 211, 100, 60, 
54, 6, 37, 217, 91, 100, 211, 181, 91, 100, 191, 90, 
6, 37, 217, 135, 100, 191, 91, 123, 153, 97, 165, 104, 88, 25, 5, 
223, 88, 104, 165, 97, 215, 88, 165, 106, 211, 181, 211, 100, 91, 217, 135, 217, 91, 191, 171, 230, 88, 165, 97, 175, 
88, 125, 135, 217, 88, 104, 165, 15, 97, 215, 45, 36, 88, 217, 44, 
191, 91, 191, 208, 217, 88, 225, 179, 5, 
33, 151, 91, 181, 135, 125, 234, 106, 165, 91, 181, 182, 176, 
37, 217, 109, 97, 91, 109, 94, 191, 135, 208, 191, 135, 181, 123, 229, 230, 3, 
91, 109, 138, 191, 135, 181, 91, 109, 97, 114, 
93, 135, 208, 217, 109, 138, 191, 138, 210, 
24, 109, 97, 109, 24, 165, 191, 100, 135, 109, 109, 24, 97, 98, 198, 109, 94, 191, 94, 109, 112, 135, 93, 165, 235, 191, 198, 109, 97, 109, 237, 61, 
98, 97, 135, 138, 109, 235, 191, 100, 135, 138, 109, 20, 235, 109, 97, 191, 235, 20, 47, 109, 5, 62, 237, 109, 217, 208, 191, 112, 135, 217, 208, 191, 235, 129, 
198, 109, 97, 91, 165, 14, 
227, 109, 208, 135, 198, 20, 135, 198, 109, 98, 109, 138, 135, 198, 167, 97, 135, 181, 109, 237, 70, 
165, 98, 36, 
98, 198, 196, 98, 34, 128, 190, 20, 98, 165, 98, 98, 198, 98, 250, 98, 98, 98, 140, 91, 97, 
140, 140, 140, 3, 165, 198, 140, 198, 20, 140, 20, 235, 20, 140, 140, 140, 165, 140, 140, 83, 11, 209, 
165, 198, 167, 20, 122, 167, 20, 165, 102, 165, 167, 20, 13, 20, 198, 167, 231, 167, 88, 165, 198, 47, 20, 198, 167, 198, 17, 20, 165, 165, 198, 167, 107, 88, 165, 167, 101, 167, 61, 167, 144, 165, 167, 101, 131, 31, 167, 110, 
24, 198, 20, 123, 198, 165, 198, 20, 198, 20, 198, 165, 60, 198, 198, 237, 35, 198, 20, 191, 198, 20, 165, 20, 165, 198, 198, 198, 165, 50, 157, 21, 20, 198, 20, 122, 37, 66, 165, 198, 20, 198, 165, 198, 198, 156, 198, 198, 198, 151, 198, 20, 198, 165, 198, 198, 198, 66, 198, 167, 195, 64, 198, 21, 20, 198, 198, 51, 198, 20, 20, 198, 214, 198, 20, 198, 198, 128, 190, 20, 198, 198, 191, 198, 156, 21, 20, 198, 167, 66, 198, 198, 220, 198, 47, 20, 198, 198, 122, 32, 
20, 165, 165, 20, 20, 20, 17, 20, demand: 949:243,194,229,39,49,187,189,49,187,49,241,:0,0,0,0,6,19,17,10,20,0,0,
demand: 938:161,177,47,249,39,187,189,243,39,49,177,47,249,39,187,158,32,47,156,177,161,35,170,:0,13,3,0,0,2,19,16,0,1,17,20,0,0,10,9,0,5,0,18,0,0,0,
demand: 727:240,243,223,154,153,113,189,243,49,177,156,21,158,154,194,:0,14,0,0,0,16,15,11,20,9,0,2,7,0,0,
demand: 370:12,243,169,75,129,236,92,47,156,21,218,75,177,20,21,20,92,236,92,139,:0,15,6,20,5,12,0,14,0,9,16,18,4,0,8,0,0,13,0,0,
demand: 982:165,169,75,38,31,153,113,25,244,25,224,:0,20,11,6,0,0,12,0,19,0,0,
demand: 947:194,242,161,21,218,69,47,185,160,69,244,48,19,174,103,160,13,:0,0,0,14,11,6,10,3,17,20,18,5,0,19,16,8,0,
demand: 547:42,244,70,158,3,14,70,152,176,:0,8,7,10,0,19,6,12,0,
demand: 769:161,14,152,176,42,14,113,228,14,3,242,:0,2,12,0,16,9,15,19,6,0,0,
demand: 664:120,152,185,160,103,174,187,:0,9,17,4,13,14,0,
demand: 556:226,19,48,229,14,220,:0,0,18,0,4,0,
demand: 162:56,42,228,184,227,188,184,227,21,233,:0,17,1,9,8,19,6,18,15,0,
demand: 804:237,228,42,227,205,228,60,58,218,242,39,42,164,:0,11,4,12,7,9,18,19,10,0,0,13,0,
demand: 629:168,228,60,188,58,60,1,:0,9,16,11,5,0,0,
demand: 382:80,58,60,38,205,227,57,:0,18,0,10,2,0,0,
demand: 229:161,166,228,205,42,160,103,166,117,32,205,50,:0,12,10,17,1,20,0,3,8,9,4,0,
demand: 371:132,202,27,188,203,58,211,190,211,209,65,13,161,20,92,:0,3,18,1,6,15,0,5,0,0,9,0,0,0,0,
demand: 315:110,184,174,101,227,205,32,117,188,203,202,27,246,65,113,25,244,190,211,46,164,237,58,237,209,200,223,22,154,:0,11,20,0,0,14,18,12,10,13,2,1,4,6,0,0,0,7,0,0,0,0,15,0,0,0,0,0,0,
demand: 781:20,190,32,117,203,205,32,117,203,202,166,117,203,10,103,122,:0,5,7,16,2,10,19,14,17,1,15,12,8,0,20,0,
demand: 253:25,86,202,27,246,65,32,190,248,79,202,27,244,:0,3,7,15,2,10,6,14,13,1,18,16,0,
demand: 227:249,65,246,27,202,86,202,27,246,65,32,190,32,65,200,1,:0,6,1,20,16,7,0,5,3,13,11,4,0,18,0,0,
demand: 464:224,61,65,246,65,32,190,32,65,246,86,221,202,16,:0,0,19,11,0,0,15,0,18,17,3,12,20,0,
demand: 199:105,79,248,221,86,203,79,246,212,221,117,92,91,32,79,248,221,55,248,221,33,92,:0,12,7,11,10,20,6,18,1,4,8,13,0,2,19,17,9,5,15,3,0,0,
demand: 44:211,246,105,221,55,105,212,55,248,118,:0,16,18,2,1,10,7,19,0,0,
demand: 14:168,212,105,55,248,212,105,66,127,92,122,47,44,33,178,:0,19,11,4,2,10,8,0,0,3,0,0,15,0,0,
demand: 200:130,92,33,66,105,134,32,91,92,33,66,105,134,32,91,92,47,157,21,161,186,242,194,55,105,134,133,74,41,134,133,74,243,:0,9,0,0,5,8,0,0,20,0,0,2,7,0,0,13,0,4,0,0,11,17,12,0,16,6,19,18,10,3,15,1,0,
demand: 437:113,168,1,201,195,223,242,207,186,223,195,30,49,:0,0,9,17,1,6,15,0,4,5,20,16,0,
demand: 478:27,1,233,64,195,223,229,155,194,242,186,223,229,155,13,106,:0,17,9,12,16,18,0,8,5,19,13,11,0,1,0,0,
demand: 833:140,134,133,74,41,134,133,74,41,30,195,223,186,41,134,144,:0,15,13,16,5,4,18,14,10,3,11,19,9,2,20,0,
demand: 215:59,2,36,:0,20,0,
demand: 150:171,1,201,195,223,190,:0,11,8,17,10,0,
demand: 608:15,2,133,74,41,214,:0,5,18,11,0,0,
demand: 181:109,133,2,64,195,201,74,134,41,214,18,161,:0,15,12,8,6,3,16,10,2,9,0,0,
demand: 406:75,2,133,44,201,195,30,155,194,242,35,39,10,29,133,2,64,195,201,242,194,108,223,186,170,178,:0,19,15,12,5,0,2,17,16,7,0,0,3,18,4,10,1,14,20,11,9,13,6,8,0,0,
demand: 646:115,1,242,194,108,1,:0,17,6,1,15,0,
demand: 161:162,1,242,64,195,108,19,64,233,5,:0,11,6,8,4,3,9,7,5,0,
demand: 423:64,233,186,223,134,:0,5,19,0,0,
demand: 338:125,1,108,19,155,22,19,64,130,194,108,223,19,108,157,18,216,:0,15,18,6,5,9,7,8,16,1,2,20,14,12,0,0,0,
demand: 613:112,1,108,19,155,148,133,134,41,214,148,155,12,77,194,130,30,155,148,100,:0,5,0,17,8,16,13,0,20,18,2,3,19,12,10,4,11,9,6,0,
demand: 506:237,1,201,44,10,2,186,233,79,:0,9,10,14,17,1,13,8,0,
demand: 675:2,10,44,82,164,77,12,155,148,133,44,201,115,:0,16,18,8,17,13,7,4,11,20,6,10,0,
demand: 325:17,133,44,201,1,77,12,132,19,155,66,:0,15,19,20,8,16,12,6,10,0,0,
demand: 979:86,2,10,44,82,164,77,12,132,19,10,116,186,10,148,221,:0,4,9,12,5,7,16,15,17,20,8,3,13,18,1,0,
demand: 572:23,1,141,204,56,233,130,116,164,82,214,41,164,82,214,142,26,2,142,187,:0,7,0,0,0,1,9,13,11,17,14,15,12,5,18,2,16,10,6,0,
demand: 634:93,214,142,26,116,164,222,12,132,19,42,:0,7,19,13,18,2,8,9,14,1,0,
demand: 176:57,195,26,116,164,222,90,:0,20,11,3,1,5,0,
demand: 971:176,130,116,164,222,164,116,26,157,133,148,155,19,132,157,26,142,132,12,77,57,26,45,:0,5,8,13,17,0,9,2,3,15,20,0,0,19,12,6,18,16,4,14,0,7,0,
demand: 214:131,1,108,157,26,80,222,157,177,214,241,82,22,63,30,172,155,96,74,:0,11,0,16,14,0,5,4,0,7,6,1,3,19,10,2,15,17,0,
demand: 643:93,29,22,82,241,116,130,238,164,132,157,63,22,84,12,:0,2,6,15,19,14,1,7,13,18,4,5,16,9,0,
demand: 497:215,1,130,15,:0,20,11,0,
demand: 694:191,1,77,26,16,222,29,22,63,92,:0,14,15,13,16,1,18,4,6,0,
demand: 972:83,157,63,22,29,222,16,29,127,16,238,172,1,239,:0,4,8,0,11,15,7,2,1,13,18,6,0,0,
demand: 477:195,241,84,238,16,127,96,73,172,238,84,186,:0,11,3,2,17,12,16,7,15,5,19,0,
demand: 794:39,226,16,127,96,73,172,241,84,226,16,127,29,121,:0,5,1,7,10,3,12,2,15,18,8,9,0,0,
demand: 365:163,172,73,96,127,193,241,207,40,168,241,84,226,40,172,96,193,128,:0,3,5,12,16,18,20,7,2,9,1,15,8,17,11,19,14,0,
demand: 155:99,73,172,241,84,226,40,168,233,84,233,:0,7,0,1,0,18,19,5,20,4,0,
demand: 663:89,84,200,73,193,40,168,250,:0,10,8,11,5,9,14,0,
demand: 163:109,1,200,193,136,226,168,241,207,110,226,225,:0,15,2,7,19,12,8,13,10,6,11,0,
demand: 262:52,200,193,241,207,109,:0,12,2,4,10,0,
demand: 929:84,22,238,172,69,:0,4,14,0,0,
demand: 611:67,207,241,168,200,241,207,40,168,40,207,110,162,136,226,84,226,168,226,136,227,161,:0,1,0,18,5,0,19,15,12,0,16,9,0,17,4,10,0,11,13,0,0,0,
demand: 813:14,168,241,200,1,207,19,110,207,40,136,226,110,159,97,:0,15,0,1,0,17,20,16,18,0,6,0,19,5,0,
demand: 144:246,110,207,1,200,193,136,40,226,110,73,200,241,136,183,107,88,:0,17,0,0,14,0,3,0,0,4,0,1,10,2,5,12,0,
demand: 753:169,110,216,183,122,12,241,200,216,124,159,51,137,183,127,51,19,:0,1,3,14,5,20,0,4,19,7,6,9,12,18,10,8,0,
demand: 624:6,137,154,249,16,154,249,207,51,168,154,249,4,124,122,67,154,249,51,159,107,124,118,103,:0,19,13,9,15,14,1,20,8,10,3,17,0,5,6,12,4,18,16,0,11,2,7,0,
demand: 523:20,18,161,154,71,56,71,147,161,18,161,186,86,:0,7,19,2,0,6,0,18,12,4,0,0,0,
demand: 616:215,158,3,67,18,110,67,136,118,67,18,43,124,118,67,18,156,161,179,:0,0,1,8,3,20,7,15,11,18,14,0,2,9,17,13,0,4,0,
demand: 70:26,3,67,18,20,161,107,147,161,20,18,67,118,67,18,20,161,145,18,145,161,145,18,145,161,240,:0,15,17,13,0,0,16,18,2,0,8,4,6,0,7,0,12,1,3,0,11,9,5,0,10,0,
demand: 333:224,3,67,118,9,161,147,53,161,147,53,161,9,118,67,3,163,118,9,68,:0,9,14,17,12,8,19,11,5,18,7,13,3,1,6,16,4,15,2,0,
demand: 814:170,3,194,163,118,9,143,:0,4,20,8,19,18,0,
demand: 159:131,118,9,161,147,161,9,118,163,3,53,161,9,161,53,73,96,9,25,113,153,128,67,53,250,:0,18,15,11,7,0,6,17,9,1,5,12,14,0,13,20,0,2,10,0,0,16,19,3,0,
demand: 916:241,53,147,3,163,118,46,67,53,147,3,163,139,:0,11,1,9,6,15,8,16,3,5,12,4,0,
demand: 524:5,158,3,224,:0,0,10,0,
demand: 687:24,3,163,3,147,53,161,145,161,64,163,3,170,145,43,145,170,145,43,21,218,237,:0,13,14,0,7,0,0,5,0,20,11,9,19,10,15,0,3,8,4,0,0,0,
demand: 997:238,3,147,53,8,163,114,56,9,25,211,128,163,161,150,163,59,:0,4,9,10,12,18,3,7,1,16,0,15,6,2,11,5,0,
demand: 492:196,163,114,56,9,25,66,9,25,163,161,150,56,9,232,54,:0,3,6,18,9,1,7,5,17,14,8,19,11,4,12,0,
demand: 668:151,34,114,56,150,114,56,150,114,56,150,114,56,150,114,68,:0,15,8,4,6,13,17,11,14,16,19,3,7,12,18,0,
demand: 683:179,56,114,56,150,56,114,150,56,9,25,211,128,34,114,150,56,9,25,211,128,34,114,66,167,:0,14,16,0,13,18,7,8,3,0,11,0,20,5,10,2,12,0,19,0,4,9,15,1,0,
demand: 226:146,162,43,162,170,162,145,67,128,34,46,43,162,170,162,145,162,43,34,128,153,208,25,66,114,163,102,:0,0,1,0,8,0,19,4,7,10,12,20,0,14,0,15,0,13,6,3,0,0,17,18,16,0,0,
demand: 920:92,3,170,213,66,25,46,34,114,:0,20,11,4,18,17,7,14,0,
demand: 445:116,46,224,3,:0,1,0,0,
demand: 372:126,150,114,34,46,25,170,213,66,34,46,25,170,216,124,:0,20,0,9,6,10,4,11,1,17,8,14,5,0,0,
demand: 673:164,34,66,211,:0,7,0,0,
demand: 211:15,34,66,25,208,:0,19,9,8,0,
demand: 642:155,66,25,170,213,66,34,128,34,66,213,170,25,213,145,162,216,43,46,128,34,43,46,129,:0,20,9,13,16,17,6,4,0,12,19,7,10,1,3,0,0,14,5,15,8,11,18,0,
demand: 98:201,44,66,232,170,8,76,145,213,25,182,76,145,213,190,128,46,43,128,46,43,128,46,224,:0,0,6,7,2,11,13,5,20,4,3,15,19,9,0,12,14,16,8,18,1,10,17,0,
demand: 354:22,170,232,66,219,232,66,219,149,:0,1,4,17,19,12,20,5,0,
demand: 499:18,46,89,232,219,76,60,:0,2,1,7,13,18,0,
demand: 902:3,128,46,43,46,128,153,208,25,213,145,76,145,213,145,76,8,232,219,76,8,232,170,216,43,46,89,232,195,:0,15,8,9,0,13,0,0,11,12,0,1,6,7,0,10,20,17,4,14,3,5,16,0,19,0,18,2,0,
demand: 438:99,76,8,232,89,176,8,76,219,176,8,182,76,213,176,8,182,76,123,:0,12,16,6,15,8,1,2,4,18,13,17,3,5,14,19,10,20,0,
demand: 945:128,43,114,213,102,:0,2,4,10,0,
demand: 987:66,219,247,:0,13,0,
demand: 602:1,213,145,76,219,176,89,232,8,182,176,89,219,176,26,:0,20,0,9,10,18,2,4,6,19,3,5,15,14,0,
demand: 579:6,219,176,89,56,176,182,2,76,152,176,34,89,39,176,182,108,194,:0,7,18,15,20,5,14,0,10,0,19,16,3,0,17,11,0,0,
demand: 594:235,152,176,182,8,89,152,176,182,8,89,34,176,182,76,145,18,89,13,146,227,162,89,18,145,76,182,13,89,162,113,:0,0,6,19,0,14,0,16,13,0,8,0,9,15,0,0,0,18,5,0,0,11,17,0,0,0,20,7,10,2,0,
demand: 756:61,162,13,81,57,162,8,:0,19,8,11,7,5,0,
demand: 78:66,141,13,162,61,17,162,13,81,89,13,162,61,17,141,115,13,81,57,31,88,:0,6,9,11,3,18,14,17,4,16,10,13,8,20,19,1,2,15,12,5,0,
demand: 641:118,131,31,13,115,141,17,162,57,81,17,162,57,77,119,:0,9,14,16,7,19,12,2,8,15,10,6,5,0,0,
demand: 336:62,17,61,115,141,85,115,61,139,115,85,212,105,:0,11,12,20,17,5,18,7,4,9,15,0,0,
demand: 345:67,139,115,85,141,11,52,17,81,85,115,139,61,81,85,31,131,11,52,139,81,207,:0,7,3,4,16,1,18,8,20,2,0,13,11,5,10,12,9,6,19,17,14,0,
demand: 496:172,52,11,131,31,11,52,139,61,115,11,131,85,31,118,131,85,31,118,131,197,61,139,52,27,:0,3,7,12,10,13,4,19,0,2,9,14,11,1,0,6,8,15,0,18,5,0,17,20,0,
demand: 746:162,156,131,197,239,31,40,:0,0,18,19,6,20,0,
demand: 911:112,197,131,52,57,245,17,197,185,:0,0,17,9,2,19,4,3,0,
demand: 279:238,11,245,239,156,111,245,239,111,:0,16,3,9,11,7,10,18,0,
demand: 500:99,239,245,111,156,239,245,111,86,:0,20,17,1,6,7,4,5,0,
demand: 738:95,156,180,239,:0,1,3,0,
demand: 436:168,180,239,156,111,180,156,197,146,220,180,239,245,78,248,55,:0,15,11,10,18,14,1,9,13,3,5,0,16,4,0,0,
demand: 341:100,220,146,180,220,201,:0,11,18,15,14,0,
demand: 622:156,78,220,146,180,220,146,118,:0,15,10,18,16,5,19,0,
demand: 754:35,78,12,146,12,78,12,146,12,78,50,146,12,78,50,78,220,78,87,39,229,123,121,146,210,87,93,:0,14,0,3,0,15,0,19,0,10,11,4,0,6,17,8,16,20,5,1,13,7,9,2,18,12,0,
demand: 276:160,4,250,250,250,250,83,23,35,155,:0,7,4,9,2,18,8,12,16,0,
demand: 165:244,27,4,20,72,211,126,104,208,178,33,37,247,4,20,47,33,178,54,39,120,144,211,39,:0,0,10,16,11,8,9,14,5,20,13,15,17,19,6,0,12,3,18,7,4,2,1,0,
demand: 770:31,4,20,235,179,36,95,198,50,205,:0,10,6,20,3,2,17,16,0,0,
demand: 415:223,4,20,235,60,:0,17,13,12,0,
demand: 266:155,229,209,88,65,208,153,208,65,88,209,229,123,121,37,247,4,20,235,179,36,143,:0,16,13,0,0,17,10,0,0,0,9,14,6,2,7,15,18,1,8,4,0,0,
demand: 166:68,9,4,247,37,121,199,:0,0,11,8,9,1,0,
demand: 148:225,4,247,37,121,199,106,234,125,206,80,234,125,206,80,237,72,211,126,25,:0,11,9,12,14,1,13,20,15,6,10,17,4,19,8,2,7,18,5,0,
demand: 968:39,4,225,72,211,126,104,208,155,:0,9,10,16,19,18,5,1,0,
demand: 721:162,57,5,126,211,72,225,4,247,37,247,4,20,4,225,72,237,80,206,125,234,80,206,240,232,:0,0,14,19,15,20,5,0,8,6,0,0,18,0,1,4,13,17,9,3,7,11,10,2,0,
demand: 741:231,124,4,225,4,39,120,144,59,35,23,83,215,50,157,177,20,153,123,229,61,209,50,157,177,20,171,:0,0,9,14,0,4,2,19,5,20,13,12,10,7,0,0,1,16,8,15,0,3,11,0,0,6,0,
demand: 412:29,5,93,:0,7,0,
demand: 665:213,5,62,20,153,123,229,247,5,62,237,80,206,125,234,80,232,:0,14,2,7,1,3,11,10,16,4,9,17,19,0,13,15,0,
demand: 117:13,5,62,237,80,231,59,35,23,5,247,35,59,199,106,234,80,144,181,:0,7,13,14,1,19,16,18,17,5,15,8,4,12,2,11,9,20,0,
demand: 22:187,151,33,178,54,39,87,210,209,50,198,95,36,32,:0,5,19,20,18,9,14,7,17,15,1,10,6,0,
demand: 821:92,5,62,4,:0,6,3,0,
demand: 607:169,87,210,209,50,198,95,36,65,:0,3,19,16,15,1,7,0,0,
demand: 493:34,151,33,102,179,36,143,95,208,104,209,50,209,210,87,39,54,178,66,:0,13,14,8,6,12,19,4,7,1,15,9,0,16,0,3,5,18,0,
demand: 95:179,5,23,83,215,45,179,36,95,198,50,7,:0,10,11,7,12,4,18,0,8,3,0,0,
demand: 247:244,231,59,199,230,210,140,36,143,95,208,104,206,240,232,5,:0,3,9,20,1,17,14,7,18,15,6,10,16,11,0,0,
demand: 449:109,24,231,175,59,35,23,39,197,:0,18,12,5,3,14,10,4,0,
demand: 850:174,102,215,45,179,102,33,151,225,149,102,204,125,5,23,83,140,31,13,:0,8,5,18,7,15,9,16,11,2,13,12,10,17,6,14,1,0,0,
demand: 392:108,39,143,36,51,:0,20,18,0,0,
demand: 154:157,5,149,225,71,15,199,183,:0,14,12,6,15,8,11,0,
demand: 282:124,153,123,121,37,215,45,175,153,120,119,175,204,125,71,15,199,230,28,140,:0,1,19,3,9,10,13,2,15,7,18,6,5,17,11,8,14,12,20,0,
demand: 462:124,153,120,119,175,153,123,121,199,121,35,:0,17,5,19,15,2,14,0,20,6,0,
demand: 842:79,24,68,99,173,71,28,230,199,15,71,225,94,24,68,99,237,72,225,149,146,:0,5,13,18,12,3,2,6,9,14,7,10,1,20,19,4,11,16,0,8,0,
demand: 33:159,173,71,225,151,240,204,125,71,28,68,99,142,:0,15,17,9,6,2,19,7,12,14,5,11,0,
demand: 151:219,28,71,15,199,196,99,68,140,210,209,94,90,140,83,200,:0,20,0,4,17,12,3,7,1,10,6,19,15,18,16,0,
demand: 454:125,71,173,119,171,50,90,94,101,99,71,:0,0,4,12,18,16,2,9,15,1,0,
demand: 891:79,7,80,171,119,120,153,171,192,112,39,143,206,90,7,94,24,112,223,:0,15,16,4,10,6,9,19,2,8,7,3,14,18,12,1,17,20,0,
demand: 264:7,93,5,179,33,112,192,224,231,167,198,211,106,206,101,167,196,98,236,:0,2,9,16,7,5,4,20,17,8,10,6,11,3,18,13,15,12,0,
demand: 245:34,138,98,196,116,:0,5,12,14,0,
demand: 21:213,224,192,112,7,93,120,153,167,101,138,210,224,101,94,24,224,231,80,71,6,68,9,70,:0,8,20,14,15,12,16,6,18,5,13,7,2,4,17,0,1,11,9,3,19,10,0,0,
demand: 177:55,6,181,196,98,97,165,88,217,208,178,54,6,175,100,215,97,165,62,237,80,231,224,:0,19,2,20,7,5,18,12,1,6,10,17,8,16,13,11,15,4,9,14,0,0,0,
demand: 36:200,54,24,109,237,88,165,104,88,25,47,:0,6,17,4,14,8,19,16,5,0,0,
demand: 401:62,237,37,6,175,100,91,217,208,191,138,100,211,181,6,175,100,:0,17,10,15,7,5,2,4,6,12,3,18,16,1,19,0,0,
demand: 773:4,39,137,37,6,199,230,171,6,181,211,100,240,52,:0,6,0,7,1,0,3,10,8,12,9,2,11,0,
demand: 822:190,20,91,93,135,217,91,234,217,91,151,88,165,97,215,100,175,6,181,211,100,60,:0,17,0,7,8,18,13,11,16,4,14,19,12,1,9,20,0,2,5,6,15,0,
demand: 628:39,54,6,37,217,91,100,211,181,91,100,191,90,:0,0,19,17,18,20,13,0,16,8,12,3,0,
demand: 422:157,6,37,217,135,100,191,91,123,153,97,165,104,88,25,5,:0,1,0,19,12,13,18,5,17,9,20,3,6,7,0,0,
demand: 46:142,223,88,104,165,97,215,88,165,106,211,181,211,100,91,217,135,217,91,191,171,230,88,165,97,175,:0,0,8,14,16,13,9,2,18,17,0,12,0,0,5,3,19,0,7,4,11,10,20,1,15,0,
demand: 129:190,88,125,135,217,88,104,165,15,97,215,45,36,88,217,44,:0,5,10,13,15,20,0,16,11,18,0,14,9,19,1,0,
demand: 604:144,191,91,191,208,217,88,225,179,5,:0,0,4,19,17,0,16,10,0,0,
demand: 45:245,33,151,91,181,135,125,234,106,165,91,181,182,176,:0,6,0,15,19,1,9,0,14,12,7,13,0,0,
demand: 294:250,37,217,109,97,91,109,94,191,135,208,191,135,181,123,229,230,3,:0,17,2,8,3,18,1,6,5,15,14,7,20,4,9,11,10,0,
demand: 914:119,91,109,138,191,135,181,91,109,97,114,:0,20,5,17,3,4,0,16,18,11,0,
demand: 458:166,93,135,208,217,109,138,191,138,210,:0,14,13,0,3,5,0,1,0,0,
demand: 197:247,97,109,237,61,:0,0,7,9,0,
demand: 16:247,5,62,237,109,217,208,191,112,135,217,208,191,235,129,:0,0,0,0,13,0,0,4,14,2,0,0,16,6,0,
demand: 324:26,97,91,165,14,:0,8,0,11,0,
demand: 126:233,97,135,181,109,237,70,:0,16,15,0,4,0,0,
demand: 988:182,98,36,:0,6,0,
demand: 871:52,98,140,91,97,:0,14,10,0,0,
demand: 48:210,140,83,11,209,:0,10,9,0,0,
demand: 825:197,131,31,167,110,:0,0,0,6,0,
demand: 376:25,198,122,32,:0,10,0,0,
Average Delay: 13.902777777777779
Runtime (mS): 494245Acceptation rate: 0.24