69, 61, 83, 95, 69, 61, 83, 39, 61, 13, 50, 3, 67, 36, 96, 
67, 10, 61, 39, 50, 3, 7, 96, 36, 27, 
3, 7, 96, 39, 50, 3, 96, 36, 73, 41, 
36, 67, 95, 68, 7, 93, 11, 36, 68, 7, 93, 3, 68, 17, 99, 51, 58, 17, 84, 
17, 58, 5, 88, 30, 99, 12, 68, 17, 74, 59, 
12, 47, 71, 45, 93, 12, 45, 71, 2, 12, 58, 64, 
12, 92, 88, 6, 91, 
67, 69, 12, 34, 16, 77, 71, 84, 17, 12, 93, 40, 30, 71, 45, 32, 69, 82, 12, 53, 71, 70, 60, 98, 
45, 71, 2, 69, 42, 45, 42, 3, 40, 
2, 11, 22, 11, 2, 98, 88, 30, 47, 
2, 69, 42, 69, 52, 45, 52, 69, 2, 98, 17, 42, 17, 2, 98, 15, 58, 42, 58, 42, 73, 
25, 41, 11, 22, 11, 41, 11, 22, 98, 8, 99, 87, 
48, 42, 21, 46, 42, 21, 46, 7, 93, 11, 94, 22, 21, 42, 15, 
94, 22, 7, 
47, 90, 65, 94, 11, 98, 97, 46, 21, 30, 47, 90, 65, 94, 12, 53, 56, 
46, 42, 40, 
83, 94, 16, 97, 16, 70, 16, 94, 16, 97, 65, 90, 47, 38, 41, 47, 90, 14, 73, 53, 
56, 53, 73, 14, 82, 1, 34, 47, 34, 78, 59, 
38, 41, 97, 53, 56, 47, 90, 14, 38, 41, 70, 67, 10, 
98, 14, 56, 28, 
84, 53, 77, 70, 96, 36, 82, 14, 56, 95, 42, 21, 42, 95, 56, 53, 77, 70, 77, 53, 84, 60, 49, 96, 70, 96, 66, 16, 66, 21, 63, 70, 41, 97, 
100, 100, 100, 100, 100, 100, 60, 
4, 92, 20, 16, 79, 65, 16, 20, 97, 41, 38, 16, 47, 56, 53, 63, 
47, 16, 74, 
84, 20, 92, 4, 25, 79, 6, 47, 16, 20, 92, 22, 84, 14, 
92, 4, 25, 79, 6, 44, 84, 33, 60, 44, 93, 45, 
4, 92, 20, 92, 4, 25, 79, 6, 44, 94, 
92, 73, 36, 96, 49, 60, 49, 96, 66, 21, 63, 28, 83, 69, 33, 60, 44, 63, 28, 83, 69, 33, 84, 33, 69, 66, 21, 63, 53, 56, 47, 16, 25, 79, 28, 83, 69, 34, 1, 81, 
28, 63, 6, 25, 51, 27, 28, 96, 79, 18, 87, 94, 96, 97, 
96, 18, 87, 25, 70, 18, 87, 94, 96, 28, 87, 4, 42, 50, 39, 
96, 40, 28, 87, 33, 48, 40, 21, 37, 54, 81, 38, 96, 28, 
37, 54, 81, 40, 57, 46, 40, 81, 54, 15, 
40, 81, 77, 94, 37, 54, 6, 47, 77, 81, 40, 57, 98, 9, 
98, 57, 81, 54, 37, 81, 91, 72, 
28, 96, 48, 33, 48, 40, 57, 1, 81, 77, 81, 16, 48, 
77, 81, 77, 57, 40, 57, 86, 
18, 70, 95, 
70, 57, 77, 41, 97, 54, 57, 77, 76, 40, 48, 37, 33, 54, 63, 
81, 47, 77, 76, 40, 48, 100, 
77, 76, 40, 76, 77, 33, 
54, 57, 77, 57, 1, 20, 40, 76, 37, 50, 39, 
77, 47, 81, 69, 34, 37, 33, 54, 57, 98, 76, 
46, 40, 76, 37, 33, 54, 57, 37, 33, 54, 57, 37, 48, 77, 95, 
54, 33, 53, 64, 57, 86, 
33, 53, 5, 48, 37, 57, 34, 
40, 33, 10, 54, 77, 37, 57, 64, 33, 40, 32, 76, 94, 37, 76, 12, 68, 
54, 77, 37, 76, 32, 81, 94, 37, 76, 32, 65, 77, 54, 73, 82, 
76, 12, 40, 27, 54, 
76, 94, 81, 74, 33, 10, 33, 28, 
97, 54, 10, 67, 32, 94, 81, 74, 33, 64, 58, 26, 42, 28, 
40, 33, 64, 10, 26, 35, 52, 64, 10, 84, 89, 60, 44, 
48, 35, 4, 
10, 54, 97, 64, 10, 26, 35, 52, 64, 100, 1, 
32, 83, 52, 35, 26, 10, 54, 44, 100, 100, 100, 100, 66, 48, 35, 53, 
48, 35, 32, 26, 64, 52, 26, 13, 
57, 37, 48, 35, 48, 71, 45, 93, 
33, 64, 100, 35, 32, 28, 87, 
26, 10, 67, 52, 35, 26, 64, 100, 35, 32, 15, 
35, 32, 26, 64, 100, 35, 89, 48, 94, 52, 26, 64, 82, 9, 11, 77, 
83, 48, 89, 79, 35, 89, 84, 
89, 48, 83, 31, 66, 52, 26, 32, 26, 52, 26, 22, 
32, 48, 89, 26, 100, 35, 16, 32, 52, 89, 48, 100, 89, 84, 10, 52, 19, 
64, 1, 10, 57, 86, 
52, 32, 84, 89, 79, 6, 
64, 57, 10, 52, 28, 63, 48, 94, 89, 52, 97, 
89, 52, 88, 92, 10, 52, 89, 26, 92, 
3, 10, 52, 8, 32, 52, 89, 60, 13, 26, 89, 52, 15, 
80, 8, 66, 89, 79, 52, 8, 47, 30, 
66, 8, 99, 40, 
8, 66, 67, 32, 26, 13, 26, 32, 52, 8, 85, 
26, 13, 26, 64, 10, 67, 66, 8, 21, 
8, 80, 74, 66, 13, 23, 80, 8, 52, 10, 13, 66, 89, 80, 23, 13, 66, 89, 80, 1, 13, 66, 7, 
66, 98, 8, 1, 80, 71, 66, 75, 91, 72, 55, 46, 75, 91, 72, 85, 
55, 72, 5, 75, 46, 55, 72, 10, 
75, 5, 72, 55, 66, 75, 5, 72, 55, 66, 75, 5, 55, 3, 75, 91, 85, 72, 46, 75, 29, 78, 34, 5, 
70, 75, 29, 78, 34, 5, 74, 95, 1, 31, 49, 19, 89, 26, 
1, 31, 49, 19, 62, 24, 31, 49, 19, 62, 4, 42, 
1, 82, 73, 51, 73, 82, 1, 9, 92, 73, 51, 23, 95, 17, 15, 17, 23, 95, 17, 74, 59, 54, 
1, 31, 24, 62, 19, 23, 51, 49, 82, 5, 34, 78, 27, 23, 51, 34, 
5, 82, 49, 28, 33, 
31, 1, 9, 1, 31, 24, 62, 19, 23, 51, 16, 
2, 5, 74, 95, 91, 59, 27, 23, 19, 34, 51, 49, 90, 
85, 72, 5, 74, 95, 91, 59, 27, 78, 29, 59, 27, 59, 15, 
5, 74, 95, 91, 59, 15, 9, 36, 67, 95, 91, 43, 74, 11, 73, 31, 49, 51, 53, 15, 
demand: 910:97,69,61,83,95,69,61,83,39,61,13,50,3,67,36,96,:0,13,4,12,0,6,7,8,14,3,0,10,9,2,11,0,
demand: 530:95,67,10,61,39,50,3,7,96,36,27,:0,14,0,3,5,4,10,8,0,13,0,
demand: 489:59,3,7,96,39,50,3,96,36,73,41,:0,3,1,0,6,0,2,0,11,0,0,
demand: 815:48,36,67,95,68,7,93,11,36,68,7,93,3,68,17,99,51,58,17,84,:0,9,5,0,15,10,7,0,3,6,4,13,0,11,8,2,0,1,14,0,
demand: 259:74,17,58,5,88,30,99,12,68,17,74,59,:0,11,12,0,2,7,8,14,4,10,0,0,
demand: 718:92,12,47,71,45,93,12,45,71,2,12,58,64,:0,7,0,14,15,4,13,11,12,2,1,8,0,
demand: 247:81,12,92,88,6,91,:0,2,0,10,0,0,
demand: 96:95,67,69,12,34,16,77,71,84,17,12,93,40,30,71,45,32,69,82,12,53,71,70,60,98,:0,0,0,7,0,0,0,11,0,4,12,5,0,9,1,15,0,0,0,13,0,14,0,0,0,
demand: 145:12,45,71,2,69,42,45,42,3,40,:0,7,10,6,0,0,11,5,0,0,
demand: 406:14,2,11,22,11,2,98,88,30,47,:0,11,8,1,0,14,15,4,9,0,
demand: 402:5,2,69,42,69,52,45,52,69,2,98,17,42,17,2,98,15,58,42,58,42,73,:0,11,0,1,0,0,9,0,0,5,13,0,15,0,7,6,0,0,12,3,0,0,
demand: 732:78,25,41,11,22,11,41,11,22,98,8,99,87,:0,0,12,6,1,0,2,11,10,8,0,3,0,
demand: 640:66,48,42,21,46,42,21,46,7,93,11,94,22,21,42,15,:0,0,9,14,12,10,7,2,0,3,1,6,8,13,15,0,
demand: 458:87,94,22,7,:0,6,1,0,
demand: 799:36,47,90,65,94,11,98,97,46,21,30,47,90,65,94,12,53,56,:0,1,5,14,2,11,10,6,12,0,3,8,13,7,9,4,15,0,
demand: 669:55,46,42,40,:0,4,8,0,
demand: 404:28,83,94,16,97,16,70,16,94,16,97,65,90,47,38,41,47,90,14,73,53,:0,0,7,0,12,0,4,0,3,0,1,8,9,13,6,5,2,15,11,0,0,
demand: 980:15,56,53,73,14,82,1,34,47,34,78,59,:0,12,13,0,8,0,0,0,5,0,0,0,
demand: 294:78,38,41,97,53,56,47,90,14,38,41,70,67,10,:0,2,11,12,14,5,9,8,1,7,6,15,0,0,
demand: 660:57,98,14,56,28,:0,4,15,12,0,
demand: 94:61,84,53,77,70,96,36,82,14,56,95,42,21,42,95,56,53,77,70,77,53,84,60,49,96,70,96,66,16,66,21,63,70,41,97,:0,0,2,0,9,0,0,0,6,8,0,0,5,3,0,15,0,0,12,0,0,11,14,0,0,10,0,0,1,0,0,13,7,4,0,
demand: 574:100,100,100,100,100,100,100,60,:0,1,14,9,5,4,10,0,
demand: 696:25,4,92,20,16,79,65,16,20,97,41,38,16,47,56,53,63,:0,6,13,1,15,12,10,8,2,9,0,5,7,3,4,0,0,
demand: 103:77,47,16,74,:0,3,11,0,
demand: 275:46,84,20,92,4,25,79,6,47,16,20,92,22,84,14,:0,7,5,12,2,1,14,6,4,9,10,15,3,13,0,
demand: 847:12,92,4,25,79,6,44,84,33,60,44,93,45,:0,5,6,3,8,11,12,1,0,10,13,0,0,
demand: 273:78,4,92,20,92,4,25,79,6,44,94,:0,5,3,9,0,7,2,0,6,8,0,
demand: 750:18,92,73,36,96,49,60,49,96,66,21,63,28,83,69,33,60,44,63,28,83,69,33,84,33,69,66,21,63,53,56,47,16,25,79,28,83,69,34,1,81,:0,15,0,0,0,0,7,0,0,0,0,12,14,0,0,0,2,10,6,1,0,0,0,5,0,0,0,0,8,9,4,3,0,13,0,11,0,0,0,0,0,
demand: 829:11,28,63,6,25,51,27,28,96,79,18,87,94,96,97,:0,2,9,5,14,0,0,1,12,10,6,8,0,15,0,
demand: 580:29,96,18,87,25,70,18,87,94,96,28,87,4,42,50,39,:0,15,7,11,5,9,8,14,0,12,0,6,10,3,0,0,
demand: 194:62,96,40,28,87,33,48,40,21,37,54,81,38,96,28,:0,11,14,0,6,7,13,10,3,8,1,2,4,0,0,
demand: 411:95,37,54,81,40,57,46,40,81,54,15,:0,11,6,12,13,8,9,7,5,15,0,
demand: 814:27,40,81,77,94,37,54,6,47,77,81,40,57,98,9,:0,6,14,12,4,2,1,9,3,8,11,7,15,0,0,
demand: 922:69,98,57,81,54,37,81,91,72,:0,3,11,7,10,12,15,0,0,
demand: 746:68,28,96,48,33,48,40,57,1,81,77,81,16,48,:0,0,9,0,7,10,2,13,0,8,6,0,4,0,
demand: 330:14,77,81,77,57,40,57,86,:0,14,12,0,15,1,0,0,
demand: 987:14,18,70,95,:0,9,0,0,
demand: 871:9,70,57,77,41,97,54,57,77,76,40,48,37,33,54,63,:0,3,14,11,0,4,6,5,7,2,15,9,8,1,13,0,
demand: 996:16,81,47,77,76,40,48,100,:0,2,0,12,1,13,0,0,
demand: 859:61,77,76,40,76,77,33,:0,7,14,13,0,2,0,
demand: 667:44,54,57,77,57,1,20,40,76,37,50,39,:0,6,15,9,0,0,4,12,5,1,0,0,
demand: 212:47,77,47,81,69,34,37,33,54,57,98,76,:0,12,0,7,0,0,8,15,4,11,0,0,
demand: 949:51,46,40,76,37,33,54,57,37,33,54,57,37,48,77,95,:0,3,9,12,14,1,8,7,6,5,10,2,11,15,4,0,
demand: 704:11,54,33,53,64,57,86,:0,2,12,0,8,13,0,
demand: 632:54,33,53,5,48,37,57,34,:0,5,0,0,0,10,14,0,
demand: 777:12,40,33,10,54,77,37,57,64,33,40,32,76,94,37,76,12,68,:0,6,11,4,9,15,12,2,14,13,8,5,10,3,1,7,0,0,
demand: 712:73,54,77,37,76,32,81,94,37,76,32,65,77,54,73,82,:0,9,11,4,13,14,10,0,6,5,2,3,7,8,0,0,
demand: 82:5,76,12,40,27,54,:0,13,0,15,0,0,
demand: 343:46,76,94,81,74,33,10,33,28,:0,12,0,8,0,15,7,0,0,
demand: 357:39,97,54,10,67,32,94,81,74,33,64,58,26,42,28,:0,0,6,15,0,7,0,2,0,11,8,0,14,0,0,
demand: 240:61,40,33,64,10,26,35,52,64,10,84,89,60,44,:0,4,6,15,11,12,14,9,13,8,3,7,0,0,
demand: 534:47,48,35,4,:0,5,4,0,
demand: 292:14,10,54,97,64,10,26,35,52,64,100,1,:0,1,0,3,9,7,10,8,13,2,11,0,
demand: 449:6,32,83,52,35,26,10,54,44,100,100,100,100,66,48,35,53,:0,6,0,2,1,11,15,0,3,5,14,9,4,0,7,8,0,
demand: 664:18,48,35,32,26,64,52,26,13,:0,15,11,5,8,13,1,6,0,
demand: 868:34,57,37,48,35,48,71,45,93,:0,0,0,1,8,0,0,0,0,
demand: 354:28,33,64,100,35,32,28,87,:0,0,5,12,8,14,0,0,
demand: 706:13,26,10,67,52,35,26,64,100,35,32,15,:0,1,13,0,4,11,15,5,0,12,0,0,
demand: 85:19,35,32,26,64,100,35,89,48,94,52,26,64,82,9,11,77,:0,6,7,12,11,0,13,8,9,0,1,2,0,0,0,3,0,
demand: 760:15,83,48,89,79,35,89,84,:0,0,1,2,3,5,13,0,
demand: 313:38,89,48,83,31,66,52,26,32,26,52,26,22,:0,15,4,0,0,0,1,2,13,0,5,10,0,
demand: 569:52,32,48,89,26,100,35,16,32,52,89,48,100,89,84,10,52,19,:0,11,14,4,10,0,13,3,7,12,15,5,2,1,0,8,6,0,
demand: 367:97,64,1,10,57,86,:0,15,0,2,0,0,
demand: 520:87,52,32,84,89,79,6,:0,1,13,0,10,0,0,
demand: 453:99,64,57,10,52,28,63,48,94,89,52,97,:0,7,0,14,4,0,3,9,0,11,2,0,
demand: 226:60,89,52,88,92,10,52,89,26,92,:0,6,1,0,3,15,9,7,0,0,
demand: 984:50,3,10,52,8,32,52,89,60,13,26,89,52,15,:0,0,13,11,5,9,7,2,0,14,0,0,3,0,
demand: 823:23,80,8,66,89,79,52,8,47,30,:0,10,7,11,12,0,9,8,0,0,
demand: 691:73,66,8,99,40,:0,9,12,0,0,
demand: 761:29,8,66,67,32,26,13,26,32,52,8,85,:0,11,7,0,0,0,15,0,0,0,9,0,
demand: 605:64,26,13,26,64,10,67,66,8,21,:0,0,14,0,0,0,0,4,0,0,
demand: 743:98,8,80,74,66,13,23,80,8,52,10,13,66,89,80,23,13,66,89,80,1,13,66,7,:0,9,1,0,8,14,0,13,6,0,0,4,7,0,11,0,10,2,0,15,0,3,12,0,
demand: 465:55,66,98,8,1,80,71,66,75,91,72,55,46,75,91,72,85,:0,1,0,12,0,4,0,13,14,0,10,5,0,6,0,9,0,
demand: 376:16,55,72,5,75,46,55,72,10,:0,3,2,0,4,0,8,12,0,
demand: 134:15,75,5,72,55,66,75,5,72,55,66,75,5,55,3,75,91,85,72,46,75,29,78,34,5,:0,7,0,3,11,0,6,0,12,13,0,2,0,15,0,10,14,0,9,0,8,4,5,1,0,
demand: 595:18,70,75,29,78,34,5,74,95,1,31,49,19,89,26,:0,0,2,4,15,1,3,8,14,13,7,5,10,0,0,
demand: 802:22,1,31,49,19,62,24,31,49,19,62,4,42,:0,11,8,6,4,7,5,14,12,10,9,0,0,
demand: 593:88,1,82,73,51,73,82,1,9,92,73,51,23,95,17,15,17,23,95,17,74,59,54,:0,1,2,9,10,0,15,4,6,0,8,11,7,13,0,3,0,14,5,0,12,0,0,
demand: 864:92,1,31,24,62,19,23,51,49,82,5,34,78,27,23,51,34,:0,11,2,9,12,4,8,1,13,10,15,5,14,6,3,7,0,
demand: 276:83,5,82,49,28,33,:0,6,12,15,0,0,
demand: 849:45,31,1,9,1,31,24,62,19,23,51,16,:0,0,1,12,0,14,4,8,0,13,0,0,
demand: 635:1,2,5,74,95,91,59,27,23,19,34,51,49,90,:0,0,14,7,12,10,8,4,15,9,11,3,1,0,
demand: 932:91,85,72,5,74,95,91,59,27,78,29,59,27,59,15,:0,0,0,7,10,1,3,2,9,6,14,11,12,0,0,
demand: 513:9,5,74,95,91,59,15,9,36,67,95,91,43,74,11,73,31,49,51,53,15,:0,12,3,4,15,6,2,5,0,0,11,9,7,1,0,13,14,0,10,0,0,
Average Delay: 12.914285714285715
Runtime (mS): 14168Acceptation rate: 1.0