69, 61, 83, 95, 69, 61, 83, 39, 61, 13, 50, 3, 67, 36, 96, 
67, 10, 61, 39, 50, 3, 7, 96, 36, 27, 
3, 7, 96, 39, 50, 3, 96, 36, 73, 41, 
36, 67, 95, 68, 7, 93, 11, 36, 68, 7, 93, 3, 68, 17, 99, 51, 58, 17, 84, 
17, 58, 5, 88, 30, 99, 12, 68, 17, 74, 59, 
12, 47, 71, 45, 93, 12, 45, 71, 2, 12, 58, 64, 
12, 92, 88, 6, 91, 
67, 69, 12, 34, 16, 77, 71, 84, 17, 12, 93, 40, 30, 71, 45, 32, 69, 82, 12, 53, 71, 70, 60, 98, 
45, 71, 2, 69, 42, 45, 42, 3, 40, 
2, 11, 22, 11, 2, 98, 88, 30, 47, 
2, 69, 42, 69, 52, 45, 52, 69, 2, 98, 17, 42, 17, 2, 98, 15, 58, 42, 58, 42, 73, 
25, 41, 11, 22, 11, 41, 11, 22, 98, 8, 99, 87, 
48, 42, 21, 46, 42, 21, 46, 7, 93, 11, 94, 22, 21, 42, 15, 
94, 22, 7, 
38, 47, 34, 69, 83, 94, 16, 97, 42, 48, 71, 30, 
47, 38, 41, 47, 38, 39, 50, 
12, 53, 47, 38, 41, 47, 90, 65, 94, 11, 4, 
100, 100, 100, 100, 100, 100, 100, 100, 100, 100, 100, 100, 98, 
53, 56, 41, 98, 23, 
97, 46, 14, 90, 65, 97, 42, 97, 30, 47, 90, 65, 33, 
97, 46, 21, 14, 90, 56, 53, 47, 90, 14, 56, 53, 33, 65, 97, 70, 56, 35, 
97, 70, 42, 14, 56, 70, 63, 28, 56, 14, 31, 
41, 70, 16, 66, 21, 63, 21, 66, 96, 36, 
6, 44, 84, 20, 97, 70, 63, 28, 52, 
63, 28, 94, 92, 20, 98, 97, 79, 14, 92, 20, 84, 83, 
50, 39, 97, 20, 84, 60, 44, 21, 6, 44, 84, 20, 92, 4, 25, 16, 79, 52, 94, 31, 57, 
79, 16, 25, 4, 92, 14, 84, 44, 6, 70, 42, 16, 
16, 25, 70, 96, 49, 60, 13, 23, 
16, 25, 4, 92, 20, 28, 13, 60, 49, 4, 25, 59, 27, 28, 4, 92, 20, 97, 98, 20, 97, 70, 96, 18, 92, 4, 
41, 4, 92, 18, 70, 
87, 53, 18, 96, 18, 87, 28, 96, 94, 87, 94, 96, 28, 87, 53, 40, 75, 
81, 22, 96, 40, 81, 77, 79, 16, 80, 
81, 37, 25, 54, 37, 34, 1, 81, 91, 6, 44, 84, 53, 77, 70, 97, 65, 33, 48, 5, 76, 
40, 81, 57, 55, 60, 33, 69, 79, 81, 40, 57, 1, 9, 11, 33, 48, 66, 100, 66, 74, 
81, 40, 57, 54, 37, 56, 28, 87, 33, 60, 33, 20, 
37, 54, 57, 40, 33, 37, 54, 25, 16, 38, 40, 28, 77, 81, 54, 57, 14, 
40, 81, 77, 81, 40, 81, 63, 81, 77, 57, 54, 37, 54, 57, 34, 6, 37, 33, 48, 83, 52, 
40, 57, 77, 5, 
100, 100, 54, 81, 63, 37, 33, 40, 37, 33, 36, 
40, 33, 54, 81, 79, 77, 60, 40, 33, 54, 77, 57, 37, 77, 87, 
40, 37, 77, 54, 33, 20, 37, 77, 54, 33, 10, 54, 25, 37, 40, 
45, 83, 52, 83, 32, 15, 42, 26, 42, 97, 65, 33, 54, 25, 54, 33, 37, 40, 33, 37, 77, 81, 77, 57, 54, 10, 68, 
57, 32, 76, 94, 81, 74, 33, 10, 57, 32, 97, 86, 
76, 32, 57, 32, 76, 32, 57, 32, 76, 64, 82, 9, 92, 4, 92, 76, 32, 67, 52, 67, 32, 76, 64, 
76, 32, 83, 48, 83, 32, 76, 64, 53, 33, 10, 76, 16, 32, 94, 76, 64, 53, 51, 27, 
76, 64, 10, 26, 35, 52, 98, 
54, 10, 26, 35, 52, 76, 64, 10, 26, 35, 52, 64, 10, 52, 64, 11, 
48, 83, 39, 50, 
10, 1, 
26, 64, 52, 26, 64, 48, 3, 
35, 100, 64, 48, 20, 
32, 1, 82, 
10, 52, 26, 64, 48, 35, 89, 48, 35, 100, 33, 84, 
26, 10, 64, 52, 35, 30, 
48, 64, 100, 35, 89, 48, 89, 35, 89, 26, 52, 10, 54, 26, 32, 28, 83, 
10, 52, 32, 35, 83, 
10, 61, 89, 26, 32, 35, 99, 
35, 32, 26, 89, 26, 32, 35, 64, 80, 
98, 52, 32, 1, 10, 16, 
52, 32, 97, 89, 66, 52, 32, 48, 89, 52, 8, 35, 21, 42, 70, 
32, 52, 89, 66, 35, 8, 38, 
89, 96, 32, 8, 89, 66, 8, 89, 66, 8, 2, 
8, 89, 12, 
66, 8, 89, 80, 8, 35, 66, 74, 89, 80, 8, 2, 89, 80, 8, 50, 
demand: 910:97,69,61,83,95,69,61,83,39,61,13,50,3,67,36,96,:0,13,4,12,0,6,7,8,14,3,0,10,9,2,11,0,
demand: 530:95,67,10,61,39,50,3,7,96,36,27,:0,14,0,3,5,4,10,8,0,13,0,
demand: 489:59,3,7,96,39,50,3,96,36,73,41,:0,3,1,0,6,0,2,0,11,0,0,
demand: 815:48,36,67,95,68,7,93,11,36,68,7,93,3,68,17,99,51,58,17,84,:0,9,5,0,15,10,7,0,3,6,4,13,0,11,8,2,0,1,14,0,
demand: 259:74,17,58,5,88,30,99,12,68,17,74,59,:0,11,12,0,2,7,8,14,4,10,0,0,
demand: 718:92,12,47,71,45,93,12,45,71,2,12,58,64,:0,7,0,14,15,4,13,11,12,2,1,8,0,
demand: 247:81,12,92,88,6,91,:0,2,0,10,0,0,
demand: 96:95,67,69,12,34,16,77,71,84,17,12,93,40,30,71,45,32,69,82,12,53,71,70,60,98,:0,0,0,7,0,0,0,11,0,4,12,5,0,9,1,15,0,0,0,13,0,14,0,0,0,
demand: 145:12,45,71,2,69,42,45,42,3,40,:0,7,10,6,0,0,11,5,0,0,
demand: 406:14,2,11,22,11,2,98,88,30,47,:0,11,8,1,0,14,15,4,9,0,
demand: 402:5,2,69,42,69,52,45,52,69,2,98,17,42,17,2,98,15,58,42,58,42,73,:0,11,0,1,0,0,9,0,0,5,13,0,15,0,7,6,0,0,12,3,0,0,
demand: 732:78,25,41,11,22,11,41,11,22,98,8,99,87,:0,0,12,6,1,0,2,11,10,8,0,3,0,
demand: 640:66,48,42,21,46,42,21,46,7,93,11,94,22,21,42,15,:0,0,9,14,12,10,7,2,0,3,1,6,8,13,15,0,
demand: 458:87,94,22,7,:0,6,1,0,
demand: 276:85,38,47,34,69,83,94,16,97,42,48,71,30,:0,11,13,0,0,0,15,0,14,5,0,0,0,
demand: 455:71,47,38,41,47,38,39,50,:0,1,9,14,12,7,0,0,
demand: 46:26,12,53,47,38,41,47,90,65,94,11,4,:0,4,11,7,12,9,10,5,6,14,15,0,
demand: 709:100,100,100,100,100,100,100,100,100,100,100,100,100,98,:0,7,14,4,2,3,5,12,15,1,6,8,9,0,
demand: 352:87,53,56,41,98,23,:0,2,14,7,10,0,
demand: 169:19,97,46,14,90,65,97,42,97,30,47,90,65,33,:0,15,2,1,13,10,8,4,0,3,5,6,12,0,
demand: 142:20,97,46,21,14,90,56,53,47,90,14,56,53,33,65,97,70,56,35,:0,12,10,5,7,4,9,1,0,11,14,8,15,0,13,3,6,2,0,
demand: 514:32,97,70,42,14,56,70,63,28,56,14,31,:0,4,8,9,14,5,13,15,1,6,0,0,
demand: 474:98,41,70,16,66,21,63,21,66,96,36,:0,3,15,6,0,0,12,0,0,0,0,
demand: 480:91,6,44,84,20,97,70,63,28,52,:0,8,11,6,12,3,4,1,0,0,
demand: 23:81,63,28,94,92,20,98,97,79,14,92,20,84,83,:0,14,7,9,15,12,3,4,6,5,11,13,2,0,
demand: 248:3,50,39,97,20,84,60,44,21,6,44,84,20,92,4,25,16,79,52,94,31,57,:0,0,0,4,0,8,12,14,3,15,10,11,0,13,2,6,7,1,0,9,0,0,
demand: 4:81,79,16,25,4,92,14,84,44,6,70,42,16,:0,11,7,2,15,8,4,6,14,12,9,0,0,
demand: 498:6,16,25,70,96,49,60,13,23,:0,12,8,9,0,0,7,0,0,
demand: 825:72,16,25,4,92,20,28,13,60,49,4,25,59,27,28,4,92,20,97,98,20,97,70,96,18,92,4,:0,11,14,10,8,0,1,0,6,0,2,9,0,0,7,13,0,0,3,4,5,0,0,15,12,0,0,
demand: 590:3,41,4,92,18,70,:0,3,9,0,11,0,
demand: 55:88,87,53,18,96,18,87,28,96,94,87,94,96,28,87,53,40,75,:0,14,4,12,13,0,6,9,11,0,1,0,7,5,2,3,15,0,
demand: 735:79,81,22,96,40,81,77,79,16,80,:0,14,3,13,7,12,15,9,0,0,
demand: 884:13,81,37,25,54,37,34,1,81,91,6,44,84,53,77,70,97,65,33,48,5,76,:0,12,15,5,8,13,0,0,7,0,10,0,0,0,2,3,0,0,14,1,0,0,
demand: 475:68,40,81,57,55,60,33,69,79,81,40,57,1,9,11,33,48,66,100,66,74,:0,13,12,14,0,5,6,0,9,2,7,1,0,0,4,11,10,0,8,0,0,
demand: 124:63,81,40,57,54,37,56,28,87,33,60,33,20,:0,14,10,7,12,15,4,0,5,11,3,0,0,
demand: 288:56,37,54,57,40,33,37,54,25,16,38,40,28,77,81,54,57,14,:0,12,7,14,11,8,10,2,0,9,4,6,3,15,5,1,13,0,
demand: 608:62,40,81,77,81,40,81,63,81,77,57,54,37,54,57,34,6,37,33,48,83,52,:0,8,7,5,0,13,0,3,10,11,6,2,1,0,12,0,4,15,9,14,0,0,
demand: 223:90,40,57,77,5,:0,14,7,2,0,
demand: 792:100,100,100,54,81,63,37,33,40,37,33,36,:0,12,13,10,1,3,9,11,14,15,2,0,
demand: 287:99,40,33,54,81,79,77,60,40,33,54,77,57,37,77,87,:0,15,8,7,12,0,10,4,9,13,11,5,1,2,6,0,
demand: 454:93,40,37,77,54,33,20,37,77,54,33,10,54,25,37,40,:0,13,6,11,12,5,3,10,7,2,1,9,8,0,14,0,
demand: 394:71,45,83,52,83,32,15,42,26,42,97,65,33,54,25,54,33,37,40,33,37,77,81,77,57,54,10,68,:0,0,0,7,0,1,0,0,10,0,0,0,6,0,3,11,5,2,13,4,0,0,8,9,12,0,15,0,
demand: 281:80,57,32,76,94,81,74,33,10,57,32,97,86,:0,14,13,9,3,2,0,6,1,10,11,0,0,
demand: 550:91,76,32,57,32,76,32,57,32,76,64,82,9,92,4,92,76,32,67,52,67,32,76,64,:0,10,0,8,9,7,0,4,14,1,5,0,0,0,3,0,11,12,0,13,0,0,2,0,
demand: 519:93,76,32,83,48,83,32,76,64,53,33,10,76,16,32,94,76,64,53,51,27,:0,14,2,0,1,0,0,13,15,0,0,6,5,3,9,0,7,10,0,0,0,
demand: 270:46,76,64,10,26,35,52,98,:0,12,13,2,1,6,5,0,
demand: 156:77,54,10,26,35,52,76,64,10,26,35,52,64,10,52,64,11,:0,0,9,12,11,1,2,7,3,10,5,14,13,15,8,4,0,
demand: 271:96,48,83,39,50,:0,13,0,0,0,
demand: 437:61,10,1,:0,2,0,
demand: 245:45,26,64,52,26,64,48,3,:0,7,12,8,5,6,10,0,
demand: 656:48,35,100,64,48,20,:0,7,6,8,5,0,
demand: 381:97,32,1,82,:0,4,0,0,
demand: 583:20,10,52,26,64,48,35,89,48,35,100,33,84,:0,11,1,14,13,15,4,12,9,3,6,0,0,
demand: 777:58,26,10,64,52,35,30,:0,11,1,8,2,0,0,
demand: 741:73,48,64,100,35,89,48,89,35,89,26,52,10,54,26,32,28,83,:0,11,8,0,3,13,5,0,1,2,12,15,4,0,9,14,0,0,
demand: 41:20,10,52,32,35,83,:0,10,15,9,0,0,
demand: 775:52,10,61,89,26,32,35,99,:0,7,0,14,4,6,0,0,
demand: 888:21,35,32,26,89,26,32,35,64,80,:0,6,11,8,13,0,9,10,7,0,
demand: 237:35,98,52,32,1,10,16,:0,0,5,3,0,13,0,
demand: 977:79,52,32,97,89,66,52,32,48,89,52,8,35,21,42,70,:0,3,11,0,13,0,4,6,0,5,2,10,12,0,0,0,
demand: 19:88,32,52,89,66,35,8,38,:0,6,4,8,0,1,15,0,
demand: 252:31,89,96,32,8,89,66,8,89,66,8,2,:0,12,0,9,4,11,14,8,7,5,6,0,
demand: 964:21,8,89,12,:0,0,9,0,
demand: 613:90,66,8,89,80,8,35,66,74,89,80,8,2,89,80,8,50,:0,10,0,8,11,14,0,5,0,2,6,12,0,9,7,4,0,
Average Delay: 12.64
Runtime (mS): 12607Acceptation rate: 1.0