194, 229, 39, 49, 187, 189, 49, 187, 49, 241, 
177, 47, 249, 39, 187, 189, 243, 39, 49, 177, 47, 249, 39, 187, 158, 32, 47, 156, 177, 161, 35, 170, 
243, 223, 154, 153, 113, 189, 243, 49, 177, 156, 21, 158, 154, 194, 
243, 169, 75, 129, 236, 92, 47, 156, 21, 218, 75, 177, 20, 21, 20, 92, 236, 92, 139, 
169, 75, 38, 31, 153, 113, 25, 244, 25, 224, 
242, 161, 21, 218, 69, 47, 185, 160, 69, 244, 48, 19, 174, 103, 160, 13, 
244, 70, 158, 3, 14, 70, 152, 176, 
14, 152, 176, 42, 14, 113, 228, 14, 3, 242, 
152, 185, 160, 103, 174, 187, 
19, 48, 229, 14, 220, 
42, 228, 184, 227, 188, 184, 227, 21, 233, 
228, 42, 227, 205, 228, 60, 58, 218, 242, 39, 42, 164, 
228, 60, 188, 58, 60, 1, 
58, 60, 38, 205, 227, 57, 
166, 228, 205, 42, 160, 103, 166, 117, 32, 205, 50, 
202, 27, 188, 203, 58, 211, 190, 211, 209, 65, 13, 161, 20, 92, 
184, 174, 101, 227, 205, 32, 117, 188, 203, 202, 27, 246, 65, 113, 25, 244, 190, 211, 46, 164, 237, 58, 237, 209, 200, 223, 22, 154, 
190, 32, 117, 203, 205, 32, 117, 203, 202, 166, 117, 203, 10, 103, 122, 
86, 202, 27, 246, 65, 32, 190, 248, 79, 202, 27, 244, 
65, 246, 27, 202, 86, 202, 27, 246, 65, 32, 190, 32, 65, 200, 1, 
61, 65, 246, 65, 32, 190, 32, 65, 246, 86, 221, 202, 16, 
221, 248, 79, 105, 246, 86, 221, 117, 79, 248, 221, 202, 79, 175, 
203, 55, 32, 234, 
92, 91, 32, 65, 246, 105, 55, 248, 212, 105, 55, 212, 105, 55, 212, 105, 221, 212, 72, 92, 47, 56, 
212, 105, 3, 92, 133, 165, 
92, 117, 195, 33, 92, 33, 44, 47, 157, 21, 161, 186, 170, 55, 41, 134, 105, 212, 133, 216, 
141, 1, 233, 134, 41, 30, 91, 92, 133, 74, 41, 134, 133, 74, 122, 
134, 41, 30, 134, 41, 209, 
195, 134, 41, 30, 195, 223, 242, 194, 108, 223, 195, 30, 46, 
134, 195, 223, 242, 194, 155, 22, 30, 195, 3, 
1, 201, 74, 133, 2, 64, 242, 223, 108, 194, 77, 223, 108, 194, 77, 223, 186, 41, 94, 
2, 133, 74, 77, 194, 
64, 2, 242, 64, 2, 242, 64, 195, 194, 130, 228, 
64, 130, 14, 
64, 130, 57, 
186, 223, 77, 223, 5, 
130, 194, 77, 191, 
1, 201, 74, 133, 2, 242, 194, 130, 57, 22, 
19, 201, 74, 44, 201, 242, 155, 148, 18, 
168, 1, 216, 47, 
1, 201, 74, 44, 66, 127, 194, 130, 64, 130, 194, 195, 134, 41, 30, 155, 242, 207, 186, 242, 155, 13, 77, 
1, 41, 74, 44, 10, 2, 108, 233, 106, 
1, 41, 74, 10, 148, 155, 19, 108, 233, 26, 19, 64, 233, 26, 74, 10, 148, 155, 19, 34, 
155, 242, 201, 19, 26, 233, 12, 77, 74, 10, 148, 56, 
1, 164, 242, 35, 39, 10, 29, 242, 201, 19, 26, 116, 164, 82, 44, 10, 29, 148, 194, 10, 44, 82, 164, 158, 
229, 39, 10, 44, 47, 157, 47, 44, 74, 26, 116, 164, 242, 223, 108, 233, 108, 12, 233, 9, 
1, 77, 12, 132, 142, 10, 44, 82, 214, 142, 3, 199, 
1, 41, 30, 155, 12, 132, 214, 
1, 108, 19, 12, 132, 142, 214, 132, 250, 
1, 16, 26, 116, 157, 222, 29, 214, 65, 88, 209, 
145, 1, 16, 26, 116, 223, 214, 241, 82, 214, 142, 132, 177, 
132, 222, 29, 116, 223, 186, 222, 74, 157, 63, 207, 241, 84, 130, 238, 22, 82, 214, 142, 214, 104, 
12, 84, 241, 214, 63, 207, 241, 84, 130, 238, 22, 63, 194, 
84, 130, 238, 22, 63, 207, 40, 172, 96, 222, 193, 63, 194, 127, 54, 
172, 40, 238, 
22, 96, 172, 30, 63, 193, 73, 172, 155, 168, 16, 82, 157, 73, 200, 96, 127, 29, 40, 207, 113, 
26, 19, 226, 16, 168, 40, 207, 241, 207, 40, 168, 127, 77, 12, 132, 207, 110, 226, 40, 168, 226, 84, 238, 191, 
168, 226, 84, 238, 96, 127, 193, 73, 200, 30, 
73, 200, 96, 226, 110, 30, 200, 186, 136, 73, 110, 30, 200, 96, 127, 10, 203, 40, 136, 1, 200, 192, 
200, 186, 161, 227, 136, 73, 136, 13, 155, 13, 136, 241, 110, 226, 3, 
29, 168, 63, 207, 63, 22, 110, 73, 136, 162, 216, 47, 122, 137, 37, 142, 159, 124, 193, 159, 110, 58, 
16, 249, 168, 216, 183, 172, 96, 73, 136, 183, 107, 136, 124, 159, 51, 182, 
216, 122, 183, 107, 222, 96, 51, 226, 124, 137, 154, 249, 154, 16, 11, 
183, 154, 241, 249, 16, 154, 53, 86, 
3, 67, 156, 
216, 9, 249, 163, 137, 147, 107, 136, 67, 18, 161, 145, 18, 67, 137, 
3, 67, 122, 47, 43, 18, 200, 9, 216, 18, 169, 
43, 18, 67, 18, 20, 161, 166, 137, 147, 161, 225, 
22, 96, 9, 161, 110, 67, 79, 
64, 195, 33, 
200, 9, 161, 156, 18, 216, 9, 249, 9, 161, 156, 18, 163, 249, 9, 161, 147, 53, 161, 9, 161, 5, 
3, 67, 53, 77, 
3, 67, 53, 161, 18, 145, 161, 18, 145, 161, 147, 53, 73, 
195, 3, 67, 53, 161, 147, 53, 230, 
3, 67, 53, 161, 147, 53, 161, 147, 53, 67, 3, 163, 249, 9, 216, 21, 20, 18, 20, 21, 43, 162, 194, 
53, 147, 189, 
3, 163, 18, 157, 21, 216, 9, 216, 43, 145, 170, 145, 43, 21, 157, 18, 163, 118, 18, 163, 118, 197, 
147, 114, 163, 118, 46, 128, 163, 118, 46, 128, 163, 118, 46, 128, 118, 66, 163, 3, 118, 12, 109, 
150, 114, 147, 170, 162, 145, 118, 66, 114, 56, 147, 114, 56, 150, 114, 56, 150, 114, 56, 150, 114, 120, 
67, 3, 163, 118, 66, 114, 163, 118, 66, 114, 147, 132, 
118, 66, 114, 163, 128, 118, 66, 114, 120, 212, 
19, 34, 114, 66, 163, 128, 211, 25, 213, 66, 34, 38, 
122, 37, 66, 34, 46, 43, 162, 145, 170, 145, 162, 43, 162, 145, 56, 76, 145, 56, 76, 145, 56, 76, 145, 224, 
56, 145, 76, 56, 145, 76, 56, 145, 76, 8, 232, 66, 34, 46, 43, 34, 194, 
34, 66, 232, 8, 76, 56, 176, 8, 76, 128, 34, 66, 232, 8, 76, 9, 
76, 128, 34, 46, 43, 34, 46, 43, 34, 89, 150, 8, 232, 66, 213, 25, 208, 153, 128, 153, 12, 77, 
25, 213, 66, 34, 46, 43, 34, 66, 232, 8, 150, 8, 232, 66, 213, 25, 113, 65, 32, 122, 92, 
150, 8, 176, 219, 232, 192, 
150, 89, 232, 219, 176, 8, 170, 150, 89, 232, 219, 176, 89, 232, 170, 150, 84, 238, 
37, 66, 213, 25, 46, 228, 150, 170, 150, 8, 176, 8, 150, 170, 232, 228, 46, 25, 213, 25, 211, 128, 211, 25, 213, 145, 232, 170, 213, 58, 87, 
182, 122, 
46, 25, 170, 213, 145, 176, 89, 34, 43, 216, 176, 89, 34, 43, 216, 176, 89, 46, 25, 170, 232, 170, 68, 
43, 176, 89, 170, 8, 182, 25, 128, 
250, 36, 
213, 66, 25, 46, 89, 25, 182, 176, 43, 50, 182, 176, 43, 170, 182, 50, 43, 207, 89, 219, 46, 47, 
176, 43, 12, 
145, 182, 25, 46, 219, 89, 158, 182, 219, 207, 43, 176, 182, 219, 133, 
182, 219, 13, 162, 182, 219, 13, 162, 182, 219, 181, 
219, 13, 162, 17, 13, 162, 17, 13, 106, 
34, 219, 13, 162, 17, 213, 22, 
146, 162, 17, 162, 182, 25, 46, 25, 182, 162, 17, 141, 154, 71, 31, 71, 162, 227, 57, 216, 9, 
81, 57, 115, 13, 208, 
115, 57, 81, 85, 141, 131, 31, 162, 61, 115, 57, 81, 85, 141, 131, 31, 56, 
115, 61, 139, 115, 61, 139, 115, 219, 
81, 85, 141, 131, 31, 57, 52, 141, 131, 31, 131, 141, 85, 81, 139, 61, 233, 31, 131, 11, 152, 
139, 61, 31, 11, 131, 52, 141, 11, 131, 85, 115, 61, 139, 52, 11, 131, 85, 245, 
213, 52, 11, 245, 57, 52, 156, 131, 11, 131, 197, 1, 
156, 239, 197, 131, 85, 81, 85, 141, 52, 156, 157, 141, 146, 13, 211, 
239, 197, 1, 11, 245, 239, 156, 111, 245, 78, 197, 115, 139, 
78, 245, 239, 180, 11, 220, 52, 111, 180, 220, 146, 197, 78, 245, 111, 180, 220, 5, 45, 
220, 180, 111, 180, 220, 146, 106, 78, 111, 245, 146, 151, 111, 78, 220, 146, 151, 215, 
146, 151, 146, 106, 146, 151, 247, 39, 120, 144, 245, 234, 146, 106, 234, 78, 111, 211, 
4, 250, 250, 250, 250, 250, 247, 
4, 20, 235, 179, 36, 95, 198, 82, 16, 
86, 4, 20, 72, 211, 126, 5, 45, 179, 214, 
4, 20, 235, 179, 36, 95, 198, 95, 187, 
43, 4, 20, 235, 179, 36, 88, 223, 
5, 45, 178, 208, 65, 113, 153, 113, 65, 32, 91, 20, 187, 
4, 20, 235, 178, 208, 206, 126, 211, 72, 234, 106, 125, 206, 23, 35, 62, 3, 148, 
4, 45, 178, 208, 206, 126, 211, 72, 234, 165, 
demand: 949:243,194,229,39,49,187,189,49,187,49,241,:0,0,0,0,6,19,17,10,20,0,0,
demand: 938:161,177,47,249,39,187,189,243,39,49,177,47,249,39,187,158,32,47,156,177,161,35,170,:0,13,3,0,0,2,19,16,0,1,17,20,0,0,10,9,0,5,0,18,0,0,0,
demand: 727:240,243,223,154,153,113,189,243,49,177,156,21,158,154,194,:0,14,0,0,0,16,15,11,20,9,0,2,7,0,0,
demand: 370:12,243,169,75,129,236,92,47,156,21,218,75,177,20,21,20,92,236,92,139,:0,15,6,20,5,12,0,14,0,9,16,18,4,0,8,0,0,13,0,0,
demand: 982:165,169,75,38,31,153,113,25,244,25,224,:0,20,11,6,0,0,12,0,19,0,0,
demand: 947:194,242,161,21,218,69,47,185,160,69,244,48,19,174,103,160,13,:0,0,0,14,11,6,10,3,17,20,18,5,0,19,16,8,0,
demand: 547:42,244,70,158,3,14,70,152,176,:0,8,7,10,0,19,6,12,0,
demand: 769:161,14,152,176,42,14,113,228,14,3,242,:0,2,12,0,16,9,15,19,6,0,0,
demand: 664:120,152,185,160,103,174,187,:0,9,17,4,13,14,0,
demand: 556:226,19,48,229,14,220,:0,0,18,0,4,0,
demand: 162:56,42,228,184,227,188,184,227,21,233,:0,17,1,9,8,19,6,18,15,0,
demand: 804:237,228,42,227,205,228,60,58,218,242,39,42,164,:0,11,4,12,7,9,18,19,10,0,0,13,0,
demand: 629:168,228,60,188,58,60,1,:0,9,16,11,5,0,0,
demand: 382:80,58,60,38,205,227,57,:0,18,0,10,2,0,0,
demand: 229:161,166,228,205,42,160,103,166,117,32,205,50,:0,12,10,17,1,20,0,3,8,9,4,0,
demand: 371:132,202,27,188,203,58,211,190,211,209,65,13,161,20,92,:0,3,18,1,6,15,0,5,0,0,9,0,0,0,0,
demand: 315:110,184,174,101,227,205,32,117,188,203,202,27,246,65,113,25,244,190,211,46,164,237,58,237,209,200,223,22,154,:0,11,20,0,0,14,18,12,10,13,2,1,4,6,0,0,0,7,0,0,0,0,15,0,0,0,0,0,0,
demand: 781:20,190,32,117,203,205,32,117,203,202,166,117,203,10,103,122,:0,5,7,16,2,10,19,14,17,1,15,12,8,0,20,0,
demand: 253:25,86,202,27,246,65,32,190,248,79,202,27,244,:0,3,7,15,2,10,6,14,13,1,18,16,0,
demand: 227:249,65,246,27,202,86,202,27,246,65,32,190,32,65,200,1,:0,6,1,20,16,7,0,5,3,13,11,4,0,18,0,0,
demand: 464:224,61,65,246,65,32,190,32,65,246,86,221,202,16,:0,0,19,11,0,0,15,0,18,17,3,12,20,0,
demand: 121:64,221,248,79,105,246,86,221,117,79,248,221,202,79,175,:0,7,3,17,5,10,14,8,20,19,11,12,0,1,0,
demand: 264:51,203,55,32,234,:0,2,19,16,0,
demand: 895:171,92,91,32,65,246,105,55,248,212,105,55,212,105,55,212,105,221,212,72,92,47,56,:0,18,0,0,0,4,15,8,17,6,20,9,12,14,13,11,3,2,10,0,1,0,0,
demand: 6:45,212,105,3,92,133,165,:0,11,15,0,7,8,0,
demand: 535:17,92,117,195,33,92,33,44,47,157,21,161,186,170,55,41,134,105,212,133,216,:0,1,20,18,0,17,0,19,0,3,0,0,7,0,15,6,12,0,2,13,0,
demand: 480:131,141,1,233,134,41,30,91,92,133,74,41,134,133,74,122,:0,0,4,13,18,9,1,0,16,19,3,15,2,8,10,0,
demand: 189:195,134,41,30,134,41,209,:0,12,5,17,1,10,0,
demand: 503:229,195,134,41,30,195,223,242,194,108,223,195,30,46,:0,18,4,15,3,11,5,20,19,7,1,2,8,0,
demand: 582:127,134,195,223,242,194,155,22,30,195,3,:0,20,8,3,14,17,18,5,6,1,0,
demand: 904:14,1,201,74,133,2,64,242,223,108,194,77,223,108,194,77,223,186,41,94,:0,17,9,4,12,16,14,5,20,7,13,8,3,18,1,10,15,19,11,0,
demand: 181:105,2,133,74,77,194,:0,19,14,20,0,0,
demand: 690:47,64,2,242,64,2,242,64,195,194,130,228,:0,17,4,19,16,13,20,12,15,10,1,0,
demand: 589:6,64,130,14,:0,10,1,0,
demand: 948:117,64,130,57,:0,13,18,0,
demand: 615:85,186,223,77,223,5,:0,6,2,19,0,0,
demand: 154:64,130,194,77,191,:0,9,14,0,0,
demand: 183:219,1,201,74,133,2,242,194,130,57,22,:0,8,17,10,0,1,9,20,7,0,0,
demand: 741:174,19,201,74,44,201,242,155,148,18,:0,13,16,20,17,3,14,12,9,0,
demand: 750:205,168,1,216,47,:0,0,19,0,0,
demand: 304:151,1,201,74,44,66,127,194,130,64,130,194,195,134,41,30,155,242,207,186,242,155,13,77,:0,20,0,4,5,0,16,2,17,11,0,14,10,0,13,1,18,15,19,3,0,9,0,0,
demand: 488:16,1,41,74,44,10,2,108,233,106,:0,1,10,7,5,6,8,13,14,0,
demand: 874:83,1,41,74,10,148,155,19,108,233,26,19,64,233,26,74,10,148,155,19,34,:0,13,10,18,15,9,5,14,3,11,12,6,1,4,2,20,16,8,17,19,0,
demand: 236:167,155,242,201,19,26,233,12,77,74,10,148,56,:0,18,15,20,6,5,16,9,3,11,13,8,0,
demand: 913:237,1,164,242,35,39,10,29,242,201,19,26,116,164,82,44,10,29,148,194,10,44,82,164,158,:0,20,2,14,0,0,13,3,4,0,15,9,5,17,16,11,6,7,12,10,18,1,8,19,0,
demand: 829:209,229,39,10,44,47,157,47,44,74,26,116,164,242,223,108,233,108,12,233,9,:0,0,0,17,0,0,16,0,0,20,8,6,2,15,4,0,7,11,18,3,0,
demand: 311:145,1,77,12,132,142,10,44,82,214,142,3,199,:0,1,8,17,9,2,11,0,19,20,5,0,0,
demand: 48:35,1,41,30,155,12,132,214,:0,13,0,20,11,6,9,0,
demand: 688:16,1,108,19,12,132,142,214,132,250,:0,3,14,1,12,2,18,19,16,0,
demand: 366:176,1,16,26,116,157,222,29,214,65,88,209,:0,17,6,1,18,19,5,3,16,0,0,0,
demand: 210:43,145,1,16,26,116,223,214,241,82,214,142,132,177,:0,0,16,7,11,2,20,8,19,13,15,12,0,0,
demand: 862:134,132,222,29,116,223,186,222,74,157,63,207,241,84,130,238,22,82,214,142,214,104,:0,18,19,12,3,15,20,16,10,1,6,17,2,9,14,5,8,13,11,4,0,0,
demand: 155:153,12,84,241,214,63,207,241,84,130,238,22,63,194,:0,11,8,9,1,2,17,6,7,14,16,12,18,15,
demand: 179:17,84,130,238,22,63,207,40,172,96,222,193,63,194,127,54,:0,3,0,18,5,11,17,16,19,6,13,2,8,20,9,0,
demand: 57:163,172,40,238,:0,16,13,0,
demand: 444:237,22,96,172,30,63,193,73,172,155,168,16,82,157,73,200,96,127,29,40,207,113,:0,18,6,7,15,13,19,5,9,20,8,3,4,10,2,16,12,17,1,14,11,0,
demand: 333:116,26,19,226,16,168,40,207,241,207,40,168,127,77,12,132,207,110,226,40,168,226,84,238,191,:0,0,10,9,19,7,17,4,1,0,13,18,8,15,0,20,2,16,12,6,5,3,11,14,0,
demand: 782:161,168,226,84,238,96,127,193,73,200,30,:0,19,7,14,17,6,11,16,3,13,0,
demand: 349:145,73,200,96,226,110,30,200,186,136,73,110,30,200,96,127,10,203,40,136,1,200,192,:0,14,1,13,3,19,0,5,15,9,4,6,0,7,10,11,20,0,18,12,0,17,0,
demand: 457:148,200,186,161,227,136,73,136,13,155,13,136,241,110,226,3,:0,1,0,0,0,18,15,0,0,20,0,3,14,6,0,0,
demand: 481:67,29,168,63,207,63,22,110,73,136,162,216,47,122,137,37,142,159,124,193,159,110,58,:0,15,13,0,11,0,10,6,0,16,0,2,0,8,17,0,20,7,5,4,18,1,0,
demand: 196:158,16,249,168,216,183,172,96,73,136,183,107,136,124,159,51,182,:0,15,8,20,17,12,0,13,0,11,6,16,4,7,2,18,0,
demand: 86:189,216,122,183,107,222,96,51,226,124,137,154,249,154,16,11,:0,12,19,2,5,20,15,13,10,8,11,18,17,7,0,0,
demand: 312:229,183,154,241,249,16,154,53,86,:0,16,7,10,18,0,12,5,0,
demand: 211:158,3,67,156,:0,1,13,0,
demand: 743:102,216,9,249,163,137,147,107,136,67,18,161,145,18,67,137,:0,2,5,11,12,8,6,16,20,7,14,18,1,3,17,0,
demand: 908:13,3,67,122,47,43,18,200,9,216,18,169,:0,17,9,2,0,0,3,20,6,0,7,0,
demand: 483:47,43,18,67,18,20,161,166,137,147,161,225,:0,0,5,17,0,0,3,0,4,12,1,0,
demand: 669:213,22,96,9,161,110,67,79,:0,20,15,12,11,10,17,0,
demand: 412:212,64,195,33,:0,20,0,0,
demand: 29:120,200,9,161,156,18,216,9,249,9,161,156,18,163,249,9,161,147,53,161,9,161,5,:0,20,11,3,0,7,0,0,2,10,18,0,6,5,0,13,15,8,9,4,17,0,0,
demand: 76:208,3,67,53,77,:0,14,4,2,0,
demand: 451:81,3,67,53,161,18,145,161,18,145,161,147,53,73,:0,15,14,9,11,17,16,5,10,1,8,3,13,0,
demand: 144:64,195,3,67,53,161,147,53,230,:0,0,5,3,17,7,10,18,0,
demand: 979:224,3,67,53,161,147,53,161,147,53,67,3,163,249,9,216,21,20,18,20,21,43,162,194,:0,12,10,2,16,20,1,6,13,14,18,17,5,0,19,0,0,0,4,0,0,9,0,0,
demand: 339:154,53,147,189,:0,3,5,0,
demand: 143:125,3,163,18,157,21,216,9,216,43,145,170,145,43,21,157,18,163,118,18,163,118,197,:0,6,5,10,0,0,0,18,0,8,2,13,0,14,0,0,15,20,11,17,19,3,0,
demand: 679:209,147,114,163,118,46,128,163,118,46,128,163,118,46,128,118,66,163,3,118,12,109,:0,16,19,15,8,1,5,6,20,9,3,10,17,11,7,4,14,2,13,12,0,0,
demand: 945:56,150,114,147,170,162,145,118,66,114,56,147,114,56,150,114,56,150,114,56,150,114,120,:0,5,7,20,12,0,16,1,6,3,17,14,18,11,8,4,10,19,15,13,9,2,0,
demand: 335:123,67,3,163,118,66,114,163,118,66,114,147,132,:0,0,2,0,11,17,4,0,18,20,16,0,0,
demand: 766:192,118,66,114,163,128,118,66,114,120,212,:0,4,6,12,0,7,17,8,3,0,0,
demand: 752:201,19,34,114,66,163,128,211,25,213,66,34,38,:0,0,13,12,17,0,3,0,20,8,1,5,0,
demand: 302:236,122,37,66,34,46,43,162,145,170,145,162,43,162,145,56,76,145,56,76,145,56,76,145,224,:0,0,0,3,2,10,18,0,17,6,0,0,16,0,8,13,9,12,14,19,4,5,15,20,0,
demand: 424:197,56,145,76,56,145,76,56,145,76,8,232,66,34,46,43,34,194,:0,17,6,7,9,8,3,12,10,5,13,15,16,20,1,2,19,0,
demand: 358:80,34,66,232,8,76,56,176,8,76,128,34,66,232,8,76,9,:0,17,18,4,20,2,11,16,12,14,7,1,10,8,13,5,0,
demand: 423:106,76,128,34,46,43,34,46,43,34,89,150,8,232,66,213,25,208,153,128,153,12,77,:0,4,6,17,7,10,5,16,20,15,13,2,18,9,11,8,12,0,0,14,0,0,0,
demand: 973:97,25,213,66,34,46,43,34,66,232,8,150,8,232,66,213,25,113,65,32,122,92,:0,14,9,0,2,15,20,0,0,4,11,5,0,17,0,7,10,0,0,0,0,0,
demand: 960:154,150,8,176,219,232,192,:0,7,14,13,12,15,0,
demand: 16:72,150,89,232,219,176,8,170,150,89,232,219,176,89,232,170,150,84,238,:0,4,17,12,6,15,5,8,3,20,9,11,1,7,13,14,16,0,0,
demand: 385:122,37,66,213,25,46,228,150,170,150,8,176,8,150,170,232,228,46,25,213,25,211,128,211,25,213,145,232,170,213,58,87,:0,0,0,13,5,11,0,20,12,0,15,18,0,0,6,14,0,10,17,8,0,0,2,0,19,7,9,3,16,1,0,0,
demand: 310:158,182,122,:0,4,0,
demand: 588:137,46,25,170,213,145,176,89,34,43,216,176,89,34,43,216,176,89,46,25,170,232,170,68,:0,19,11,13,5,3,12,16,0,6,0,15,8,0,18,0,7,10,17,9,4,20,0,0,
demand: 52:207,43,176,89,170,8,182,25,128,:0,15,20,8,5,16,17,6,0,
demand: 440:250,250,36,:0,6,0,
demand: 508:111,213,66,25,46,89,25,182,176,43,50,182,176,43,170,182,50,43,207,89,219,46,47,:0,16,0,7,2,10,8,19,5,15,0,14,6,20,9,1,0,11,0,13,3,4,0,
demand: 111:177,176,43,12,:0,16,17,0,
demand: 859:173,145,182,25,46,219,89,158,182,219,207,43,176,182,219,133,:0,14,15,0,2,6,11,0,3,12,0,18,0,7,17,0,
demand: 763:37,182,219,13,162,182,219,13,162,182,219,181,:0,17,2,5,19,18,16,20,15,4,6,0,
demand: 59:243,219,13,162,17,13,162,17,13,106,:0,6,1,12,17,16,7,11,9,0,
demand: 780:131,34,219,13,162,17,213,22,:0,2,0,13,6,12,0,0,
demand: 140:151,146,162,17,162,182,25,46,25,182,162,17,141,154,71,31,71,162,227,57,216,9,:0,0,17,9,0,0,0,2,0,0,16,19,12,0,0,15,0,5,0,4,0,0,
demand: 245:99,81,57,115,13,208,:0,8,14,12,2,0,
demand: 40:214,115,57,81,85,141,131,31,162,61,115,57,81,85,141,131,31,56,:0,11,7,12,13,6,14,10,16,19,17,4,8,1,15,2,18,0,
demand: 413:134,115,61,139,115,61,139,115,219,:0,12,14,16,20,11,19,7,0,
demand: 592:29,81,85,141,131,31,57,52,141,131,31,131,141,85,81,139,61,233,31,131,11,152,:0,6,2,9,10,16,13,4,20,1,3,0,14,15,18,5,7,0,12,8,17,0,
demand: 206:204,139,61,31,11,131,52,141,11,131,85,115,61,139,52,11,131,85,245,:0,13,16,12,7,6,5,20,3,2,4,0,17,19,11,8,14,15,0,
demand: 568:66,213,52,11,245,57,52,156,131,11,131,197,1,:0,0,8,4,3,2,20,13,0,11,16,12,0,
demand: 531:221,156,239,197,131,85,81,85,141,52,156,157,141,146,13,211,:0,7,5,3,20,0,10,0,0,8,6,0,2,19,0,0,
demand: 670:87,239,197,1,11,245,239,156,111,245,78,197,115,139,:0,3,6,0,20,12,11,10,17,14,13,18,0,0,
demand: 974:106,78,245,239,180,11,220,52,111,180,220,146,197,78,245,111,180,220,5,45,:0,10,14,6,12,20,5,2,18,3,4,19,15,9,8,16,17,11,0,0,
demand: 36:249,220,180,111,180,220,146,106,78,111,245,146,151,111,78,220,146,151,215,:0,4,5,13,0,12,15,0,6,16,0,1,7,14,8,10,20,18,0,
demand: 361:99,146,151,146,106,146,151,247,39,120,144,245,234,146,106,234,78,111,211,:0,8,17,3,1,9,19,14,12,13,5,2,18,15,6,11,4,16,0,
demand: 598:84,4,250,250,250,250,250,247,:0,3,10,1,16,17,2,0,
demand: 755:94,4,20,235,179,36,95,198,82,16,:0,18,16,20,4,5,1,9,0,0,
demand: 39:202,86,4,20,72,211,126,5,45,179,214,:0,0,6,12,7,16,20,1,14,5,0,
demand: 2:141,4,20,235,179,36,95,198,95,187,:0,1,11,10,14,4,17,18,0,0,
demand: 911:21,43,4,20,235,179,36,88,223,:0,0,3,12,16,18,1,0,0,
demand: 320:58,5,45,178,208,65,113,153,113,65,32,91,20,187,:0,2,8,10,1,0,0,19,0,0,0,0,17,0,
demand: 768:45,4,20,235,178,208,206,126,211,72,234,106,125,206,23,35,62,3,148,:0,17,18,6,7,15,3,9,5,8,19,1,14,13,2,12,11,0,0,
demand: 892:6,4,45,178,208,206,126,211,72,234,165,:0,17,7,15,11,4,3,12,9,1,0,
Average Delay: 14.04040404040404
Runtime (mS): 399895Acceptation rate: 0.99