69, 61, 83, 95, 69, 61, 83, 39, 61, 13, 50, 3, 67, 36, 96, 
67, 10, 61, 39, 50, 3, 7, 96, 36, 27, 
3, 7, 96, 39, 50, 3, 96, 36, 73, 41, 
36, 67, 95, 68, 7, 93, 11, 36, 68, 7, 93, 3, 68, 17, 99, 51, 58, 17, 84, 
17, 58, 5, 88, 30, 99, 12, 68, 17, 74, 59, 
12, 47, 71, 45, 93, 12, 45, 71, 2, 12, 58, 64, 
12, 92, 88, 6, 91, 
67, 69, 12, 34, 16, 77, 71, 84, 17, 12, 93, 40, 30, 71, 45, 32, 69, 82, 12, 53, 71, 70, 60, 98, 
45, 71, 2, 69, 42, 45, 42, 3, 40, 
2, 11, 22, 11, 2, 98, 88, 30, 47, 
2, 69, 42, 69, 52, 45, 52, 69, 2, 98, 17, 42, 17, 2, 98, 15, 58, 42, 58, 42, 73, 
25, 41, 11, 22, 11, 41, 11, 22, 98, 8, 99, 87, 
48, 42, 21, 46, 42, 21, 46, 7, 93, 11, 94, 22, 21, 42, 15, 
94, 22, 7, 
65, 92, 12, 53, 42, 46, 97, 48, 
17, 15, 56, 15, 32, 94, 16, 97, 16, 70, 17, 
94, 11, 47, 90, 65, 97, 41, 47, 90, 65, 97, 41, 47, 41, 
94, 65, 92, 60, 
70, 77, 53, 5, 30, 47, 90, 65, 97, 41, 97, 65, 90, 47, 38, 1, 
81, 1, 34, 47, 38, 14, 73, 53, 84, 60, 98, 
56, 47, 38, 14, 46, 21, 22, 56, 53, 70, 26, 
20, 70, 56, 47, 38, 14, 92, 56, 47, 16, 11, 14, 92, 67, 36, 
42, 95, 67, 36, 73, 14, 92, 73, 53, 84, 53, 73, 14, 73, 36, 67, 32, 
44, 84, 33, 53, 44, 70, 56, 16, 20, 84, 33, 60, 44, 2, 98, 57, 
21, 6, 90, 63, 28, 87, 
28, 63, 90, 6, 79, 94, 11, 16, 20, 28, 95, 
16, 20, 28, 63, 21, 66, 16, 94, 83, 28, 63, 21, 6, 44, 60, 33, 53, 64, 1, 34, 4, 19, 
6, 95, 
4, 92, 56, 70, 4, 97, 
49, 60, 13, 25, 14, 92, 4, 92, 12, 
21, 79, 25, 4, 34, 32, 
66, 21, 79, 25, 34, 47, 34, 69, 43, 
4, 25, 79, 18, 87, 28, 96, 18, 98, 25, 54, 
87, 28, 63, 18, 87, 28, 96, 94, 87, 94, 65, 16, 11, 96, 40, 96, 28, 96, 40, 76, 
65, 84, 81, 16, 54, 29, 
94, 37, 54, 56, 40, 81, 18, 87, 33, 91, 6, 37, 54, 81, 77, 57, 98, 24, 
1, 81, 1, 9, 92, 73, 51, 53, 33, 69, 34, 37, 81, 57, 46, 21, 40, 21, 79, 
32, 94, 11, 16, 66, 96, 40, 81, 37, 54, 92, 9, 1, 57, 81, 37, 54, 81, 49, 
77, 81, 40, 57, 77, 38, 40, 81, 54, 28, 83, 98, 
18, 63, 37, 33, 48, 49, 12, 
77, 81, 54, 57, 79, 81, 
84, 81, 79, 57, 77, 76, 40, 72, 
69, 33, 48, 96, 40, 81, 77, 57, 77, 81, 40, 81, 84, 60, 84, 17, 95, 85, 
98, 57, 54, 77, 76, 28, 54, 44, 57, 54, 74, 
48, 33, 60, 33, 48, 33, 37, 54, 37, 34, 57, 34, 37, 34, 57, 1, 64, 53, 
37, 6, 5, 
33, 37, 77, 4, 100, 100, 100, 100, 100, 100, 100, 100, 100, 100, 100, 4, 25, 
20, 16, 65, 
82, 64, 33, 44, 54, 77, 76, 42, 
6, 37, 33, 24, 
70, 96, 48, 66, 74, 59, 78, 
57, 40, 76, 97, 39, 
79, 37, 33, 64, 76, 40, 57, 37, 77, 89, 37, 90, 
40, 57, 37, 38, 
77, 89, 33, 22, 
52, 27, 
83, 52, 66, 100, 100, 100, 33, 64, 76, 72, 
77, 89, 33, 100, 76, 94, 
77, 52, 33, 
40, 76, 77, 52, 94, 76, 94, 29, 
77, 63, 
33, 64, 76, 32, 26, 64, 10, 26, 77, 52, 64, 10, 9, 21, 
10, 64, 26, 32, 35, 48, 89, 76, 32, 40, 62, 
35, 5, 
89, 48, 35, 32, 26, 64, 10, 57, 79, 35, 
32, 26, 64, 26, 32, 35, 48, 89, 26, 10, 67, 52, 64, 96, 49, 
52, 64, 48, 35, 48, 89, 54, 
26, 10, 72, 
64, 52, 43, 
32, 35, 52, 26, 89, 35, 56, 
10, 26, 89, 35, 52, 26, 89, 35, 52, 64, 76, 32, 40, 
35, 26, 52, 73, 
33, 89, 48, 89, 35, 52, 26, 89, 35, 52, 26, 89, 76, 32, 76, 100, 
26, 40, 32, 52, 10, 83, 48, 32, 57, 10, 61, 48, 32, 57, 10, 61, 48, 13, 10, 67, 41, 
21, 42, 48, 71, 45, 83, 10, 13, 48, 5, 8, 10, 39, 61, 48, 13, 31, 66, 69, 48, 94, 99, 
13, 38, 14, 
48, 13, 66, 8, 80, 74, 66, 8, 80, 28, 13, 66, 90, 
67, 66, 8, 80, 74, 66, 8, 80, 55, 100, 
8, 80, 8, 66, 67, 10, 57, 55, 57, 10, 13, 66, 8, 80, 55, 72, 15, 
11, 80, 55, 72, 74, 80, 55, 72, 99, 8, 90, 
72, 56, 75, 56, 72, 15, 75, 15, 72, 5, 75, 58, 
27, 75, 15, 75, 56, 95, 56, 75, 15, 83, 31, 83, 15, 75, 5, 75, 29, 78, 27, 51, 73, 51, 41, 
1, 82, 36, 9, 91, 59, 31, 43, 
1, 62, 24, 31, 59, 91, 9, 43, 31, 59, 68, 
1, 62, 24, 31, 43, 9, 91, 59, 29, 78, 27, 23, 74, 95, 1, 8, 
35, 5, 74, 59, 91, 9, 11, 73, 82, 5, 74, 59, 91, 81, 74, 23, 95, 87, 18, 
36, 1, 62, 24, 31, 43, 74, 23, 27, 51, 49, 19, 62, 49, 95, 29, 78, 7, 93, 
95, 1, 42, 
7, 5, 82, 73, 7, 
5, 74, 23, 62, 49, 19, 34, 15, 59, 51, 49, 25, 
5, 74, 43, 
5, 74, 43, 51, 49, 19, 34, 86, 27, 23, 62, 49, 43, 
19, 34, 15, 95, 49, 91, 95, 29, 78, 27, 86, 34, 78, 86, 52, 62, 
5, 34, 32, 18, 
5, 34, 78, 86, 34, 32, 
5, 34, 78, 27, 23, 62, 49, 95, 99, 23, 99, 95, 1, 85, 51, 85, 23, 51, 59, 27, 1, 95, 99, 85, 73, 29, 95, 91, 85, 51, 6, 
85, 51, 59, 8, 
13, 85, 5, 34, 15, 59, 31, 
28, 27, 28, 85, 86, 27, 36, 85, 51, 43, 85, 19, 62, 19, 85, 24, 62, 23, 27, 5, 82, 14, 85, 51, 49, 19, 85, 85, 78, 27, 83, 
91, 85, 13, 85, 5, 72, 85, 51, 43, 85, 72, 5, 75, 56, 85, 95, 29, 85, 51, 49, 19, 85, 19, 62, 49, 43, 51, 85, 5, 72, 85, 85, 5, 72, 85, 51, 19, 85, 5, 72, 85, 19, 62, 39, 10, 
85, 51, 43, 49, 95, 91, 85, 23, 43, 9, 
33, 24, 62, 19, 85, 28, 85, 85, 51, 43, 85, 73, 85, 29, 95, 49, 19, 85, 83, 85, 19, 85, 85, 29, 51, 95, 91, 85, 76, 24, 85, 85, 51, 23, 85, 43, 85, 51, 85, 43, 85, 51, 85, 43, 85, 51, 85, 91, 85, 85, 51, 43, 49, 95, 91, 85, 15, 72, 85, 19, 49, 62, 24, 85, 85, 19, 49, 95, 29, 85, 85, 9, 
92, 56, 85, 56, 85, 15, 72, 85, 19, 49, 51, 90, 
85, 19, 85, 1, 85, 51, 43, 51, 85, 19, 44, 
85, 85, 29, 74, 95, 91, 85, 6, 91, 85, 29, 85, 91, 95, 91, 85, 91, 68, 
5, 72, 24, 24, 24, demand: 910:97,69,61,83,95,69,61,83,39,61,13,50,3,67,36,96,:0,13,4,12,0,6,7,8,14,3,0,10,9,2,11,0,
demand: 530:95,67,10,61,39,50,3,7,96,36,27,:0,14,0,3,5,4,10,8,0,13,0,
demand: 489:59,3,7,96,39,50,3,96,36,73,41,:0,3,1,0,6,0,2,0,11,0,0,
demand: 815:48,36,67,95,68,7,93,11,36,68,7,93,3,68,17,99,51,58,17,84,:0,9,5,0,15,10,7,0,3,6,4,13,0,11,8,2,0,1,14,0,
demand: 259:74,17,58,5,88,30,99,12,68,17,74,59,:0,11,12,0,2,7,8,14,4,10,0,0,
demand: 718:92,12,47,71,45,93,12,45,71,2,12,58,64,:0,7,0,14,15,4,13,11,12,2,1,8,0,
demand: 247:81,12,92,88,6,91,:0,2,0,10,0,0,
demand: 96:95,67,69,12,34,16,77,71,84,17,12,93,40,30,71,45,32,69,82,12,53,71,70,60,98,:0,0,0,7,0,0,0,11,0,4,12,5,0,9,1,15,0,0,0,13,0,14,0,0,0,
demand: 145:12,45,71,2,69,42,45,42,3,40,:0,7,10,6,0,0,11,5,0,0,
demand: 406:14,2,11,22,11,2,98,88,30,47,:0,11,8,1,0,14,15,4,9,0,
demand: 402:5,2,69,42,69,52,45,52,69,2,98,17,42,17,2,98,15,58,42,58,42,73,:0,11,0,1,0,0,9,0,0,5,13,0,15,0,7,6,0,0,12,3,0,0,
demand: 732:78,25,41,11,22,11,41,11,22,98,8,99,87,:0,0,12,6,1,0,2,11,10,8,0,3,0,
demand: 640:66,48,42,21,46,42,21,46,7,93,11,94,22,21,42,15,:0,0,9,14,12,10,7,2,0,3,1,6,8,13,15,0,
demand: 458:87,94,22,7,:0,6,1,0,
demand: 45:92,65,92,12,53,42,46,97,48,:0,1,0,4,13,5,12,15,0,
demand: 121:68,17,15,56,15,32,94,16,97,16,70,17,:0,0,0,8,0,0,12,0,15,0,7,0,
demand: 274:99,94,11,47,90,65,97,41,47,90,65,97,41,47,41,:0,15,5,7,14,11,1,10,2,13,9,8,6,12,0,
demand: 55:29,94,65,92,60,:0,9,13,12,0,
demand: 333:19,70,77,53,5,30,47,90,65,97,41,97,65,90,47,38,1,:0,2,0,15,0,3,4,9,0,8,12,0,0,14,6,1,0,
demand: 84:91,81,1,34,47,38,14,73,53,84,60,98,:0,0,0,0,3,13,10,0,2,12,9,0,
demand: 91:72,56,47,38,14,46,21,22,56,53,70,26,:0,13,9,2,10,5,4,3,12,7,6,0,
demand: 10:73,20,70,56,47,38,14,92,56,47,16,11,14,92,67,36,:0,1,13,14,3,5,11,15,4,9,6,10,2,7,0,0,
demand: 53:79,42,95,67,36,73,14,92,73,53,84,53,73,14,73,36,67,32,:0,5,0,0,0,0,1,15,0,0,6,0,0,9,0,0,0,0,
demand: 377:6,44,84,33,53,44,70,56,16,20,84,33,60,44,2,98,57,:0,15,6,0,3,13,5,9,2,12,14,0,7,1,0,8,0,
demand: 964:79,21,6,90,63,28,87,:0,9,12,3,7,13,0,
demand: 420:13,28,63,90,6,79,94,11,16,20,28,95,:0,2,8,4,10,12,3,0,15,9,7,0,
demand: 51:94,16,20,28,63,21,66,16,94,83,28,63,21,6,44,60,33,53,64,1,34,4,19,:0,8,1,5,2,0,0,6,0,0,11,10,0,13,9,7,0,4,0,0,0,15,0,
demand: 830:9,6,95,:0,10,0,
demand: 644:7,4,92,56,70,4,97,:0,5,9,3,4,15,0,
demand: 9:17,49,60,13,25,14,92,4,92,12,:0,0,7,0,8,4,0,1,0,0,
demand: 14:40,21,79,25,4,34,32,:0,0,15,2,5,0,0,
demand: 164:96,66,21,79,25,34,47,34,69,43,:0,0,0,13,14,0,4,0,0,0,
demand: 710:60,4,25,79,18,87,28,96,18,98,25,54,:0,15,6,9,12,1,0,11,13,3,8,0,
demand: 405:39,87,28,63,18,87,28,96,94,87,94,65,16,11,96,40,96,28,96,40,76,:0,13,0,10,11,15,0,12,4,2,0,3,5,0,1,7,14,9,8,6,0,
demand: 646:13,65,84,81,16,54,29,:0,4,5,15,9,7,0,
demand: 168:34,94,37,54,56,40,81,18,87,33,91,6,37,54,81,77,57,98,24,:0,3,15,12,4,11,10,0,5,7,0,9,1,8,13,6,2,0,0,
demand: 722:2,1,81,1,9,92,73,51,53,33,69,34,37,81,57,46,21,40,21,79,:0,0,13,0,0,4,0,0,0,1,0,0,10,8,7,3,0,6,0,0,
demand: 945:67,32,94,11,16,66,96,40,81,37,54,92,9,1,57,81,37,54,81,49,:0,6,0,0,3,0,0,2,14,1,11,4,0,0,12,15,13,8,5,0,
demand: 737:35,77,81,40,57,77,38,40,81,54,28,83,98,:0,11,2,8,13,12,3,7,14,1,4,0,0,
demand: 73:37,18,63,37,33,48,49,12,:0,9,3,2,7,11,0,0,
demand: 302:14,77,81,54,57,79,81,:0,15,8,9,2,4,10,
demand: 881:29,84,81,79,57,77,76,40,72,:0,4,9,0,10,6,1,8,0,
demand: 543:83,69,33,48,96,40,81,77,57,77,81,40,81,84,60,84,17,95,85,:0,0,7,0,0,8,0,15,11,0,2,5,0,0,4,3,0,0,0,
demand: 319:60,98,57,54,77,76,28,54,44,57,54,74,:0,0,10,5,2,11,3,7,4,8,1,0,
demand: 310:66,48,33,60,33,48,33,37,54,37,34,57,34,37,34,57,1,64,53,:0,0,5,3,0,11,12,13,9,0,0,2,0,15,0,0,0,0,0,
demand: 801:88,37,6,5,:0,2,0,0,
demand: 811:7,33,37,77,4,100,100,100,100,100,100,100,100,100,100,100,4,25,:0,13,6,11,3,12,7,4,8,9,1,5,14,2,10,15,0,0,
demand: 200:6,20,16,65,:0,4,0,0,
demand: 316:9,82,64,33,44,54,77,76,42,:0,0,11,2,3,5,7,1,0,
demand: 849:90,6,37,33,24,:0,0,12,5,0,
demand: 436:16,70,96,48,66,74,59,78,:0,0,0,12,0,0,0,0,
demand: 192:34,57,40,76,97,39,:0,13,14,5,0,0,
demand: 325:8,79,37,33,64,76,40,57,37,77,89,37,90,:0,3,4,6,13,15,10,9,14,12,1,7,0,
demand: 792:56,40,57,37,38,:0,0,5,3,0,
demand: 217:36,77,89,33,22,:0,4,3,15,0,
demand: 140:94,52,27,:0,4,0,
demand: 875:32,83,52,66,100,100,100,33,64,76,72,:0,0,14,0,8,12,2,11,1,5,0,
demand: 233:61,77,89,33,100,76,94,:0,11,5,1,9,12,0,
demand: 779:79,77,52,33,:0,12,3,0,
demand: 712:39,40,76,77,52,94,76,94,29,:0,3,1,4,5,0,10,0,0,
demand: 432:37,77,63,:0,14,0,
demand: 47:100,33,64,76,32,26,64,10,26,77,52,64,10,9,21,:0,8,12,15,5,14,10,7,1,4,9,11,13,0,0,
demand: 457:39,10,64,26,32,35,48,89,76,32,40,62,:0,14,4,11,9,7,13,5,6,15,2,0,
demand: 629:19,35,5,:0,12,0,
demand: 564:38,89,48,35,32,26,64,10,57,79,35,:0,2,15,5,11,10,14,9,4,0,0,
demand: 238:40,32,26,64,26,32,35,48,89,26,10,67,52,64,96,49,:0,12,5,4,0,13,9,11,6,15,14,0,3,7,0,0,
demand: 181:72,52,64,48,35,48,89,54,:0,6,11,2,7,0,0,0,
demand: 210:45,26,10,72,:0,7,12,0,
demand: 443:70,64,52,43,:0,2,7,0,
demand: 304:34,32,35,52,26,89,35,56,:0,11,2,5,1,15,7,0,
demand: 463:84,10,26,89,35,52,26,89,35,52,64,76,32,40,:0,12,4,1,9,8,5,11,13,2,15,0,3,0,
demand: 102:81,35,26,52,73,:0,11,4,9,0,
demand: 866:91,33,89,48,89,35,52,26,89,35,52,26,89,76,32,76,100,:0,0,8,12,0,14,2,0,1,7,3,0,11,0,5,0,0,
demand: 528:5,26,40,32,52,10,83,48,32,57,10,61,48,32,57,10,61,48,13,10,67,41,:0,4,0,10,11,3,0,9,13,0,6,0,2,8,0,12,0,15,7,14,0,0,
demand: 41:22,21,42,48,71,45,83,10,13,48,5,8,10,39,61,48,13,31,66,69,48,94,99,:0,0,0,8,0,0,0,14,12,9,0,5,7,0,0,6,15,0,13,0,10,0,0,
demand: 129:90,13,38,14,:0,10,0,0,
demand: 82:60,48,13,66,8,80,74,66,8,80,28,13,66,90,:0,3,11,15,6,2,0,7,14,12,0,8,5,0,
demand: 963:19,67,66,8,80,74,66,8,80,55,100,:0,0,7,5,8,0,15,13,14,10,0,
demand: 934:97,8,80,8,66,67,10,57,55,57,10,13,66,8,80,55,72,15,:0,14,7,0,2,0,0,0,11,0,0,1,15,8,9,6,13,0,
demand: 896:73,11,80,55,72,74,80,55,72,99,8,90,:0,0,9,1,12,0,8,5,15,0,6,0,
demand: 13:45,72,56,75,56,72,15,75,15,72,5,75,58,:0,14,0,11,0,10,0,5,0,9,0,4,0,
demand: 147:28,27,75,15,75,56,95,56,75,15,83,31,83,15,75,5,75,29,78,27,51,73,51,41,:0,0,1,4,8,0,12,0,14,10,0,7,0,0,2,3,13,5,15,6,9,11,0,0,
demand: 790:62,1,82,36,9,91,59,31,43,:0,7,4,0,13,15,3,14,0,
demand: 344:42,1,62,24,31,59,91,9,43,31,59,68,:0,4,1,12,11,9,8,14,5,2,13,0,
demand: 560:53,1,62,24,31,43,9,91,59,29,78,27,23,74,95,1,8,:0,13,12,4,8,11,6,10,14,3,7,15,1,2,5,9,0,
demand: 448:52,35,5,74,59,91,9,11,73,82,5,74,59,91,81,74,23,95,87,18,:0,0,5,7,1,8,2,0,4,13,3,9,12,6,0,11,10,15,0,0,
demand: 517:34,36,1,62,24,31,43,74,23,27,51,49,19,62,49,95,29,78,7,93,:0,0,1,10,6,0,2,5,15,0,13,8,11,14,3,4,7,12,0,0,
demand: 503:87,95,1,42,:0,0,1,0,
demand: 3:96,7,5,82,73,7,:0,0,14,2,4,0,
demand: 968:79,5,74,23,62,49,19,34,15,59,51,49,25,:0,14,9,6,11,5,2,12,13,10,7,4,0,
demand: 12:69,5,74,43,:0,12,3,0,
demand: 68:25,5,74,43,51,49,19,34,86,27,23,62,49,43,:0,9,0,5,4,8,13,10,2,11,7,15,0,0,
demand: 706:61,19,34,15,95,49,91,95,29,78,27,86,34,78,86,52,62,:0,7,3,15,5,1,11,9,0,2,8,6,12,10,13,0,0,
demand: 141:70,5,34,32,18,:0,15,9,0,0,
demand: 389:64,5,34,78,86,34,32,:0,15,7,12,3,0,0,
demand: 736:55,23,51,59,27,1,95,99,85,73,29,95,91,85,51,6,:0,6,0,10,5,0,13,0,4,14,0,12,0,7,3,0,
demand: 173:19,85,51,59,8,:0,10,15,0,0,
demand: 821:13,5,34,15,59,31,:0,15,8,0,0,0,
demand: 103:3,85,78,27,83,:0,2,0,8,0,
demand: 201:82,5,72,85,19,62,39,10,:0,15,0,6,0,9,0,0,
demand: 63:60,23,43,9,:0,15,0,0,
demand: 228:23,85,9,:0,7,0,
demand: 835:42,15,72,85,19,49,51,90,:0,0,0,5,0,14,0,0,
demand: 750:26,1,85,51,43,51,85,19,44,:0,1,4,0,14,0,5,0,0,
demand: 66:37,6,91,85,29,85,91,95,91,85,91,68,:0,0,0,5,9,6,0,15,0,2,1,0,
Average Delay: 10.791208791208792
Runtime (mS): 15320Acceptation rate: 0.5352941176470588