13, 14, 15, 2, 15, 9, 10, 4, 8, 13, 14, 4, 2, 15, 9, 10, 4, 14, 
13, 1, 4, 5, 10, 14, 1, 4, 5, 8, 
7, 3, 10, 8, 4, 1, 6, 
4, 1, 14, 10, 5, 
5, 1, 6, 15, 11, 15, 1, 15, 
1, 14, 
15, 15, 15, 15, 15, 12, 7, 
15, 15, 15, 15, 11, 15, 1, 4, 
14, 15, 6, 9, 6, 12, 
5, 15, 6, 9, 3, 9, 6, 3, 5, 9, 5, 3, 
8, 3, 8, 9, 14, 1, 15, 6, 9, 14, 10, 
6, 3, 15, 5, 9, 12, 9, 13, 5, 8, 14, 3, 4, 9, 13, 1, 5, 
8, 12, 6, 3, 14, 5, 8, 12, 6, 3, 14, 3, 1, 
12, 13, 
12, 8, 5, 8, 1, 
8, 1, 3, 14, 
8, 2, 14, 5, 10, 7, 13, 1, 5, 14, 
5, 15, 7, 4, 3, 1, 5, 1, 3, 4, 7, 11, 5, 
7, 2, 
15, 1, 5, 7, 5, 1, 15, 7, 2, 
7, 11, 5, 11, 7, 11, 5, 2, 7, 2, 5, 6, 5, 14, 3, 4, 
12, 5, 12, 13, 
demand: 217:8,13,14,15,2,15,9,10,4,8,13,14,4,2,15,9,10,4,14,:0,7,0,0,3,0,0,4,0,0,6,0,2,5,0,0,1,0,0,
demand: 874:2,13,1,4,5,10,14,1,4,5,8,:0,5,0,7,0,6,0,1,4,0,0,
demand: 472:14,7,3,10,8,4,1,6,:0,0,0,4,0,3,7,0,
demand: 316:9,4,1,14,10,5,:0,3,0,0,2,0,
demand: 825:10,5,1,6,15,11,15,1,15,:0,0,4,2,0,7,0,5,0,
demand: 289:4,1,14,:0,6,0,
demand: 921:15,15,15,15,15,15,12,7,:0,4,1,3,7,5,0,0,
demand: 306:15,15,15,15,15,11,15,1,4,:0,1,3,7,2,5,0,0,6,
demand: 218:10,14,15,6,9,6,12,:0,0,0,2,3,6,0,
demand: 943:7,5,15,6,9,3,9,6,3,5,9,5,3,:0,0,0,1,7,3,2,6,4,0,5,0,0,
demand: 93:9,8,3,8,9,14,1,15,6,9,14,10,:0,0,5,0,1,4,0,6,0,2,7,0,
demand: 640:9,6,3,15,5,9,12,9,13,5,8,14,3,4,9,13,1,5,:0,0,2,0,0,3,7,1,0,0,4,0,6,0,5,0,0,0,
demand: 271:15,8,12,6,3,14,5,8,12,6,3,14,3,1,:0,1,4,0,0,5,0,3,6,0,0,7,0,0,
demand: 168:9,12,13,:0,7,0,
demand: 629:9,12,8,5,8,1,:0,0,2,6,7,0,
demand: 213:2,8,1,3,14,:0,5,0,0,0,
demand: 662:15,8,2,14,5,10,7,13,1,5,14,:0,6,0,1,2,0,5,0,0,7,0,
demand: 612:11,5,15,7,4,3,1,5,1,3,4,7,11,5,:0,1,0,4,0,0,0,3,0,0,0,6,0,7,
demand: 506:15,7,2,:0,3,0,
demand: 995:11,15,1,5,7,5,1,15,7,2,:0,0,0,2,5,3,0,0,1,0,
demand: 38:1,6,5,14,3,4,:0,0,6,0,0,0,
demand: 569:9,12,5,12,13,:0,0,4,0,0,
Average Delay: 8.052631578947368
Runtime (mS): 14Acceptation rate: 0.95