194, 229, 39, 49, 187, 189, 49, 187, 49, 241, 
177, 47, 249, 39, 187, 189, 243, 39, 49, 177, 47, 249, 39, 187, 158, 32, 47, 156, 177, 161, 35, 170, 
243, 223, 154, 153, 113, 189, 243, 49, 177, 156, 21, 158, 154, 194, 
243, 169, 75, 129, 236, 92, 47, 156, 21, 218, 75, 177, 20, 21, 20, 92, 236, 92, 139, 
169, 75, 38, 31, 153, 113, 25, 244, 25, 224, 
242, 161, 21, 218, 69, 47, 185, 160, 69, 244, 48, 19, 174, 103, 160, 13, 
244, 70, 158, 3, 14, 70, 152, 176, 
14, 152, 176, 42, 14, 113, 228, 14, 3, 242, 
152, 185, 160, 103, 174, 187, 
19, 48, 229, 14, 220, 
42, 228, 184, 227, 188, 184, 227, 21, 233, 
228, 42, 227, 205, 228, 60, 58, 218, 242, 39, 42, 164, 
228, 60, 188, 58, 60, 1, 
58, 60, 38, 205, 227, 57, 
166, 228, 205, 42, 160, 103, 166, 117, 32, 205, 50, 
202, 27, 188, 203, 58, 211, 190, 211, 209, 65, 13, 161, 20, 92, 
184, 174, 101, 227, 205, 32, 117, 188, 203, 202, 27, 246, 65, 113, 25, 244, 190, 211, 46, 164, 237, 58, 237, 209, 200, 223, 22, 154, 
190, 32, 117, 203, 205, 32, 117, 203, 202, 166, 117, 203, 10, 103, 122, 
86, 202, 27, 246, 65, 32, 190, 248, 79, 202, 27, 244, 
65, 246, 27, 202, 86, 202, 27, 246, 65, 32, 190, 32, 65, 200, 1, 
61, 65, 246, 65, 32, 190, 32, 65, 246, 86, 221, 202, 16, 
86, 246, 79, 140, 
117, 203, 86, 221, 248, 79, 105, 221, 248, 79, 105, 221, 248, 55, 79, 2, 
55, 248, 221, 105, 55, 32, 105, 212, 246, 27, 55, 166, 117, 92, 55, 212, 139, 92, 184, 
139, 212, 139, 92, 133, 212, 139, 92, 55, 248, 242, 92, 133, 74, 171, 
26, 223, 229, 155, 194, 155, 229, 223, 88, 209, 229, 155, 194, 242, 186, 207, 242, 186, 207, 242, 186, 207, 242, 194, 155, 13, 175, 
134, 133, 74, 41, 134, 133, 60, 
223, 195, 134, 133, 74, 41, 134, 133, 74, 41, 134, 195, 223, 242, 194, 108, 223, 25, 86, 
1, 168, 41, 187, 
2, 64, 134, 41, 74, 41, 134, 195, 30, 62, 
1, 134, 195, 10, 39, 
1, 201, 155, 22, 134, 64, 2, 242, 194, 108, 2, 64, 37, 122, 
1, 201, 155, 30, 195, 10, 29, 195, 10, 2, 64, 130, 194, 108, 223, 186, 131, 
41, 30, 155, 201, 44, 47, 157, 156, 161, 186, 161, 20, 184, 
74, 41, 134, 195, 10, 195, 223, 108, 230, 
1, 233, 1, 201, 155, 30, 155, 201, 44, 33, 47, 157, 47, 92, 133, 134, 64, 130, 30, 155, 201, 44, 74, 201, 44, 66, 202, 
2, 64, 130, 194, 108, 19, 201, 44, 186, 30, 155, 149, 
1, 201, 19, 108, 233, 64, 130, 233, 186, 30, 10, 2, 187, 189, 
1, 201, 44, 74, 10, 194, 77, 164, 116, 26, 223, 19, 201, 155, 22, 19, 26, 116, 100, 
108, 12, 77, 164, 116, 26, 74, 157, 2, 26, 116, 164, 242, 132, 12, 77, 164, 116, 73, 
1, 12, 77, 57, 26, 116, 164, 82, 44, 186, 148, 58, 213, 
1, 12, 132, 142, 214, 148, 194, 132, 142, 10, 194, 130, 233, 26, 116, 173, 
141, 1, 141, 204, 56, 233, 31, 148, 214, 142, 132, 82, 148, 214, 142, 132, 82, 164, 222, 84, 30, 
18, 157, 82, 164, 222, 157, 132, 82, 214, 241, 222, 84, 15, 
1, 200, 77, 214, 148, 84, 22, 82, 63, 207, 222, 157, 63, 161, 
1, 108, 172, 1, 41, 168, 16, 29, 22, 63, 82, 16, 77, 194, 130, 238, 153, 
1, 172, 155, 148, 84, 22, 29, 132, 157, 172, 108, 40, 172, 241, 207, 63, 157, 132, 16, 31, 
127, 96, 116, 73, 200, 29, 16, 168, 116, 26, 80, 105, 
226, 16, 168, 241, 96, 127, 168, 241, 96, 127, 168, 241, 214, 238, 215, 
1, 200, 73, 193, 40, 130, 238, 84, 226, 40, 193, 73, 200, 96, 127, 77, 71, 
226, 74, 238, 193, 40, 226, 110, 207, 40, 193, 73, 200, 96, 127, 168, 40, 193, 238, 145, 
110, 226, 40, 136, 226, 110, 226, 136, 183, 8, 110, 8, 
73, 200, 73, 193, 136, 13, 106, 
63, 207, 110, 127, 193, 136, 183, 137, 136, 226, 164, 183, 136, 124, 159, 51, 132, 159, 124, 27, 
73, 193, 238, 216, 47, 122, 137, 216, 124, 159, 51, 142, 110, 8, 183, 107, 159, 110, 32, 122, 136, 170, 
71, 154, 71, 54, 
124, 136, 249, 154, 216, 117, 249, 154, 249, 107, 159, 154, 16, 132, 51, 154, 53, 241, 18, 214, 67, 3, 17, 
14, 3, 67, 122, 18, 161, 154, 16, 132, 204, 
3, 67, 29, 118, 67, 233, 9, 32, 
3, 226, 53, 241, 207, 67, 18, 145, 161, 9, 118, 67, 18, 145, 161, 9, 118, 34, 
3, 163, 172, 67, 18, 161, 136, 118, 9, 161, 53, 241, 18, 67, 118, 9, 161, 53, 241, 18, 44, 201, 
18, 67, 3, 67, 18, 156, 161, 9, 118, 9, 161, 156, 18, 1, 118, 9, 96, 127, 
3, 163, 118, 18, 216, 43, 145, 170, 224, 
9, 20, 18, 118, 163, 3, 53, 161, 22, 9, 25, 97, 
3, 163, 118, 18, 163, 118, 18, 163, 118, 46, 23, 
53, 161, 21, 43, 21, 161, 53, 161, 147, 53, 161, 147, 170, 162, 227, 161, 127, 96, 127, 66, 163, 18, 118, 9, 25, 183, 
161, 147, 170, 163, 66, 33, 9, 25, 211, 128, 163, 66, 37, 161, 147, 
53, 147, 161, 163, 66, 127, 161, 147, 156, 
9, 25, 147, 170, 150, 56, 42, 52, 
3, 147, 170, 162, 43, 162, 145, 147, 170, 154, 
demand: 949:243,194,229,39,49,187,189,49,187,49,241,:0,0,0,0,6,19,17,10,20,0,0,
demand: 938:161,177,47,249,39,187,189,243,39,49,177,47,249,39,187,158,32,47,156,177,161,35,170,:0,13,3,0,0,2,19,16,0,1,17,20,0,0,10,9,0,5,0,18,0,0,0,
demand: 727:240,243,223,154,153,113,189,243,49,177,156,21,158,154,194,:0,14,0,0,0,16,15,11,20,9,0,2,7,0,0,
demand: 370:12,243,169,75,129,236,92,47,156,21,218,75,177,20,21,20,92,236,92,139,:0,15,6,20,5,12,0,14,0,9,16,18,4,0,8,0,0,13,0,0,
demand: 982:165,169,75,38,31,153,113,25,244,25,224,:0,20,11,6,0,0,12,0,19,0,0,
demand: 947:194,242,161,21,218,69,47,185,160,69,244,48,19,174,103,160,13,:0,0,0,14,11,6,10,3,17,20,18,5,0,19,16,8,0,
demand: 547:42,244,70,158,3,14,70,152,176,:0,8,7,10,0,19,6,12,0,
demand: 769:161,14,152,176,42,14,113,228,14,3,242,:0,2,12,0,16,9,15,19,6,0,0,
demand: 664:120,152,185,160,103,174,187,:0,9,17,4,13,14,0,
demand: 556:226,19,48,229,14,220,:0,0,18,0,4,0,
demand: 162:56,42,228,184,227,188,184,227,21,233,:0,17,1,9,8,19,6,18,15,0,
demand: 804:237,228,42,227,205,228,60,58,218,242,39,42,164,:0,11,4,12,7,9,18,19,10,0,0,13,0,
demand: 629:168,228,60,188,58,60,1,:0,9,16,11,5,0,0,
demand: 382:80,58,60,38,205,227,57,:0,18,0,10,2,0,0,
demand: 229:161,166,228,205,42,160,103,166,117,32,205,50,:0,12,10,17,1,20,0,3,8,9,4,0,
demand: 371:132,202,27,188,203,58,211,190,211,209,65,13,161,20,92,:0,3,18,1,6,15,0,5,0,0,9,0,0,0,0,
demand: 315:110,184,174,101,227,205,32,117,188,203,202,27,246,65,113,25,244,190,211,46,164,237,58,237,209,200,223,22,154,:0,11,20,0,0,14,18,12,10,13,2,1,4,6,0,0,0,7,0,0,0,0,15,0,0,0,0,0,0,
demand: 781:20,190,32,117,203,205,32,117,203,202,166,117,203,10,103,122,:0,5,7,16,2,10,19,14,17,1,15,12,8,0,20,0,
demand: 253:25,86,202,27,246,65,32,190,248,79,202,27,244,:0,3,7,15,2,10,6,14,13,1,18,16,0,
demand: 227:249,65,246,27,202,86,202,27,246,65,32,190,32,65,200,1,:0,6,1,20,16,7,0,5,3,13,11,4,0,18,0,0,
demand: 464:224,61,65,246,65,32,190,32,65,246,86,221,202,16,:0,0,19,11,0,0,15,0,18,17,3,12,20,0,
demand: 81:129,86,246,79,140,:0,16,8,15,0,
demand: 57:216,117,203,86,221,248,79,105,221,248,79,105,221,248,55,79,2,:0,2,4,20,6,15,16,1,3,14,19,7,11,8,5,12,0,
demand: 554:113,55,248,221,105,55,32,105,212,246,27,55,166,117,92,55,212,139,92,184,:0,5,6,4,19,11,16,14,13,20,0,9,0,2,1,15,10,0,7,0,
demand: 148:238,139,212,139,92,133,212,139,92,55,248,242,92,133,74,171,:0,0,13,0,7,11,17,0,6,0,16,12,9,15,3,0,
demand: 825:57,26,223,229,155,194,155,229,223,88,209,229,155,194,242,186,207,242,186,207,242,186,207,242,194,155,13,175,:0,15,7,0,9,17,0,0,19,0,0,0,3,12,16,14,5,4,6,18,2,20,11,8,1,10,0,0,
demand: 626:53,134,133,74,41,134,133,60,:0,7,19,20,1,12,16,0,
demand: 515:67,223,195,134,133,74,41,134,133,74,41,134,195,223,242,194,108,223,25,86,:0,5,19,1,4,10,16,6,18,9,2,11,14,12,20,3,15,7,0,0,
demand: 924:181,1,168,41,187,:0,7,18,12,0,
demand: 794:240,2,64,134,41,74,41,134,195,30,62,:0,13,7,8,11,6,0,20,19,3,0,
demand: 795:239,1,134,195,10,39,:0,4,15,17,0,0,
demand: 373:12,1,201,155,22,134,64,2,242,194,108,2,64,37,122,:0,8,1,19,7,15,14,3,13,17,6,2,12,0,0,
demand: 662:83,1,201,155,30,195,10,29,195,10,2,64,130,194,108,223,186,131,:0,4,12,16,15,13,19,7,14,5,3,20,9,8,6,11,17,0,
demand: 928:187,41,30,155,201,44,47,157,156,161,186,161,20,184,:0,10,6,14,15,5,0,8,0,0,4,0,0,0,
demand: 959:140,74,41,134,195,10,195,223,108,230,:0,14,0,0,0,11,0,4,17,0,
demand: 671:36,1,233,1,201,155,30,155,201,44,33,47,157,47,92,133,134,64,130,30,155,201,44,74,201,44,66,202,:0,3,16,0,11,8,18,0,10,13,0,0,2,0,0,15,0,4,9,6,0,17,19,1,12,5,0,0,
demand: 421:51,2,64,130,194,108,19,201,44,186,30,155,149,:0,4,19,18,0,9,16,8,20,5,13,0,0,
demand: 78:128,1,201,19,108,233,64,130,233,186,30,10,2,187,189,:0,13,20,2,10,16,18,5,9,17,11,3,15,0,0,
demand: 709:219,1,201,44,74,10,194,77,164,116,26,223,19,201,155,22,19,26,116,100,:0,18,0,7,11,6,13,12,8,5,17,20,2,4,0,14,1,16,3,0,
demand: 329:249,108,12,77,164,116,26,74,157,2,26,116,164,242,132,12,77,164,116,73,:0,14,19,12,2,8,1,15,3,20,6,18,17,13,7,9,16,5,0,0,
demand: 694:237,1,12,77,57,26,116,164,82,44,186,148,58,213,:0,14,3,18,0,19,1,13,17,20,4,16,0,0,
demand: 199:92,1,12,132,142,214,148,194,132,142,10,194,130,233,26,116,173,:0,10,6,19,8,5,12,13,16,2,7,20,15,14,17,18,0,
demand: 588:98,141,1,141,204,56,233,31,148,214,142,132,82,148,214,142,132,82,164,222,84,30,:0,0,6,0,0,0,11,0,8,9,7,10,20,12,1,2,17,5,13,3,16,0,
demand: 376:43,18,157,82,164,222,157,132,82,214,241,222,84,15,:0,0,15,5,20,3,13,1,11,9,6,2,8,0,
demand: 3:137,1,200,77,214,148,84,22,82,63,207,222,157,63,161,:0,10,5,15,17,13,3,16,20,9,19,8,11,12,0,
demand: 350:49,1,108,172,1,41,168,16,29,22,63,82,16,77,194,130,238,153,:0,14,15,3,12,20,8,6,5,19,16,18,2,11,0,4,7,0,
demand: 663:90,1,172,155,148,84,22,29,132,157,172,108,40,172,241,207,63,157,132,16,31,:0,18,5,10,4,17,6,19,11,1,16,20,12,8,7,2,9,15,14,3,0,
demand: 31:21,127,96,116,73,200,29,16,168,116,26,80,105,:0,3,2,13,19,6,8,18,14,1,0,0,0,
demand: 579:131,226,16,168,241,96,127,168,241,96,127,168,241,214,238,215,:0,1,13,19,16,6,4,7,5,2,9,3,17,15,8,0,
demand: 776:134,1,200,73,193,40,130,238,84,226,40,193,73,200,96,127,77,71,:0,15,2,5,14,1,10,9,4,17,12,7,19,3,8,18,20,0,
demand: 131:81,226,74,238,193,40,226,110,207,40,193,73,200,96,127,168,40,193,238,145,:0,9,20,14,8,11,12,18,17,7,13,15,1,10,3,4,6,19,2,0,
demand: 169:126,110,226,40,136,226,110,226,136,183,8,110,8,:0,5,12,18,16,9,17,0,2,6,0,19,0,
demand: 918:188,73,200,73,193,136,13,106,:0,1,14,0,4,5,0,0,
demand: 395:203,63,207,110,127,193,136,183,137,136,226,164,183,136,124,159,51,132,159,124,27,:0,10,0,16,1,13,11,2,19,12,14,20,6,4,8,3,9,15,17,18,0,
demand: 860:230,73,193,238,216,47,122,137,216,124,159,51,142,110,8,183,107,159,110,32,122,136,170,:0,0,14,10,18,0,17,3,5,8,0,19,20,11,0,9,7,2,4,0,12,1,0,
demand: 960:241,71,154,71,54,:0,0,11,0,0,
demand: 888:200,124,136,249,154,216,117,249,154,249,107,159,154,16,132,51,154,53,241,18,214,67,3,17,:0,3,0,12,11,8,0,18,4,1,6,0,17,15,0,2,7,5,10,9,20,19,0,0,
demand: 582:34,14,3,67,122,18,161,154,16,132,204,:0,0,6,1,16,19,17,2,0,0,0,
demand: 390:91,3,67,29,118,67,233,9,32,:0,6,2,10,4,3,15,1,0,
demand: 417:117,3,226,53,241,207,67,18,145,161,9,118,67,18,145,161,9,118,34,:0,5,15,1,0,10,13,18,7,4,11,16,19,17,3,6,2,14,0,
demand: 447:74,3,163,172,67,18,161,136,118,9,161,53,241,18,67,118,9,161,53,241,18,44,201,:0,3,4,20,13,11,0,15,18,1,10,14,0,19,2,12,9,7,17,0,8,0,0,
demand: 163:93,18,67,3,67,18,156,161,9,118,9,161,156,18,1,118,9,96,127,:0,0,0,9,0,19,0,2,8,12,0,7,0,6,20,3,18,0,0,
demand: 606:102,3,163,118,18,216,43,145,170,224,:0,17,14,12,13,0,2,18,4,0,
demand: 150:4,9,20,18,118,163,3,53,161,22,9,25,97,:0,3,0,16,17,7,11,6,13,20,9,5,0,
demand: 677:89,3,163,118,18,163,118,18,163,118,46,23,:0,13,3,14,6,10,18,8,12,4,19,0,
demand: 58:36,53,161,21,43,21,161,53,161,147,53,161,147,170,162,227,161,127,96,127,66,163,18,118,9,25,183,:0,19,9,0,17,0,0,13,15,6,8,10,7,3,0,0,4,0,20,0,16,14,0,0,12,18,0,
demand: 607:14,161,147,170,163,66,33,9,25,211,128,163,66,37,161,147,:0,15,1,5,3,6,0,17,12,0,7,8,4,0,19,11,
demand: 688:5,53,147,161,163,66,127,161,147,156,:0,11,7,16,3,1,0,8,9,0,
demand: 653:11,9,25,147,170,150,56,42,52,:0,16,19,15,17,2,10,0,0,
demand: 214:97,3,147,170,162,43,162,145,147,170,154,:0,18,14,3,0,19,0,17,4,12,0,
Average Delay: 15.510204081632653
Runtime (mS): 291180Acceptation rate: 0.98