13, 14, 15, 2, 15, 9, 10, 4, 8, 13, 14, 4, 2, 15, 9, 10, 4, 14, 
13, 1, 4, 5, 10, 14, 1, 4, 5, 8, 
7, 3, 10, 8, 4, 1, 6, 
7, 4, 1, 6, 1, 4, 11, 10, 14, 1, 13, 
15, 11, 15, 6, 15, 5, 3, 
9, 14, 1, 6, 5, 15, 15, 15, 3, 
15, 15, 15, 15, 6, 2, 
3, 12, 15, 15, 12, 2, 
15, 13, 9, 
9, 3, 1, 13, 9, 8, 14, 15, 11, 15, 14, 8, 9, 13, 1, 3, 
9, 5, 7, 12, 14, 8, 3, 8, 14, 12, 7, 5, 9, 5, 7, 12, 14, 8, 3, 
9, 6, 3, 14, 10, 7, 9, 6, 12, 10, 11, 
3, 
14, 2, 12, 8, 11, 10, 12, 8, 2, 14, 
12, 8, 2, 14, 2, 8, 2, 14, 
10, 14, 10, 12, 8, 15, 
12, 8, 5, 9, 
6, 1, 14, 1, 15, 5, 14, 3, 1, 12, 10, 7, 15, 
5, 
12, 10, 5, 6, 9, 
14, 5, 10, 7, 10, 5, 8, 2, 
13, 5, 11, 
8, 5, 6, 9, 7, 9, 6, 5, 11, 7, 11, 5, 11, 7, 13, 
5, 11, 7, 11, 5, 11, 10, 12, 10, 11, 7, 13, 
5, 11, 7, 6, 5, 11, 7, 11, 5, 8, 12, 
7, 
3, 15, 7, 11, 7, 7, 15, 7, 8, 11, 7, 15, 7, 7, 11, 7, 15, 
demand: 217:8,13,14,15,2,15,9,10,4,8,13,14,4,2,15,9,10,4,14,:0,7,0,0,3,0,0,4,0,0,6,0,2,5,0,0,1,0,0,
demand: 874:2,13,1,4,5,10,14,1,4,5,8,:0,5,0,7,0,6,0,1,4,0,0,
demand: 472:14,7,3,10,8,4,1,6,:0,0,0,4,0,3,7,0,
demand: 416:10,7,4,1,6,1,4,11,10,14,1,13,:0,0,6,4,3,0,7,0,5,0,1,0,
demand: 891:6,15,11,15,6,15,5,3,:0,0,1,0,3,4,0,0,
demand: 461:2,9,14,1,6,5,15,15,15,3,:0,4,0,0,2,0,5,7,6,0,
demand: 373:11,15,15,15,15,6,2,:0,3,6,1,2,0,0,
demand: 796:9,3,12,15,15,12,2,:0,0,0,7,6,0,0,
demand: 837:7,15,13,9,:0,3,0,0,
demand: 423:5,9,3,1,13,9,8,14,15,11,15,14,8,9,13,1,3,:0,4,7,0,0,1,0,0,5,6,0,0,0,3,0,0,0,
demand: 173:6,9,5,7,12,14,8,3,8,14,12,7,5,9,5,7,12,14,8,3,:0,5,0,0,0,0,0,1,0,0,0,0,0,3,0,0,0,0,0,0,
demand: 763:13,9,6,3,14,10,7,9,6,12,10,11,:0,7,0,4,1,0,0,2,6,5,0,0,
demand: 471:2,3,:0,2,
demand: 383:3,14,2,12,8,11,10,12,8,2,14,:0,2,0,7,5,6,0,1,4,0,0,
demand: 415:1,12,8,2,14,2,8,2,14,:0,4,3,0,7,0,5,0,6,
demand: 630:7,10,14,10,12,8,15,:0,0,3,0,0,5,0,
demand: 622:10,12,8,5,9,:0,0,5,0,0,
demand: 718:9,6,1,14,1,15,5,14,3,1,12,10,7,15,:0,0,0,3,0,0,7,6,0,0,2,0,5,0,
demand: 875:10,5,:0,2,
demand: 901:13,12,10,5,6,9,:0,0,0,6,0,0,
demand: 390:3,14,5,10,7,10,5,8,2,:0,1,6,0,2,0,7,0,0,
demand: 495:7,13,5,11,:0,0,7,0,
demand: 698:2,8,5,6,9,7,9,6,5,11,7,11,5,11,7,13,:0,3,4,0,0,7,0,0,5,0,6,0,2,0,1,0,
demand: 571:1,5,11,7,11,5,11,10,12,10,11,7,13,:0,5,0,7,0,1,0,0,3,0,0,2,0,
demand: 400:3,6,5,11,7,11,5,8,12,:0,0,5,0,6,0,7,0,0,
demand: 133:9,7,:0,4,
demand: 289:4,11,7,15,:0,0,7,0,
Average Delay: 8.5
Runtime (mS): 36Acceptation rate: 0.26666666666666666