13, 14, 15, 2, 15, 9, 10, 4, 8, 13, 14, 4, 2, 15, 9, 10, 4, 14, 
13, 1, 4, 5, 10, 14, 1, 4, 5, 8, 
7, 3, 10, 8, 4, 1, 6, 
14, 1, 4, 11, 10, 14, 1, 14, 
5, 13, 1, 6, 15, 11, 15, 6, 
1, 6, 15, 15, 15, 14, 9, 
11, 15, 15, 15, 15, 15, 15, 7, 
3, 12, 15, 11, 15, 6, 15, 12, 3, 9, 8, 14, 12, 7, 4, 7, 12, 14, 8, 3, 6, 
9, 6, 3, 6, 9, 5, 15, 3, 15, 5, 9, 12, 10, 11, 8, 
1, 6, 3, 9, 8, 9, 3, 9, 8, 11, 15, 
3, 6, 9, 6, 3, 
9, 7, 11, 8, 12, 4, 
1, 6, 9, 6, 1, 3, 
12, 8, 
14, 10, 11, 8, 12, 10, 14, 10, 7, 
7, 10, 14, 10, 12, 8, 2, 14, 2, 8, 2, 14, 2, 8, 1, 
12, 8, 2, 14, 5, 10, 7, 10, 5, 10, 7, 2, 14, 2, 9, 
5, 8, 7, 15, 3, 5, 11, 7, 11, 5, 2, 
5, 12, 13, 
5, 11, 7, 8, 5, 11, 7, 2, 
5, 8, 7, 8, 5, 2, 7, 2, 5, 11, 8, 7, 15, 1, 5, 12, 10, 
5, 8, 5, 5, 5, 5, 2, 
8, 11, 7, 8, 11, 7, 15, 7, 11, 8, 5, 1, 15, 7, demand: 217:8,13,14,15,2,15,9,10,4,8,13,14,4,2,15,9,10,4,14,:0,7,0,0,3,0,0,4,0,0,6,0,2,5,0,0,1,0,0,
demand: 874:2,13,1,4,5,10,14,1,4,5,8,:0,5,0,7,0,6,0,1,4,0,0,
demand: 472:14,7,3,10,8,4,1,6,:0,0,0,4,0,3,7,0,
demand: 562:8,14,1,4,11,10,14,1,14,:0,0,0,3,0,6,0,4,0,
demand: 892:7,5,13,1,6,15,11,15,6,:0,0,0,2,4,0,3,0,0,
demand: 712:13,1,6,15,15,15,14,9,:0,0,5,7,4,3,0,0,
demand: 372:10,11,15,15,15,15,15,15,7,:0,0,1,6,5,2,3,7,0,
demand: 955:8,3,12,15,11,15,6,15,12,3,9,8,14,12,7,4,7,12,14,8,3,6,:0,0,0,0,2,4,5,0,0,0,3,0,0,0,0,6,0,0,0,0,1,0,
demand: 728:12,9,6,3,6,9,5,15,3,15,5,9,12,10,11,8,:0,1,0,3,0,5,0,0,2,0,0,7,4,6,0,0,
demand: 553:4,1,6,3,9,8,9,3,9,8,11,15,:0,0,0,0,2,4,0,7,5,1,0,0,
demand: 882:15,3,6,9,6,3,:0,0,0,1,0,0,
demand: 896:7,9,7,11,8,12,4,:0,3,0,6,1,5,0,
demand: 688:15,1,6,9,6,1,3,:0,0,0,2,0,0,0,
demand: 36:6,12,8,:0,7,0,
demand: 714:10,14,10,11,8,12,10,14,10,7,:0,5,0,0,3,7,0,6,0,0,
demand: 880:4,7,10,14,10,12,8,2,14,2,8,2,14,2,8,1,:0,0,0,4,0,0,3,0,2,0,6,0,1,0,7,0,
demand: 281:6,12,8,2,14,5,10,7,10,5,10,7,2,14,2,9,:0,0,2,0,1,6,0,4,0,7,0,5,0,3,0,0,
demand: 374:12,5,8,7,15,3,5,11,7,11,5,2,:0,5,3,2,0,0,1,0,6,0,7,0,
demand: 460:2,5,12,13,:0,2,0,0,
demand: 719:1,5,11,7,8,5,11,7,2,:0,4,0,1,3,2,0,6,0,
demand: 123:1,5,8,7,8,5,2,7,2,5,11,8,7,15,1,5,12,10,:0,2,0,3,0,7,0,1,0,6,0,0,5,0,0,4,0,0,
demand: 204:11,5,2,:0,2,0,
Average Delay: 9.947368421052632
Runtime (mS): 28Acceptation rate: 0.475