13, 14, 15, 2, 15, 9, 10, 4, 8, 13, 14, 4, 2, 15, 9, 10, 4, 14, 
13, 1, 4, 5, 10, 14, 1, 4, 5, 8, 
7, 3, 10, 8, 4, 1, 6, 
4, 7, 10, 5, 3, 
14, 1, 6, 15, 11, 4, 1, 6, 2, 4, 
6, 15, 15, 15, 15, 11, 
12, 15, 15, 11, 
6, 15, 15, 15, 15, 14, 9, 14, 
15, 11, 3, 9, 8, 14, 1, 
9, 6, 3, 15, 5, 7, 
6, 2, 
15, 14, 8, 9, 8, 14, 15, 6, 3, 9, 3, 6, 9, 6, 1, 14, 1, 6, 9, 
15, 5, 9, 7, 12, 14, 8, 3, 6, 9, 7, 12, 14, 10, 
demand: 217:8,13,14,15,2,15,9,10,4,8,13,14,4,2,15,9,10,4,14,:0,7,0,0,3,0,0,4,0,0,6,0,2,5,0,0,1,0,0,
demand: 874:2,13,1,4,5,10,14,1,4,5,8,:0,5,0,7,0,6,0,1,4,0,0,
demand: 472:14,7,3,10,8,4,1,6,:0,0,0,4,0,3,7,0,
demand: 87:11,4,7,10,5,3,:0,7,0,5,0,0,
demand: 435:10,14,1,6,15,11,4,1,6,2,4,:0,0,5,2,0,3,6,7,1,0,0,
demand: 935:2,6,15,15,15,15,11,:0,6,3,4,5,7,0,
demand: 348:3,12,15,15,11,:0,0,3,5,0,
demand: 955:12,6,15,15,15,15,14,9,14,:0,0,4,2,5,6,0,7,0,
demand: 864:6,15,11,3,9,8,14,1,:0,0,5,0,7,0,0,0,
demand: 212:4,9,6,3,15,5,7,:0,4,0,1,0,0,0,
demand: 703:13,6,2,:0,6,0,
demand: 243:6,15,14,8,9,8,14,15,6,3,9,3,6,9,6,1,14,1,6,9,:0,0,0,0,1,0,0,0,6,3,2,5,0,7,0,0,4,0,0,0,
demand: 121:11,15,5,9,7,12,14,8,3,6,9,7,12,14,10,:0,2,0,1,0,0,7,0,5,0,3,0,4,0,0,
Average Delay: 8.4
Runtime (mS): 104Acceptation rate: 1.0