13, 14, 15, 2, 15, 9, 10, 4, 8, 13, 14, 4, 2, 15, 9, 10, 4, 14, 
13, 1, 4, 5, 10, 14, 1, 4, 5, 8, 
7, 3, 10, 8, 4, 1, 6, 
5, 10, 7, 4, 7, 5, 15, 
1, 6, 15, 11, 4, 1, 6, 15, 
15, 15, 15, 15, 14, 9, 
6, 15, 15, 15, 15, 7, 
15, 14, 9, 14, 15, 12, 3, 12, 15, 11, 15, 14, 9, 3, 11, 7, 12, 
8, 9, 3, 11, 
5, 9, 5, 10, 14, 
6, 3, 6, 9, 6, 3, 1, 13, 9, 12, 9, 13, 1, 3, 
8, 12, 1, 14, 10, 5, 13, 9, 
1, 14, 1, 12, 1, 14, 10, 7, 
15, 3, 2, 6, 9, 8, 12, 2, 14, 5, 8, 7, 
8, 5, 14, 2, 12, 8, 5, 14, 2, 8, 7, 15, 
1, 3, 8, 5, 8, 14, 
12, 8, 12, 14, 5, 15, 7, 15, 5, 10, 7, 
7, 15, 11, 5, 11, 15, 7, 11, 5, 12, 8, 7, 11, 5, 12, 
11, 5, 11, 7, 9, 
11, 5, 11, 7, 11, 5, 11, 7, 8, 12, 
5, 5, 12, 8, 7, 8, 12, 5, 6, 
12, 5, 12, 2, 7, 5, 5, 6, 
12, 5, 5, 12, 5, 1, 5, 5, 7, 12, 5, 1, 5, 6, 
2, 7, 2, 7, 2, 7, 7, 11, 7, 7, 11, 4, 
demand: 217:8,13,14,15,2,15,9,10,4,8,13,14,4,2,15,9,10,4,14,:0,7,0,0,3,0,0,4,0,0,6,0,2,5,0,0,1,0,0,
demand: 874:2,13,1,4,5,10,14,1,4,5,8,:0,5,0,7,0,6,0,1,4,0,0,
demand: 472:14,7,3,10,8,4,1,6,:0,0,0,4,0,3,7,0,
demand: 129:3,5,10,7,4,7,5,15,:0,0,2,0,4,0,0,0,
demand: 815:12,1,6,15,11,4,1,6,15,:0,2,7,0,3,0,5,4,1,
demand: 861:5,15,15,15,15,14,9,:0,1,6,4,5,0,0,
demand: 237:1,6,15,15,15,15,7,:0,0,7,6,4,3,0,
demand: 504:6,15,14,9,14,15,12,3,12,15,11,15,14,9,3,11,7,12,:0,0,0,4,0,1,0,7,0,0,6,0,0,3,5,2,0,0,
demand: 957:14,8,9,3,11,:0,0,4,0,0,
demand: 879:8,5,9,5,10,14,:0,0,1,0,0,0,
demand: 422:9,6,3,6,9,6,3,1,13,9,12,9,13,1,3,:0,6,2,0,3,0,7,0,0,4,5,1,0,0,0,
demand: 179:14,8,12,1,14,10,5,13,9,:0,1,4,0,5,0,0,0,0,
demand: 706:3,1,14,1,12,1,14,10,7,:0,0,5,0,1,0,0,0,0,
demand: 549:5,15,3,2,6,9,8,12,2,14,5,8,7,:0,0,2,0,6,0,3,7,0,1,0,5,0,
demand: 632:1,8,5,14,2,12,8,5,14,2,8,7,15,:0,3,0,6,0,1,2,0,4,0,5,7,0,
demand: 704:4,1,3,8,5,8,14,:0,0,0,5,6,0,0,
demand: 659:13,12,8,12,14,5,15,7,15,5,10,7,:0,3,4,0,1,5,0,7,0,2,0,6,
demand: 682:15,7,15,11,5,11,15,7,11,5,12,8,7,11,5,12,:0,7,0,0,4,0,0,1,0,5,3,0,6,0,2,0,
demand: 592:7,11,5,11,7,9,:0,0,1,0,4,0,
demand: 204:3,11,5,11,7,11,5,11,7,8,12,:0,0,5,0,6,0,3,0,7,0,0,
demand: 494:12,5,12,8,7,8,12,5,6,:0,6,0,0,2,0,0,7,0,
demand: 453:1,5,6,:0,4,0,
demand: 530:15,1,5,6,:0,0,2,0,
demand: 685:8,7,11,4,:0,6,0,0,
Average Delay: 8.80952380952381
Runtime (mS): 23Acceptation rate: 0.21