69, 61, 83, 95, 69, 61, 83, 39, 61, 13, 50, 3, 67, 36, 96, 
67, 10, 61, 39, 50, 3, 7, 96, 36, 27, 
3, 7, 96, 39, 50, 3, 96, 36, 73, 41, 
36, 67, 95, 68, 7, 93, 11, 36, 68, 7, 93, 3, 68, 17, 99, 51, 58, 17, 84, 
17, 58, 5, 88, 30, 99, 12, 68, 17, 74, 59, 
12, 47, 71, 45, 93, 12, 45, 71, 2, 12, 58, 64, 
12, 92, 88, 6, 91, 
67, 69, 12, 34, 16, 77, 71, 84, 17, 12, 93, 40, 30, 71, 45, 32, 69, 82, 12, 53, 71, 70, 60, 98, 
45, 71, 2, 69, 42, 45, 42, 3, 40, 
2, 11, 22, 11, 2, 98, 88, 30, 47, 
2, 69, 42, 69, 52, 45, 52, 69, 2, 98, 17, 42, 17, 2, 98, 15, 58, 42, 58, 42, 73, 
25, 41, 11, 22, 11, 41, 11, 22, 98, 8, 99, 87, 
48, 42, 21, 46, 42, 21, 46, 7, 93, 11, 94, 22, 21, 42, 15, 
94, 22, 7, 
17, 15, 42, 21, 46, 97, 16, 94, 16, 70, 16, 97, 16, 94, 30, 12, 53, 73, 14, 82, 1, 81, 
96, 70, 77, 53, 84, 60, 97, 65, 41, 47, 38, 41, 98, 97, 65, 67, 3, 
90, 2, 52, 
65, 41, 47, 38, 41, 47, 38, 14, 98, 97, 69, 34, 47, 41, 1, 
53, 73, 14, 73, 11, 73, 53, 64, 82, 14, 90, 47, 41, 65, 82, 
100, 100, 100, 13, 
90, 65, 41, 
98, 97, 60, 33, 53, 56, 14, 92, 56, 14, 38, 56, 82, 73, 
25, 70, 89, 
39, 97, 60, 33, 69, 83, 94, 32, 15, 56, 95, 42, 21, 63, 21, 42, 95, 56, 15, 32, 94, 83, 28, 2, 
4, 90, 47, 53, 70, 25, 4, 70, 25, 4, 28, 27, 
4, 25, 70, 4, 92, 46, 21, 66, 16, 20, 28, 79, 16, 20, 28, 
84, 90, 20, 98, 84, 44, 6, 47, 16, 79, 28, 20, 16, 28, 
92, 28, 79, 16, 62, 
38, 68, 
84, 44, 6, 16, 20, 28, 92, 56, 30, 
1, 9, 11, 63, 44, 6, 63, 44, 84, 44, 6, 63, 48, 96, 36, 73, 11, 22, 87, 18, 92, 73, 36, 96, 66, 100, 4, 
96, 18, 41, 96, 60, 97, 70, 65, 77, 
94, 87, 33, 18, 92, 87, 18, 96, 28, 79, 28, 83, 48, 5, 
42, 6, 87, 33, 69, 66, 67, 95, 23, 
59, 74, 81, 37, 81, 57, 81, 63, 37, 81, 57, 55, 60, 97, 20, 16, 81, 1, 57, 1, 34, 37, 6, 
77, 81, 79, 25, 54, 37, 34, 57, 77, 81, 40, 96, 86, 
40, 81, 77, 57, 40, 30, 6, 
37, 90, 54, 37, 33, 48, 40, 81, 77, 81, 25, 54, 37, 94, 87, 33, 55, 
20, 96, 40, 14, 56, 82, 
77, 57, 40, 81, 54, 
37, 54, 25, 81, 94, 87, 33, 48, 40, 81, 54, 37, 33, 84, 44, 6, 62, 
48, 33, 48, 40, 81, 54, 37, 33, 37, 54, 41, 77, 26, 
92, 77, 
16, 54, 81, 91, 77, 57, 40, 48, 37, 33, 54, 57, 77, 57, 40, 57, 54, 36, 67, 32, 
40, 48, 37, 4, 100, 100, 43, 
84, 33, 54, 57, 37, 48, 77, 76, 64, 57, 54, 36, 
54, 33, 37, 57, 64, 76, 46, 21, 77, 76, 63, 
77, 76, 64, 57, 64, 76, 32, 40, 37, 57, 32, 40, 92, 77, 76, 31, 
77, 89, 76, 82, 
48, 66, 100, 100, 66, 67, 36, 27, 
76, 23, 17, 
76, 32, 83, 52, 83, 48, 83, 32, 76, 89, 48, 83, 32, 76, 89, 8, 
76, 32, 26, 76, 32, 26, 28, 
35, 52, 67, 10, 26, 32, 35, 52, 66, 31, 76, 89, 48, 35, 52, 64, 95, 
26, 10, 64, 52, 35, 48, 89, 49, 
35, 48, 89, 26, 10, 64, 52, 26, 52, 
35, 32, 52, 26, 89, 35, 32, 52, 10, 64, 100, 100, 53, 
10, 52, 32, 35, 89, 26, 64, 100, 100, 42, 
35, 89, 100, 77, 
64, 74, 
64, 52, 35, 48, 35, 52, 87, 
10, 52, 89, 100, 100, 100, 64, 26, 35, 4, 10, 52, 89, 77, 48, 64, 26, 17, 
52, 89, 94, 
89, 52, 32, 48, 94, 89, 76, 63, 
48, 49, 10, 4, 35, 89, 26, 1, 10, 67, 35, 26, 1, 10, 67, 35, 8, 52, 10, 93, 26, 2, 
10, 8, 52, 60, 13, 50, 34, 
80, 1, 10, 13, 66, 8, 80, 74, 66, 8, 80, 64, 66, 8, 80, 100, 13, 66, 89, 
13, 66, 35, 8, 1, 80, 100, 13, 66, 35, 8, 10, 13, 50, 66, 89, 80, 56, 
71, 45, 83, 69, 66, 13, 66, 69, 8, 59, 74, 66, 89, 100, 13, 72, 74, 66, 75, 60, 55, 72, 44, 6, 
1, 8, 10, 13, 72, 55, 60, 75, 60, 55, 72, 15, 75, 60, 55, 3, 75, 70, 
10, 75, 3, 55, 3, 75, 60, 49, 17, 
9, 92, 75, 15, 83, 31, 49, 59, 
1, 2, 51, 27, 82, 31, 49, 19, 62, 24, 31, 49, 19, 62, 24, 48, 94, 
1, 49, 19, 62, 24, 71, 
1, 82, 73, 51, 73, 82, 36, 67, 95, 17, 3, 
64, 1, 9, 36, 82, 36, 1, 9, 36, 27, 36, 1, 2, 51, 53, 5, 53, 64, 1, 64, 82, 64, 53, 51, 53, 5, 74, 95, 11, 
2, 1, 8, 91, 
5, 74, 17, 2, 
5, 74, 95, 85, 56, 92, 73, 2, 51, 49, 19, 62, 74, 5, 6, 44, 
41, 47, 5, 74, 95, 91, 59, 29, 78, 27, 36, 54, 73, 
15, 59, 29, 78, 27, 59, 91, 9, 43, 91, 28, 
15, 59, 29, 78, 27, 59, 91, 73, 
23, 43, 86, 34, 51, 49, 31, 73, 19, 62, 24, 67, 
23, 74, 95, 91, 43, 86, 34, 78, 27, 19, 
5, 74, 95, 91, 43, 9, 86, 34, 78, 36, 27, 23, 78, 29, 59, 27, 82, 13, 
9, 43, 91, 95, 74, 23, 73, 62, 24, 31, 82, 
27, 78, 34, 5, 74, 95, 74, 5, 34, 86, 95, 91, 85, 73, 85, 31, 
57, 34, 78, 86, 85, 34, 85, 73, 85, 10, 61, 
76, 85, 85, 78, 27, 78, 85, 34, 85, 27, 10, 85, 85, 34, 85, 91, 95, 99, 8, 85, 27, 59, 91, 59, 10, 85, 34, 85, 27, 78, 85, 55, 57, 
85, 76, 85, 85, 34, 73, 
85, 85, 85, 95, 91, 38, 
82, 27, 82, 15, 
85, 85, 30, 85, 85, 5, 97, 
85, 8, 99, 95, 99, 8, 85, 34, 85, 85, 85, 85, demand: 910:97,69,61,83,95,69,61,83,39,61,13,50,3,67,36,96,:0,13,4,12,0,6,7,8,14,3,0,10,9,2,11,0,
demand: 530:95,67,10,61,39,50,3,7,96,36,27,:0,14,0,3,5,4,10,8,0,13,0,
demand: 489:59,3,7,96,39,50,3,96,36,73,41,:0,3,1,0,6,0,2,0,11,0,0,
demand: 815:48,36,67,95,68,7,93,11,36,68,7,93,3,68,17,99,51,58,17,84,:0,9,5,0,15,10,7,0,3,6,4,13,0,11,8,2,0,1,14,0,
demand: 259:74,17,58,5,88,30,99,12,68,17,74,59,:0,11,12,0,2,7,8,14,4,10,0,0,
demand: 718:92,12,47,71,45,93,12,45,71,2,12,58,64,:0,7,0,14,15,4,13,11,12,2,1,8,0,
demand: 247:81,12,92,88,6,91,:0,2,0,10,0,0,
demand: 96:95,67,69,12,34,16,77,71,84,17,12,93,40,30,71,45,32,69,82,12,53,71,70,60,98,:0,0,0,7,0,0,0,11,0,4,12,5,0,9,1,15,0,0,0,13,0,14,0,0,0,
demand: 145:12,45,71,2,69,42,45,42,3,40,:0,7,10,6,0,0,11,5,0,0,
demand: 406:14,2,11,22,11,2,98,88,30,47,:0,11,8,1,0,14,15,4,9,0,
demand: 402:5,2,69,42,69,52,45,52,69,2,98,17,42,17,2,98,15,58,42,58,42,73,:0,11,0,1,0,0,9,0,0,5,13,0,15,0,7,6,0,0,12,3,0,0,
demand: 732:78,25,41,11,22,11,41,11,22,98,8,99,87,:0,0,12,6,1,0,2,11,10,8,0,3,0,
demand: 640:66,48,42,21,46,42,21,46,7,93,11,94,22,21,42,15,:0,0,9,14,12,10,7,2,0,3,1,6,8,13,15,0,
demand: 458:87,94,22,7,:0,6,1,0,
demand: 735:68,17,15,42,21,46,97,16,94,16,70,16,97,16,94,30,12,53,73,14,82,1,81,:0,0,0,2,9,13,12,0,11,0,8,0,7,0,6,3,4,14,0,1,0,0,0,
demand: 852:49,96,70,77,53,84,60,97,65,41,47,38,41,98,97,65,67,3,:0,0,5,0,4,13,2,14,10,8,6,12,9,3,11,1,0,0,
demand: 520:51,90,2,52,:0,2,0,0,
demand: 978:70,65,41,47,38,41,47,38,14,98,97,69,34,47,41,1,:0,12,10,6,7,4,11,1,8,3,9,0,0,2,5,0,
demand: 497:33,53,73,14,73,11,73,53,64,82,14,90,47,41,65,82,:0,9,0,10,0,15,0,8,0,0,3,2,14,0,6,0,
demand: 241:100,100,100,100,13,:0,11,6,12,0,
demand: 611:72,90,65,41,:0,6,0,0,
demand: 725:9,98,97,60,33,53,56,14,92,56,14,38,56,82,73,:0,10,3,13,0,2,12,7,6,5,1,4,11,0,0,
demand: 857:59,25,70,89,:0,12,6,0,
demand: 657:61,39,97,60,33,69,83,94,32,15,56,95,42,21,63,21,42,95,56,15,32,94,83,28,2,:0,0,3,15,0,0,0,9,0,0,2,0,0,4,13,0,0,0,12,0,0,5,0,11,0,
demand: 311:10,4,90,47,53,70,25,4,70,25,4,28,27,:0,12,9,4,6,7,13,2,14,15,8,0,0,
demand: 462:93,4,25,70,4,92,46,21,66,16,20,28,79,16,20,28,:0,1,14,4,12,11,5,0,0,13,6,2,15,10,7,0,
demand: 606:45,84,90,20,98,84,44,6,47,16,79,28,20,16,28,:0,12,9,8,3,1,14,6,4,10,7,13,5,15,0,
demand: 755:77,92,28,79,16,62,:0,7,11,6,14,0,
demand: 269:39,38,68,:0,9,0,
demand: 404:61,84,44,6,16,20,28,92,56,30,:0,15,6,3,11,0,1,2,4,0,
demand: 512:34,1,9,11,63,44,6,63,44,84,44,6,63,48,96,36,73,11,22,87,18,92,73,36,96,66,100,4,:0,0,0,4,8,10,11,12,1,5,0,2,6,0,13,0,0,0,3,15,7,9,0,0,14,0,0,0,
demand: 891:86,96,18,41,96,60,97,70,65,77,:0,7,12,3,2,5,0,4,0,0,
demand: 938:52,94,87,33,18,92,87,18,96,28,79,28,83,48,5,:0,0,13,11,8,9,2,0,1,0,5,0,0,0,0,
demand: 534:26,42,6,87,33,69,66,67,95,23,:0,0,5,11,10,0,0,0,0,0,
demand: 744:78,59,74,81,37,81,57,81,63,37,81,57,55,60,97,20,16,81,1,57,1,34,37,6,:0,0,0,8,1,0,12,11,5,6,15,14,0,9,0,4,3,10,0,13,0,0,7,0,
demand: 397:43,77,81,79,25,54,37,34,57,77,81,40,96,86,:0,14,12,4,9,5,2,0,10,13,11,15,0,0,
demand: 549:31,40,81,77,57,40,30,6,:0,5,1,8,14,11,0,0,
demand: 719:26,37,90,54,37,33,48,40,81,77,81,25,54,37,94,87,33,55,:0,5,3,10,8,7,2,1,11,13,0,4,14,6,0,9,12,0,
demand: 294:51,20,96,40,14,56,82,:0,4,9,10,3,0,0,
demand: 929:72,77,57,40,81,54,:0,5,13,1,0,0,
demand: 920:29,37,54,25,81,94,87,33,48,40,81,54,37,33,84,44,6,62,:0,6,11,3,10,0,9,8,2,1,7,13,14,5,0,0,4,0,
demand: 182:66,48,33,48,40,81,54,37,33,37,54,41,77,26,:0,0,10,8,9,15,6,11,14,0,12,3,2,0,
demand: 738:30,92,77,:0,3,9,
demand: 637:43,16,54,81,91,77,57,40,48,37,33,54,57,77,57,40,57,54,36,67,32,:0,3,7,1,0,14,2,9,8,10,13,4,15,11,0,5,6,12,0,0,0,
demand: 156:38,40,48,37,4,100,100,43,:0,7,15,4,3,9,6,0,
demand: 296:79,84,33,54,57,37,48,77,76,64,57,54,36,:0,3,10,8,7,4,14,12,11,5,1,9,0,
demand: 403:24,54,33,37,57,64,76,46,21,77,76,63,:0,4,2,0,10,7,8,3,0,5,13,0,
demand: 517:89,77,76,64,57,64,76,32,40,37,57,32,40,92,77,76,31,:0,6,8,7,2,0,3,10,14,13,1,12,4,0,9,5,0,
demand: 292:91,77,89,76,82,:0,11,14,6,0,
demand: 143:96,48,66,100,100,66,67,36,27,:0,12,0,10,2,0,0,0,0,
demand: 178:16,76,23,17,:0,6,0,0,
demand: 59:7,76,32,83,52,83,48,83,32,76,89,48,83,32,76,89,8,:0,6,5,0,10,0,3,0,12,1,2,7,0,8,15,4,0,
demand: 636:93,76,32,26,76,32,26,28,:0,5,3,6,4,15,13,0,
demand: 950:17,35,52,67,10,26,32,35,52,66,31,76,89,48,35,52,64,95,:0,15,14,0,11,10,5,12,7,0,0,9,2,1,3,6,4,0,
demand: 355:32,26,10,64,52,35,48,89,49,:0,12,9,1,2,6,3,11,0,
demand: 947:8,35,48,89,26,10,64,52,26,52,:0,7,1,2,11,9,5,12,14,0,
demand: 360:30,35,32,52,26,89,35,32,52,10,64,100,100,53,:0,3,12,9,7,8,10,5,13,11,14,4,2,0,
demand: 92:4,10,52,32,35,89,26,64,100,100,42,:0,4,1,3,8,7,6,14,5,12,0,
demand: 691:79,35,89,100,77,:0,9,11,14,0,
demand: 679:80,64,74,:0,11,0,
demand: 325:80,64,52,35,48,35,52,87,:0,9,13,14,8,0,11,0,
demand: 46:93,10,52,89,100,100,100,64,26,35,4,10,52,89,77,48,64,26,17,:0,14,10,13,11,2,3,8,12,9,0,5,6,15,0,1,4,7,0,
demand: 160:72,52,89,94,:0,4,8,0,
demand: 437:100,89,52,32,48,94,89,76,63,:0,11,14,9,15,0,3,0,0,
demand: 414:24,48,49,10,4,35,89,26,1,10,67,35,26,1,10,67,35,8,52,10,93,26,2,:0,11,0,12,0,13,0,14,0,3,0,4,7,0,5,0,8,10,0,6,0,1,0,
demand: 977:94,10,8,52,60,13,50,34,:0,9,13,2,0,5,0,0,
demand: 466:37,80,1,10,13,66,8,80,74,66,8,80,64,66,8,80,100,13,66,89,:0,7,0,4,2,14,10,13,0,1,15,5,0,8,6,11,0,12,9,0,
demand: 869:41,13,66,35,8,1,80,100,13,66,35,8,10,13,50,66,89,80,56,:0,11,8,0,4,0,6,0,15,13,0,2,0,3,0,5,0,9,0,
demand: 654:48,71,45,83,69,66,13,66,69,8,59,74,66,89,100,13,72,74,66,75,60,55,72,44,6,:0,0,0,0,0,8,15,0,0,2,0,0,6,0,0,9,5,0,12,3,0,7,10,0,0,
demand: 485:80,1,8,10,13,72,55,60,75,60,55,72,15,75,60,55,3,75,70,:0,0,12,0,6,5,7,0,15,0,10,2,0,8,0,1,0,13,0,
demand: 87:67,10,75,3,55,3,75,60,49,17,:0,0,11,0,3,0,6,0,13,0,
demand: 673:82,9,92,75,15,83,31,49,59,:0,0,0,10,8,0,7,15,0,
demand: 129:33,1,2,51,27,82,31,49,19,62,24,31,49,19,62,24,48,94,:0,1,0,2,15,8,7,14,4,11,10,9,3,13,6,12,0,0,
demand: 767:4,1,49,19,62,24,71,:0,6,5,4,9,8,0,
demand: 303:8,1,82,73,51,73,82,36,67,95,17,3,:0,3,5,15,7,0,6,0,0,0,0,0,
demand: 593:26,64,1,9,36,82,36,1,9,36,27,36,1,2,51,53,5,53,64,1,64,82,64,53,51,53,5,74,95,11,:0,0,9,4,0,15,0,10,13,0,8,0,12,0,7,0,6,0,0,11,0,1,0,0,3,0,14,5,2,0,
demand: 30:43,2,1,8,91,:0,0,15,0,0,
demand: 583:35,5,74,17,2,:0,14,12,0,0,
demand: 642:7,5,74,95,85,56,92,73,2,51,49,19,62,74,5,6,44,:0,4,3,2,0,0,0,8,0,14,13,15,12,7,6,0,0,
demand: 479:65,41,47,5,74,95,91,59,29,78,27,36,54,73,:0,0,0,15,6,8,7,11,13,14,1,0,0,0,
demand: 205:6,15,59,29,78,27,59,91,9,43,91,28,:0,7,9,11,5,1,12,10,8,13,15,0,
demand: 858:90,15,59,29,78,27,59,91,73,:0,5,4,8,14,15,3,6,0,
demand: 334:74,23,43,86,34,51,49,31,73,19,62,24,67,:0,10,5,2,4,14,3,6,7,8,0,9,0,
demand: 257:97,23,74,95,91,43,86,34,78,27,19,:0,4,3,8,15,2,10,9,13,0,0,
demand: 118:44,5,74,95,91,43,9,86,34,78,36,27,23,78,29,59,27,82,13,:0,3,14,8,0,4,1,11,12,5,0,7,13,2,10,9,6,15,0,
demand: 411:5,9,43,91,95,74,23,73,62,24,31,82,:0,3,0,1,11,0,5,4,14,10,0,0,
demand: 50:18,27,78,34,5,74,95,74,5,34,86,95,91,85,73,85,31,:0,9,0,8,0,0,7,0,0,12,3,6,0,5,15,4,0,
demand: 774:83,57,34,78,86,85,34,85,73,85,10,61,:0,0,8,1,3,6,9,11,14,10,0,0,
demand: 63:54,27,78,85,55,57,:0,3,0,4,0,0,
demand: 60:70,85,34,73,:0,10,0,0,
demand: 314:63,95,91,38,:0,0,9,0,
demand: 401:100,82,27,82,15,:0,0,14,3,0,
demand: 351:76,5,97,:0,1,0,
Average Delay: 12.037974683544304
Runtime (mS): 14491Acceptation rate: 0.79