194, 229, 39, 49, 187, 189, 49, 187, 49, 241, 
177, 47, 249, 39, 187, 189, 243, 39, 49, 177, 47, 249, 39, 187, 158, 32, 47, 156, 177, 161, 35, 170, 
243, 223, 154, 153, 113, 189, 243, 49, 177, 156, 21, 158, 154, 194, 
243, 169, 75, 129, 236, 92, 47, 156, 21, 218, 75, 177, 20, 21, 20, 92, 236, 92, 139, 
169, 75, 38, 31, 153, 113, 25, 244, 25, 224, 
242, 161, 21, 218, 69, 47, 185, 160, 69, 244, 48, 19, 174, 103, 160, 13, 
244, 70, 158, 3, 14, 70, 152, 176, 
14, 152, 176, 42, 14, 113, 228, 14, 3, 242, 
152, 185, 160, 103, 174, 187, 
19, 48, 229, 14, 220, 
42, 228, 184, 227, 188, 184, 227, 21, 233, 
228, 42, 227, 205, 228, 60, 58, 218, 242, 39, 42, 164, 
228, 60, 188, 58, 60, 1, 
58, 60, 38, 205, 227, 57, 
166, 228, 205, 42, 160, 103, 166, 117, 32, 205, 50, 
202, 27, 188, 203, 58, 211, 190, 211, 209, 65, 13, 161, 20, 92, 
184, 174, 101, 227, 205, 32, 117, 188, 203, 202, 27, 246, 65, 113, 25, 244, 190, 211, 46, 164, 237, 58, 237, 209, 200, 223, 22, 154, 
190, 32, 117, 203, 205, 32, 117, 203, 202, 166, 117, 203, 10, 103, 122, 
86, 202, 27, 246, 65, 32, 190, 248, 79, 202, 27, 244, 
65, 246, 27, 202, 86, 202, 27, 246, 65, 32, 190, 32, 65, 200, 1, 
61, 65, 246, 65, 32, 190, 32, 65, 246, 86, 221, 202, 16, 
117, 79, 248, 221, 86, 202, 79, 248, 221, 86, 246, 79, 105, 221, 203, 55, 105, 221, 55, 234, 
55, 105, 212, 221, 55, 212, 246, 27, 55, 212, 194, 
212, 55, 127, 92, 72, 212, 195, 33, 92, 72, 212, 195, 33, 92, 72, 212, 195, 33, 92, 47, 44, 47, 157, 47, 92, 127, 59, 
92, 133, 74, 41, 92, 32, 134, 133, 190, 248, 242, 194, 155, 22, 30, 134, 133, 33, 
1, 168, 41, 74, 133, 134, 30, 195, 134, 133, 211, 
195, 158, 
1, 134, 30, 195, 134, 30, 195, 223, 242, 194, 108, 223, 195, 30, 41, 74, 133, 240, 
1, 134, 64, 195, 223, 242, 196, 
1, 134, 64, 2, 133, 74, 41, 74, 133, 2, 64, 222, 
2, 64, 134, 195, 223, 242, 194, 108, 223, 220, 
1, 134, 64, 2, 242, 186, 207, 242, 223, 242, 35, 39, 10, 39, 229, 155, 201, 74, 44, 201, 248, 221, 
41, 186, 223, 108, 194, 119, 
1, 233, 1, 134, 64, 134, 1, 141, 204, 56, 233, 64, 2, 186, 223, 108, 194, 108, 223, 229, 155, 229, 223, 108, 194, 108, 106, 
186, 80, 
155, 201, 74, 75, 
41, 19, 201, 155, 11, 
201, 155, 148, 10, 201, 44, 41, 19, 155, 148, 194, 77, 8, 177, 
41, 44, 201, 10, 148, 214, 142, 10, 201, 19, 155, 30, 108, 233, 64, 130, 233, 108, 30, 18, 65, 
41, 164, 77, 12, 19, 108, 12, 155, 26, 19, 201, 148, 
77, 164, 41, 44, 10, 148, 155, 19, 26, 233, 130, 116, 164, 77, 12, 155, 26, 233, 71, 
132, 12, 77, 164, 77, 12, 132, 142, 214, 148, 82, 164, 116, 130, 233, 26, 233, 64, 130, 116, 164, 41, 19, 201, 216, 
1, 214, 148, 82, 164, 116, 130, 233, 26, 116, 10, 142, 214, 82, 142, 132, 12, 19, 26, 245, 
82, 132, 40, 
12, 3, 
82, 132, 157, 222, 10, 142, 132, 82, 157, 132, 40, 165, 
156, 157, 222, 29, 22, 91, 
222, 10, 116, 164, 222, 29, 242, 134, 133, 
222, 29, 22, 63, 207, 241, 194, 241, 
116, 241, 207, 205, 228, 
77, 63, 22, 84, 63, 22, 29, 12, 77, 63, 157, 132, 40, 172, 241, 30, 108, 198, 
84, 22, 238, 96, 127, 66, 44, 84, 241, 148, 84, 166, 
226, 29, 16, 127, 96, 238, 16, 127, 96, 238, 16, 134, 226, 16, 127, 172, 40, 6, 
186, 96, 2, 172, 40, 168, 16, 238, 172, 40, 168, 16, 226, 151, 
207, 40, 168, 16, 226, 40, 168, 26, 73, 172, 127, 193, 77, 200, 73, 172, 226, 84, 200, 8, 165, 
193, 214, 238, 96, 127, 193, 73, 172, 127, 193, 241, 207, 8, 
200, 73, 193, 136, 73, 133, 
1, 200, 168, 241, 207, 110, 73, 172, 127, 193, 58, 
110, 207, 73, 200, 1, 136, 82, 207, 110, 73, 136, 183, 8, 110, 233, 136, 73, 110, 132, 142, 136, 84, 168, 110, 184, 
216, 183, 107, 207, 82, 124, 159, 223, 207, 241, 200, 77, 159, 201, 82, 
124, 216, 77, 
214, 142, 51, 141, 154, 249, 238, 216, 47, 157, 47, 122, 137, 154, 249, 122, 137, 168, 16, 159, 201, 89, 
51, 137, 154, 249, 8, 183, 107, 147, 124, 107, 236, 
31, 71, 154, 71, 56, 51, 9, 96, 53, 161, 18, 43, 21, 161, 18, 84, 53, 33, 37, 137, 37, 66, 163, 118, 182, 
14, 3, 67, 18, 84, 53, 161, 18, 145, 161, 156, 18, 145, 63, 9, 161, 127, 18, 28, 
67, 18, 20, 161, 22, 9, 161, 53, 67, 18, 43, 145, 161, 136, 67, 18, 216, 43, 145, 170, 186, 161, 53, 110, 142, 214, 
3, 67, 53, 18, 127, 29, 67, 53, 2, 181, 
14, 3, 67, 18, 67, 53, 161, 9, 161, 53, 161, 9, 161, 217, 
3, 67, 53, 18, 127, 161, 9, 161, 83, 
3, 50, 
3, 163, 118, 67, 128, 163, 118, 67, 128, 162, 
3, 163, 118, 9, 25, 18, 53, 147, 161, 163, 118, 67, 128, 163, 3, 53, 147, 3, 53, 147, 75, 
3, 147, 114, 163, 128, 211, 25, 9, 118, 46, 18, 53, 147, 3, 118, 9, 1, 
147, 114, 163, 66, 118, 9, 25, 163, 167, 
53, 3, 67, 186, 
118, 66, 33, 47, 20, 
147, 114, 163, 128, 67, 118, 9, 118, 66, 163, 128, 153, 113, 25, 163, 114, 147, 161, 155, 
66, 163, 114, 66, 118, 67, 5, 
176, 56, 150, 114, 66, 56, 
66, 114, 150, 56, 176, 8, 114, 66, 163, 66, 114, 150, 161, 
9, 232, 66, 114, 150, 56, 176, 8, 114, 150, 56, 176, 8, 114, 150, 56, 176, 8, 77, 244, 
46, 128, 34, 14, 101, 
46, 128, 34, 46, 62, 
76, 145, 162, 43, 162, 170, 162, 145, 56, 150, 8, 176, 56, 114, 8, 176, 219, 34, 128, 118, 
150, 114, 8, 76, 145, 170, 145, 162, 216, 43, 216, 162, 145, 56, 114, 150, 8, 76, 145, 56, 76, 167, 
34, 128, 46, 34, 128, 46, 34, 46, 128, 
25, 46, 43, 34, 219, 176, 89, 34, 43, 46, 25, 170, 63, 9, 
58, 213, 145, 76, 8, 150, 232, 170, 25, 46, 34, 43, 46, 34, 43, 46, 54, 
34, 43, 46, 25, 170, 232, 89, 34, 43, 46, 25, 170, 232, 150, 170, 25, 213, 145, 76, 8, 86, 221, 
170, 232, 89, 225, 
232, 89, 176, 219, 232, 89, 176, 219, 232, 213, 145, 76, 8, 150, 232, 219, 25, 
34, 89, 46, 170, 213, 232, 150, 170, 213, 76, 182, 25, 213, 170, 182, 76, 219, 213, 145, 176, 43, 30, 208, 
25, 213, 232, 176, 89, 170, 182, 80, 
43, 47, 213, 143, 
213, 219, 76, 182, 219, 76, 30, 
89, 170, 182, 219, 89, 225, 76, 2, 182, 13, 162, 182, 13, 162, 182, 13, 162, 182, 233, 
182, 141, 13, 2, 182, 221, 
182, 2, 13, 31, 162, 17, 13, 186, 80, 
17, 162, 89, 13, 31, 162, 17, 141, 115, 162, 219, 85, 141, 115, 85, 233, 182, 57, 162, 17, 20, 187, 
52, 57, 81, 13, 31, 57, 81, 226, 151, 
17, 141, 115, 85, 141, 
demand: 949:243,194,229,39,49,187,189,49,187,49,241,:0,0,0,0,6,19,17,10,20,0,0,
demand: 938:161,177,47,249,39,187,189,243,39,49,177,47,249,39,187,158,32,47,156,177,161,35,170,:0,13,3,0,0,2,19,16,0,1,17,20,0,0,10,9,0,5,0,18,0,0,0,
demand: 727:240,243,223,154,153,113,189,243,49,177,156,21,158,154,194,:0,14,0,0,0,16,15,11,20,9,0,2,7,0,0,
demand: 370:12,243,169,75,129,236,92,47,156,21,218,75,177,20,21,20,92,236,92,139,:0,15,6,20,5,12,0,14,0,9,16,18,4,0,8,0,0,13,0,0,
demand: 982:165,169,75,38,31,153,113,25,244,25,224,:0,20,11,6,0,0,12,0,19,0,0,
demand: 947:194,242,161,21,218,69,47,185,160,69,244,48,19,174,103,160,13,:0,0,0,14,11,6,10,3,17,20,18,5,0,19,16,8,0,
demand: 547:42,244,70,158,3,14,70,152,176,:0,8,7,10,0,19,6,12,0,
demand: 769:161,14,152,176,42,14,113,228,14,3,242,:0,2,12,0,16,9,15,19,6,0,0,
demand: 664:120,152,185,160,103,174,187,:0,9,17,4,13,14,0,
demand: 556:226,19,48,229,14,220,:0,0,18,0,4,0,
demand: 162:56,42,228,184,227,188,184,227,21,233,:0,17,1,9,8,19,6,18,15,0,
demand: 804:237,228,42,227,205,228,60,58,218,242,39,42,164,:0,11,4,12,7,9,18,19,10,0,0,13,0,
demand: 629:168,228,60,188,58,60,1,:0,9,16,11,5,0,0,
demand: 382:80,58,60,38,205,227,57,:0,18,0,10,2,0,0,
demand: 229:161,166,228,205,42,160,103,166,117,32,205,50,:0,12,10,17,1,20,0,3,8,9,4,0,
demand: 371:132,202,27,188,203,58,211,190,211,209,65,13,161,20,92,:0,3,18,1,6,15,0,5,0,0,9,0,0,0,0,
demand: 315:110,184,174,101,227,205,32,117,188,203,202,27,246,65,113,25,244,190,211,46,164,237,58,237,209,200,223,22,154,:0,11,20,0,0,14,18,12,10,13,2,1,4,6,0,0,0,7,0,0,0,0,15,0,0,0,0,0,0,
demand: 781:20,190,32,117,203,205,32,117,203,202,166,117,203,10,103,122,:0,5,7,16,2,10,19,14,17,1,15,12,8,0,20,0,
demand: 253:25,86,202,27,246,65,32,190,248,79,202,27,244,:0,3,7,15,2,10,6,14,13,1,18,16,0,
demand: 227:249,65,246,27,202,86,202,27,246,65,32,190,32,65,200,1,:0,6,1,20,16,7,0,5,3,13,11,4,0,18,0,0,
demand: 464:224,61,65,246,65,32,190,32,65,246,86,221,202,16,:0,0,19,11,0,0,15,0,18,17,3,12,20,0,
demand: 167:10,117,79,248,221,86,202,79,248,221,86,246,79,105,221,203,55,105,221,55,234,:0,10,12,5,17,2,0,7,3,6,16,11,8,13,18,4,9,19,14,20,0,
demand: 767:111,55,105,212,221,55,212,246,27,55,212,194,:0,1,5,7,15,19,14,2,0,11,20,0,
demand: 161:139,212,55,127,92,72,212,195,33,92,72,212,195,33,92,72,212,195,33,92,47,44,47,157,47,92,127,59,:0,8,4,0,18,0,11,10,0,14,0,9,5,0,15,0,20,12,0,1,0,19,0,13,0,7,6,0,
demand: 570:31,92,133,74,41,92,32,134,133,190,248,242,194,155,22,30,134,133,33,:0,14,18,12,13,9,16,4,10,0,2,3,5,8,7,17,1,6,0,
demand: 502:189,1,168,41,74,133,134,30,195,134,133,211,:0,18,3,20,4,9,6,13,10,8,11,0,
demand: 821:165,195,158,:0,15,0,
demand: 158:52,1,134,30,195,134,30,195,223,242,194,108,223,195,30,41,74,133,240,:0,9,6,12,8,1,7,17,5,2,20,10,16,13,3,18,15,14,0,
demand: 510:136,1,134,64,195,223,242,196,:0,3,10,4,20,11,9,0,
demand: 71:181,1,134,64,2,133,74,41,74,133,2,64,222,:0,3,11,8,1,13,17,20,0,18,19,10,0,
demand: 410:38,2,64,134,195,223,242,194,108,223,220,:0,6,12,20,0,7,17,9,3,14,0,
demand: 580:179,1,134,64,2,242,186,207,242,223,242,35,39,10,39,229,155,201,74,44,201,248,221,:0,19,14,1,2,8,17,0,0,11,10,0,0,16,0,0,13,12,6,4,18,0,0,
demand: 34:19,41,186,223,108,194,119,:0,17,19,13,10,9,0,
demand: 306:78,1,233,1,134,64,134,1,141,204,56,233,64,2,186,223,108,194,108,223,229,155,229,223,108,194,108,106,:0,2,16,0,0,9,0,12,0,0,0,6,17,1,7,14,4,19,0,0,0,5,0,8,20,11,0,0,
demand: 732:116,186,80,:0,16,0,
demand: 800:13,155,201,74,75,:0,7,10,16,0,
demand: 907:27,41,19,201,155,11,:0,5,18,17,1,0,
demand: 810:159,201,155,148,10,201,44,41,19,155,148,194,77,8,177,:0,7,4,5,18,11,19,13,14,9,3,15,6,0,0,
demand: 903:102,41,44,201,10,148,214,142,10,201,19,155,30,108,233,64,130,233,108,30,18,65,:0,18,8,4,19,9,16,17,2,14,11,12,10,7,1,20,5,3,6,13,0,0,
demand: 562:32,41,164,77,12,19,108,12,155,26,19,201,148,:0,14,13,11,6,16,17,18,12,19,4,20,0,
demand: 459:154,77,164,41,44,10,148,155,19,26,233,130,116,164,77,12,155,26,233,71,:0,16,8,0,3,14,18,0,2,10,13,19,6,9,7,4,20,1,11,0,
demand: 654:88,132,12,77,164,77,12,132,142,214,148,82,164,116,130,233,26,233,64,130,116,164,41,19,201,216,:0,9,12,1,3,0,18,19,17,5,10,11,13,8,7,0,2,0,4,14,16,6,0,20,15,0,
demand: 598:189,1,214,148,82,164,116,130,233,26,116,10,142,214,82,142,132,12,19,26,245,:0,20,19,15,5,13,14,18,0,6,2,11,3,4,17,7,9,1,0,16,0,
demand: 122:207,82,132,40,:0,9,5,0,
demand: 339:213,12,3,:0,8,0,
demand: 313:25,82,132,157,222,10,142,132,82,157,132,40,165,:0,7,11,16,9,0,12,13,15,19,14,0,0,
demand: 482:196,156,157,222,29,22,91,:0,0,7,16,6,9,0,
demand: 285:244,222,10,116,164,222,29,242,134,133,:0,8,11,14,15,4,19,10,0,0,
demand: 826:147,222,29,22,63,207,241,194,241,:0,6,19,7,18,17,16,15,0,
demand: 765:61,116,241,207,205,228,:0,13,16,2,0,0,
demand: 348:8,77,63,22,84,63,22,29,12,77,63,157,132,40,172,241,30,108,198,:0,15,8,18,7,2,12,14,0,11,16,1,0,13,17,5,20,0,0,
demand: 666:8,84,22,238,96,127,66,44,84,241,148,84,166,:0,5,18,8,2,11,0,10,13,6,20,19,0,
demand: 20:116,226,29,16,127,96,238,16,127,96,238,16,134,226,16,127,172,40,6,:0,2,11,4,5,18,12,14,1,9,16,6,15,8,19,17,13,7,0,
demand: 979:80,186,96,2,172,40,168,16,238,172,40,168,16,226,151,:0,20,19,10,12,15,5,6,1,16,9,13,18,7,0,
demand: 725:115,207,40,168,16,226,40,168,26,73,172,127,193,77,200,73,172,226,84,200,8,165,:0,6,9,11,0,7,16,5,10,14,17,18,12,15,13,3,1,2,4,19,0,0,
demand: 277:185,193,214,238,96,127,193,73,172,127,193,241,207,8,:0,11,15,12,0,1,6,5,20,0,2,14,13,0,
demand: 970:191,200,73,193,136,73,133,:0,5,6,18,19,4,0,
demand: 675:65,1,200,168,241,207,110,73,172,127,193,58,:0,10,3,8,0,6,2,11,1,0,13,0,
demand: 242:209,110,207,73,200,1,136,82,207,110,73,136,183,8,110,233,136,73,110,132,142,136,84,168,110,184,:0,19,1,14,9,0,16,0,17,11,0,3,5,0,2,20,8,0,18,15,0,7,4,13,6,0,
demand: 297:224,216,183,107,207,82,124,159,223,207,241,200,77,159,201,82,:0,18,17,2,1,10,3,9,15,14,0,4,20,19,0,0,
demand: 786:12,124,216,77,:0,17,19,0,
demand: 836:1,214,142,51,141,154,249,238,216,47,157,47,122,137,154,249,122,137,168,16,159,201,89,:0,0,20,19,0,18,13,4,14,0,10,0,11,2,3,17,5,7,15,0,9,0,0,
demand: 842:69,51,137,154,249,8,183,107,147,124,107,236,:0,9,18,3,8,0,16,14,13,1,19,0,
demand: 901:5,31,71,154,71,56,51,9,96,53,161,18,43,21,161,18,84,53,33,37,137,37,66,163,118,182,:0,0,0,1,0,7,9,19,10,17,5,4,8,0,12,3,20,11,0,0,16,0,6,13,18,0,
demand: 845:56,14,3,67,18,84,53,161,18,145,161,156,18,145,63,9,161,127,18,28,:0,0,13,9,5,20,6,17,16,7,4,0,3,12,10,14,11,15,18,0,
demand: 372:48,67,18,20,161,22,9,161,53,67,18,43,145,161,136,67,18,216,43,145,170,186,161,53,110,142,214,:0,17,6,0,8,20,9,1,2,16,13,18,0,11,10,5,12,0,4,3,19,0,7,14,15,0,0,
demand: 137:49,3,67,53,18,127,29,67,53,2,181,:0,9,1,8,2,0,20,5,10,0,0,
demand: 433:51,14,3,67,18,67,53,161,9,161,53,161,9,161,217,:0,0,11,4,9,0,18,10,1,0,6,2,14,0,0,
demand: 531:105,3,67,53,18,127,161,9,161,83,:0,20,18,9,6,0,12,16,0,0,
demand: 929:150,3,50,:0,20,0,
demand: 755:41,3,163,118,67,128,163,118,67,128,162,:0,6,15,8,17,13,11,19,12,20,0,
demand: 876:156,3,163,118,9,25,18,53,147,161,163,118,67,128,163,3,53,147,3,53,147,75,:0,16,20,6,7,12,2,10,11,19,8,14,18,4,15,17,9,5,13,1,3,0,
demand: 519:68,3,147,114,163,128,211,25,9,118,46,18,53,147,3,118,9,1,:0,16,5,7,14,4,0,12,3,18,1,8,10,20,19,13,6,0,
demand: 262:220,147,114,163,66,118,9,25,163,167,:0,4,12,19,5,1,15,8,11,0,
demand: 88:93,53,3,67,186,:0,0,20,0,0,
demand: 265:207,118,66,33,47,20,:0,7,12,0,0,0,
demand: 803:215,147,114,163,128,67,118,9,118,66,163,128,153,113,25,163,114,147,161,155,:0,5,0,12,6,0,0,20,0,3,0,7,0,0,1,10,8,9,4,0,
demand: 888:239,66,163,114,66,118,67,5,:0,15,0,1,0,16,0,0,
demand: 816:119,176,56,150,114,66,56,:0,12,15,19,9,17,0,
demand: 416:112,66,114,150,56,176,8,114,66,163,66,114,150,161,:0,3,5,19,12,14,7,9,0,2,11,4,16,0,
demand: 131:34,9,232,66,114,150,56,176,8,114,150,56,176,8,114,150,56,176,8,77,244,:0,20,12,13,8,11,17,2,3,1,10,19,5,7,15,14,9,4,16,0,0,
demand: 79:234,46,128,34,14,101,:0,9,3,5,0,0,
demand: 197:90,46,128,34,46,62,:0,12,7,14,19,0,
demand: 221:99,76,145,162,43,162,170,162,145,56,150,8,176,56,114,8,176,219,34,128,118,:0,4,20,0,6,0,2,0,3,13,10,15,19,12,8,1,14,18,11,7,0,
demand: 224:130,150,114,8,76,145,170,145,162,216,43,216,162,145,56,114,150,8,76,145,56,76,167,:0,15,0,16,9,3,18,0,0,0,14,0,0,4,8,0,12,7,2,19,5,13,0,
demand: 63:46,34,128,46,34,128,46,34,46,128,:0,6,4,7,20,16,14,17,0,0,
demand: 362:78,25,46,43,34,219,176,89,34,43,46,25,170,63,9,:0,2,17,16,10,8,14,4,1,6,19,13,15,0,0,
demand: 626:173,58,213,145,76,8,150,232,170,25,46,34,43,46,34,43,46,54,:0,0,1,20,19,17,12,6,10,15,7,2,5,18,11,16,9,0,
demand: 891:223,34,43,46,25,170,232,89,34,43,46,25,170,232,150,170,25,213,145,76,8,86,221,:0,17,18,0,13,19,15,7,5,20,0,6,3,12,9,1,16,4,14,10,11,0,0,
demand: 121:55,170,232,89,225,:0,14,5,6,0,
demand: 652:156,232,89,176,219,232,89,176,219,232,213,145,76,8,150,232,219,25,:0,2,7,8,6,10,18,15,3,11,17,1,5,0,20,4,19,0,
demand: 753:113,34,89,46,170,213,232,150,170,213,76,182,25,213,170,182,76,219,213,145,176,43,30,208,:0,2,9,4,14,15,1,0,11,3,12,10,20,19,17,18,6,8,13,16,7,5,0,0,
demand: 6:197,25,213,232,176,89,170,182,80,:0,9,18,8,19,5,6,17,0,
demand: 312:64,43,47,213,143,:0,15,0,17,0,
demand: 391:210,213,219,76,182,219,76,30,:0,19,3,20,12,6,2,0,
demand: 883:201,89,170,182,219,89,225,76,2,182,13,162,182,13,162,182,13,162,182,233,:0,12,8,9,7,3,0,2,0,17,19,5,11,14,13,18,4,1,6,0,
demand: 86:247,182,141,13,2,182,221,:0,4,11,6,0,1,0,
demand: 356:192,182,2,13,31,162,17,13,186,80,:0,18,0,14,19,12,9,11,0,0,
demand: 526:101,17,162,89,13,31,162,17,141,115,162,219,85,141,115,85,233,182,57,162,17,20,187,:0,18,9,2,15,6,11,4,7,13,14,20,3,12,1,19,0,16,5,8,10,0,0,
demand: 768:1,52,57,81,13,31,57,81,226,151,:0,3,13,11,20,2,9,16,0,0,
demand: 471:88,17,141,115,85,141,:0,17,16,18,13,11,
Average Delay: 13.875
Runtime (mS): 358538Acceptation rate: 1.0