demand: 972:67,67,67,2,11,:3,5,10,8,0,
demand: 778:2,2,2,2,2,2,2,87,87,87,:7,2,6,1,8,9,5,3,10,4,
demand: 367:89,89,89,89,16,:1,10,3,8,0,
demand: 319:73,32,:7,0,
demand: 664:46,46,46,7,:3,9,10,0,
demand: 621:76,76,14,:1,7,0,
demand: 362:11,11,11,2,2,70,70,70,70,90,:1,6,7,4,3,10,8,2,5,0,
demand: 971:99,99,99,18,18,64,64,64,:8,6,4,3,7,9,10,1,
demand: 666:92,92,7,7,7,19,19,:5,7,3,8,2,1,10,
demand: 936:11,31,31,31,31,31,20,20,20,20,:0,2,3,9,8,10,6,7,1,5,
demand: 634:43,43,97,:6,5,0,
demand: 188:25,25,25,25,52,:6,9,3,10,2,
demand: 572:78,78,78,78,25,25,12,12,12,:4,10,3,2,9,7,6,8,1,
demand: 609:49,49,43,97,:9,2,0,0,
demand: 514:36,36,36,16,:1,7,4,0,
demand: 30:49,49,49,81,81,:10,9,5,1,8,
demand: 557:86,86,26,73,73,:6,5,4,1,10,
demand: 577:13,13,13,14,76,:9,7,5,0,0,
demand: 483:50,50,80,80,:7,6,2,4,
demand: 816:20,18,18,18,64,:0,8,3,1,5,
demand: 429:89,89,89,2,2,19,19,19,7,:7,8,3,5,1,6,2,9,0,
demand: 904:56,56,56,56,56,56,44,44,:7,4,10,2,3,1,8,6,
demand: 604:28,28,17,17,17,17,59,59,59,:3,5,7,9,6,8,2,1,4,
demand: 147:79,79,12,12,12,:2,10,5,9,8,
demand: 738:37,66,:8,0,
demand: 446:61,61,61,61,76,:3,8,4,10,0,
demand: 672:35,35,94,:3,9,0,
demand: 870:13,13,14,14,93,:1,4,5,3,0,
demand: 929:59,59,59,1,:1,3,9,0,
demand: 774:24,24,24,24,52,52,52,52,:10,5,3,1,2,9,4,8,
demand: 960:11,11,17,:10,9,4,
demand: 121:26,14,14,14,76,79,:0,8,9,7,5,0,
demand: 86:89,16,16,16,16,5,5,67,67,:0,5,9,1,6,4,10,2,7,
demand: 631:59,17,17,17,17,32,32,32,32,3,3,:0,7,8,2,5,9,10,4,6,3,1,
demand: 507:12,12,12,12,9,:6,2,9,7,0,
demand: 740:41,41,69,:5,6,0,
demand: 788:22,22,64,:10,4,0,
demand: 654:45,48,:7,0,
demand: 963:73,97,97,97,97,:9,7,10,5,1,
demand: 460:24,24,24,38,:8,9,3,2,
demand: 77:52,12,2,:0,4,0,
demand: 208:29,29,29,29,29,1,1,1,1,1,90,:2,7,5,8,3,1,6,9,4,10,0,
demand: 439:85,35,35,35,35,35,10,10,10,10,:4,10,9,7,8,1,6,5,3,2,
demand: 257:51,42,:1,0,
demand: 38:33,33,33,33,33,22,22,22,22,5,:6,2,9,8,4,3,5,7,10,0,
demand: 764:63,63,63,3,34,:1,9,6,0,0,
demand: 301:68,68,68,68,68,9,9,9,9,9,75,:1,6,2,3,10,8,5,7,4,9,0,
demand: 305:34,34,34,34,40,:10,3,1,4,0,
demand: 825:16,17,:3,0,
Average Delay: 2.5510204081632653
Runtime (mS): 3065Acceptation rate: 0.98