demand: 309:27,66,:2,0,
demand: 749:43,43,28,28,1,1,1,42,:7,4,2,9,5,3,10,0,
demand: 196:90,41,41,41,41,:0,8,7,3,1,
demand: 559:78,78,78,78,5,5,5,65,:8,5,6,4,10,3,7,0,
demand: 928:67,67,96,:2,8,0,
demand: 347:81,81,81,81,35,35,35,72,:4,7,3,1,6,9,5,0,
demand: 50:67,72,:3,0,
demand: 763:33,33,33,33,33,33,17,17,17,:7,5,9,2,8,6,4,3,10,
demand: 340:3,3,20,20,20,20,:7,2,8,3,1,6,
demand: 620:55,55,55,55,55,15,15,18,18,18,:7,3,2,10,6,8,1,9,5,4,
demand: 575:91,91,91,13,13,46,:4,3,7,9,8,0,
demand: 141:23,23,23,26,:8,9,5,0,
demand: 169:50,50,50,24,24,95,95,:1,2,6,9,3,4,8,
demand: 520:52,52,52,52,52,52,38,38,38,:3,4,1,2,8,5,6,7,10,
demand: 375:55,8,8,8,8,10,10,10,:0,3,7,9,2,6,10,5,
demand: 334:66,66,61,:5,6,0,
demand: 188:30,30,30,19,19,15,:5,2,6,9,8,0,
demand: 913:89,89,89,4,90,:3,7,10,9,0,
demand: 597:35,35,35,35,64,64,59,:2,6,8,5,10,9,0,
demand: 107:8,8,1,1,1,1,79,79,79,:6,1,4,9,10,8,7,3,5,
demand: 366:39,21,21,21,21,21,65,65,65,65,:9,6,7,10,4,2,5,3,1,8,
demand: 112:55,37,37,:0,6,8,
demand: 658:42,42,1,1,1,100,100,:3,5,1,7,10,6,2,
demand: 277:11,11,11,4,4,43,:3,7,4,8,1,10,
demand: 328:25,25,25,25,6,6,88,88,:3,7,9,5,8,6,10,2,
demand: 52:20,16,16,16,16,17,17,:5,2,3,4,9,10,1,
demand: 973:85,85,22,22,22,51,51,:1,9,10,8,5,2,6,
demand: 723:4,4,4,4,4,4,68,68,68,:10,7,5,4,9,2,6,8,1,
demand: 730:69,69,57,57,:4,7,8,6,
demand: 644:29,29,29,29,1,1,1,27,:9,7,4,5,2,3,6,0,
Average Delay: 2.6333333333333333
Runtime (mS): 748Acceptation rate: 1.0