demand: 508:159,159,159,159,159,28,28,28,28,43,:8,7,5,6,1,9,10,2,3,0,
demand: 765:104,104,104,1,23,:4,7,1,8,3,
demand: 696:77,81,:9,8,
demand: 585:24,24,24,24,224,224,:8,4,1,9,6,3,
demand: 463:205,205,205,205,234,:4,3,7,2,0,
demand: 339:38,38,38,38,2,48,48,48,:6,8,7,1,2,3,9,4,
demand: 391:74,74,10,91,:1,10,4,0,
demand: 117:51,51,51,249,:6,4,5,7,
demand: 979:172,172,172,175,:10,1,7,0,
demand: 33:127,127,127,127,27,27,156,156,156,156,:6,2,5,1,3,8,9,10,4,7,
demand: 548:150,150,150,62,:1,8,10,0,
demand: 669:47,47,47,47,17,17,219,219,219,219,:10,5,8,9,3,6,4,2,1,7,
demand: 219:55,55,216,:5,2,0,
demand: 228:250,250,250,6,6,6,221,221,221,221,:8,6,4,3,2,10,5,1,9,7,
demand: 994:15,15,15,8,8,240,240,240,:9,8,10,4,7,6,3,1,
demand: 347:32,32,32,12,12,115,:7,4,1,3,9,0,
demand: 878:166,166,166,166,166,130,130,:3,1,2,4,6,5,10,
demand: 886:52,52,52,52,52,58,58,:10,3,4,2,8,1,7,
demand: 507:143,143,143,211,:6,4,9,0,
demand: 625:8,222,:5,0,
demand: 624:162,7,7,7,145,:0,8,3,9,10,
demand: 594:129,163,:1,0,
demand: 663:118,118,118,118,46,46,46,46,14,:4,1,10,5,8,7,3,6,0,
demand: 728:95,95,175,:3,6,0,
demand: 28:219,17,179,:6,0,0,
demand: 710:183,183,183,183,42,:6,1,9,4,0,
demand: 139:160,160,160,160,4,4,4,247,:2,6,10,7,8,4,9,0,
demand: 861:116,116,116,116,102,:6,5,10,1,9,
demand: 269:137,137,137,11,244,:4,6,3,0,0,
demand: 153:201,201,201,201,201,201,117,117,117,:9,7,4,1,8,10,6,3,5,
demand: 166:122,174,:3,0,
demand: 907:46,46,46,46,14,14,151,:1,5,7,10,8,2,6,
demand: 355:65,65,17,17,17,179,179,179,179,145,:10,5,4,6,8,2,3,1,7,0,
demand: 409:56,56,56,37,:9,8,5,7,
demand: 836:126,126,34,34,34,75,75,75,:1,2,5,4,6,9,7,8,
demand: 823:170,170,170,170,170,34,34,34,34,34,159,:10,1,4,2,7,5,8,3,6,9,0,
demand: 443:120,120,120,120,129,129,163,163,98,98,:9,3,2,6,8,5,4,1,10,7,
demand: 795:189,189,189,189,43,43,22,22,:6,9,3,2,8,1,10,4,
demand: 809:250,21,21,21,151,151,:0,3,8,6,10,5,
demand: 369:50,208,:9,0,
demand: 784:129,141,141,141,141,:0,8,6,1,7,
demand: 535:181,174,122,:6,0,0,
demand: 547:62,62,62,5,203,:3,1,4,7,0,
demand: 929:65,31,31,31,34,34,75,:0,7,5,1,3,2,9,
demand: 404:173,192,:7,0,
demand: 147:220,143,:1,0,
demand: 940:220,220,220,43,28,:10,1,5,0,0,
demand: 868:232,232,204,204,204,:4,2,6,7,10,
demand: 862:175,175,175,175,94,:4,3,1,8,0,
demand: 486:130,130,174,174,122,122,122,43,:2,4,5,6,7,10,8,0,
demand: 980:109,109,90,90,82,82,82,95,:3,6,8,5,1,10,4,0,
demand: 449:193,193,222,:9,5,0,
demand: 972:139,139,139,11,244,:6,8,7,0,0,
demand: 693:73,73,73,3,3,3,186,186,186,186,:1,6,7,2,4,8,3,9,10,5,
demand: 566:238,238,238,238,238,58,:6,1,4,7,2,10,
demand: 66:13,13,13,10,10,250,:3,1,6,9,8,0,
demand: 388:122,122,122,174,49,:2,7,3,6,0,
demand: 984:175,11,11,57,:1,6,9,0,
demand: 322:171,171,171,171,171,190,:6,4,10,7,2,9,
demand: 797:132,132,132,132,132,146,146,146,146,146,:2,4,1,7,9,10,3,6,5,8,
demand: 542:155,155,155,155,155,18,18,60,60,:4,6,10,8,3,9,1,7,2,
demand: 562:59,202,:9,5,
demand: 38:64,166,:1,0,
demand: 422:1,216,216,216,:0,9,6,8,
demand: 223:78,203,203,203,203,5,5,5,173,:0,9,8,6,3,2,4,1,5,
demand: 279:46,46,164,:9,5,3,
demand: 103:178,178,178,3,13,:10,8,6,9,7,
demand: 27:200,200,200,200,200,200,76,76,76,:10,7,8,5,3,6,9,2,4,
demand: 528:184,184,184,5,233,:4,5,3,0,0,
demand: 900:42,42,42,220,220,220,223,:6,8,10,3,2,7,4,
demand: 812:158,158,158,158,49,:1,6,10,3,0,
demand: 998:237,237,13,3,:9,1,0,0,
demand: 412:163,41,41,41,41,41,167,167,167,:3,5,6,1,10,9,7,8,2,
demand: 665:109,90,90,36,:0,10,1,0,
demand: 340:114,114,114,114,114,60,60,60,60,60,202,:10,8,7,1,6,5,3,2,9,4,0,
demand: 183:242,242,242,242,80,:6,10,9,8,3,
demand: 252:186,186,186,168,:2,5,10,0,
demand: 920:94,94,94,94,177,177,177,177,:6,5,8,9,7,4,2,3,
demand: 49:203,91,91,91,91,97,97,97,:0,2,8,9,7,5,6,10,
Average Delay: 2.607594936708861
Runtime (mS): 116664Acceptation rate: 0.9875