demand: 44:242,242,242,242,242,242,242,106,106,106,:2,10,5,6,7,4,3,9,8,1,
demand: 491:154,27,35,:3,0,0,
demand: 507:32,32,32,32,47,47,9,:4,9,10,2,5,8,0,
demand: 143:114,6,84,:9,0,0,
demand: 574:74,74,249,:5,4,0,
demand: 899:118,245,:4,0,
demand: 294:230,230,43,:4,6,0,
demand: 828:245,245,245,245,3,3,3,13,:6,4,7,9,10,2,3,1,
demand: 644:60,60,60,60,41,41,41,20,:7,8,5,1,9,10,3,0,
demand: 55:184,184,184,184,24,24,216,216,216,:3,1,4,2,7,6,9,8,5,
demand: 985:81,81,81,81,242,:9,6,5,1,0,
demand: 784:103,103,103,8,8,233,:8,2,6,4,3,0,
demand: 536:73,73,13,13,78,:8,4,5,9,10,
demand: 875:194,194,43,236,:2,10,5,0,
demand: 398:83,83,83,83,1,36,36,36,:3,10,5,8,7,9,2,1,
demand: 782:217,217,217,18,18,18,60,60,60,:7,8,3,1,5,2,4,9,6,
demand: 241:238,238,238,44,44,:1,6,9,8,2,
demand: 582:204,204,204,189,:1,8,3,0,
demand: 279:15,15,15,15,2,81,:2,4,6,1,3,8,
demand: 223:219,219,219,43,:1,6,8,4,
demand: 105:194,31,31,31,31,155,155,:0,7,8,2,10,5,4,
demand: 310:228,228,91,91,91,:2,9,10,1,6,
demand: 265:54,54,54,54,54,165,:6,1,8,4,5,7,
demand: 87:160,160,160,4,4,146,:6,3,9,10,2,0,
demand: 160:181,181,181,5,5,170,170,:7,5,6,10,1,3,9,
demand: 181:76,76,76,155,31,:2,9,8,10,0,
demand: 229:113,55,55,55,55,55,148,148,148,:3,8,2,9,1,5,10,7,6,
demand: 280:6,114,83,:1,0,0,
demand: 600:141,141,141,150,:2,7,6,0,
demand: 494:116,116,116,116,79,79,79,79,:1,9,6,2,10,5,8,3,
demand: 48:207,207,207,207,15,:8,1,7,5,0,
demand: 28:71,71,71,151,:9,7,5,0,
demand: 647:11,11,3,126,:10,6,2,8,
demand: 549:132,132,132,5,83,:10,7,3,4,0,
demand: 477:66,66,66,66,7,7,7,110,:4,1,6,7,3,9,10,0,
demand: 243:159,159,159,159,2,199,199,199,:1,8,2,3,5,7,9,10,
demand: 610:23,23,23,32,88,:5,1,10,2,0,
demand: 458:206,206,206,206,224,:5,2,1,8,0,
demand: 101:6,6,31,:8,3,0,
demand: 184:43,236,236,131,131,206,:0,4,6,3,7,0,
demand: 189:128,21,:3,0,
demand: 989:194,40,40,40,40,190,190,51,51,51,:0,6,5,1,8,2,10,4,9,7,
demand: 288:191,191,19,14,:10,3,0,0,
demand: 690:219,219,224,:7,4,2,
demand: 135:87,209,:9,0,
demand: 185:122,122,122,122,122,25,25,25,25,216,:7,5,8,3,6,4,10,1,9,0,
demand: 323:191,4,232,:6,0,0,
demand: 25:117,117,117,117,14,14,95,:4,2,9,7,8,3,0,
demand: 946:167,167,167,167,167,167,146,146,:7,4,1,2,5,6,8,3,
demand: 412:196,196,196,196,33,33,:8,5,10,7,3,4,
demand: 64:96,96,21,21,21,21,68,68,68,:10,8,4,7,1,2,3,5,9,
demand: 73:80,80,80,9,9,221,221,:9,10,3,5,7,8,4,
demand: 434:198,198,4,246,:9,10,0,0,
demand: 516:70,70,70,70,9,9,178,178,178,178,:10,4,5,6,8,3,9,7,2,1,
demand: 473:117,124,124,124,124,28,28,28,:1,3,8,10,2,7,4,6,
demand: 367:130,86,:6,0,
demand: 730:147,147,147,147,147,15,15,82,82,:2,6,8,1,9,7,5,3,4,
demand: 832:134,134,134,134,178,:7,10,3,9,0,
demand: 800:75,75,75,75,75,90,90,90,90,:1,3,9,2,5,7,6,4,10,
demand: 235:49,49,49,30,30,:3,2,1,10,6,
demand: 788:64,64,156,:10,7,0,
demand: 715:243,243,243,3,171,:4,3,7,9,2,
demand: 447:3,47,:0,7,
demand: 595:12,12,8,8,8,103,103,103,103,113,:10,3,5,7,6,4,8,9,2,0,
demand: 740:143,143,143,22,22,211,211,:5,8,3,9,7,10,2,
demand: 978:170,170,133,133,:5,8,10,4,
demand: 368:103,103,103,13,13,110,:7,6,2,8,1,4,
demand: 431:3,131,:0,8,
demand: 851:9,178,178,178,178,127,127,:0,7,5,10,9,3,8,
demand: 56:116,5,5,5,186,:8,1,3,5,0,
demand: 423:59,60,60,:8,5,4,
demand: 409:103,46,46,46,46,46,165,165,165,165,:5,3,2,7,8,9,6,10,1,4,
demand: 424:50,50,50,50,50,17,17,17,17,204,:8,5,10,6,1,3,9,7,4,0,
demand: 226:29,68,68,68,68,68,151,151,151,151,:6,9,7,1,10,8,5,4,2,3,
demand: 568:131,131,53,:3,9,0,
demand: 566:6,27,27,27,47,:9,8,7,3,6,
demand: 106:43,22,22,236,:0,1,8,0,
demand: 74:104,104,214,214,214,:5,10,4,1,3,
demand: 375:16,120,120,120,120,:8,7,5,6,10,
demand: 688:124,166,166,166,166,:0,2,6,7,8,
demand: 242:95,135,135,135,4,160,:9,4,5,1,10,0,
demand: 50:238,238,238,24,24,168,168,:5,1,6,3,7,8,9,
demand: 656:55,64,64,156,156,216,:0,8,2,9,5,1,
demand: 999:8,246,246,:0,10,5,
demand: 614:100,100,15,242,:7,8,0,0,
demand: 169:118,118,118,53,53,131,131,131,131,79,:5,7,3,2,10,9,1,8,4,0,
demand: 334:236,38,38,113,:0,10,2,0,
demand: 104:46,1,83,:6,0,0,
demand: 863:65,65,121,:8,2,3,
demand: 987:128,205,205,205,:4,9,2,1,
demand: 912:95,154,154,154,154,134,134,134,134,:0,10,6,7,1,4,3,5,8,
demand: 414:168,168,94,:1,5,0,
demand: 362:142,3,222,:6,0,0,
demand: 292:104,19,19,191,191,57,:0,5,3,10,2,0,
demand: 698:213,213,213,138,:2,1,7,0,
demand: 884:171,171,171,6,221,:1,8,5,0,0,
demand: 818:9,93,93,93,93,208,208,33,33,:0,5,3,4,10,2,8,9,7,
demand: 246:5,5,26,26,26,180,:1,5,6,4,7,9,
demand: 32:22,43,146,:9,0,0,
demand: 186:136,103,:4,0,
demand: 347:96,34,34,34,34,48,48,48,:0,8,5,9,6,3,1,10,
demand: 464:212,212,212,212,56,56,56,56,171,:8,4,7,2,3,6,10,5,0,
demand: 924:213,213,39,39,39,72,72,72,155,155,:2,1,3,9,6,7,8,5,4,10,
demand: 809:95,58,58,58,155,155,76,:0,3,1,9,6,5,10,
demand: 162:195,212,212,212,56,56,208,:7,3,4,8,9,6,0,
demand: 468:86,90,:8,0,
demand: 815:224,224,224,56,212,212,55,:2,10,3,1,8,7,0,
demand: 745:224,241,241,:0,4,8,
demand: 261:63,63,63,63,129,:4,5,1,8,7,
demand: 945:86,86,86,45,45,45,174,174,174,:1,8,7,10,4,5,3,6,2,
demand: 637:222,222,222,222,220,:4,8,1,2,0,
demand: 739:85,85,85,85,94,94,94,94,230,:3,10,7,9,2,5,1,4,0,
demand: 353:20,52,52,134,:5,3,1,0,
demand: 446:68,246,:2,0,
demand: 305:20,4,137,137,:0,2,3,9,
demand: 283:16,61,61,61,61,165,165,165,165,54,:0,8,5,1,10,9,3,2,7,6,
demand: 990:54,140,140,140,140,203,203,203,:0,9,5,10,1,4,2,3,
demand: 142:196,99,99,99,244,244,194,:7,3,10,4,9,6,0,
demand: 454:38,113,135,:8,0,0,
demand: 667:57,42,42,42,52,52,52,20,:0,8,5,9,6,2,4,0,
demand: 216:37,37,112,:5,1,0,
demand: 144:72,39,111,111,111,:0,4,8,1,6,
demand: 937:7,110,169,169,:9,1,4,10,
demand: 312:141,185,185,185,185,249,249,249,249,1,:8,6,1,10,2,7,9,4,5,0,
demand: 940:130,130,130,130,173,173,:9,6,10,2,5,1,
demand: 772:190,62,:0,4,
demand: 570:161,154,134,:3,10,0,
demand: 156:173,173,173,150,150,150,41,:4,6,3,7,10,2,9,
demand: 799:216,197,197,197,197,246,246,:1,2,4,3,5,7,6,
demand: 923:212,35,35,35,191,191,191,19,:3,2,8,9,6,5,4,0,
demand: 290:46,46,46,98,98,151,:4,2,10,8,9,0,
demand: 377:41,52,52,52,176,176,:0,3,1,7,5,10,
demand: 62:102,102,102,102,102,220,220,220,220,220,:5,4,1,8,2,10,7,6,3,9,
demand: 983:241,81,81,181,:0,3,4,0,
demand: 541:153,153,153,153,153,153,250,250,250,:5,9,3,8,1,2,7,10,4,
demand: 119:81,81,10,10,221,221,88,88,:9,8,10,3,4,1,5,6,
demand: 711:193,193,193,233,233,112,112,112,112,170,:4,10,2,7,3,1,6,8,5,0,
demand: 255:85,64,:1,0,
demand: 888:229,229,28,28,28,124,124,141,:8,4,3,7,1,10,6,2,
demand: 768:197,197,197,197,34,34,34,70,:9,5,3,1,4,10,6,0,
demand: 99:112,149,:10,0,
demand: 504:163,163,163,49,49,57,:6,8,5,7,9,0,
demand: 831:176,52,52,186,186,5,:0,4,10,3,5,0,
demand: 82:33,69,69,69,69,182,182,182,182,31,:0,5,2,1,9,3,4,8,7,0,
demand: 386:75,174,45,45,45,161,:0,3,10,6,8,0,
demand: 958:73,19,11,:0,5,0,
demand: 230:169,169,123,123,123,152,152,152,152,202,:10,6,2,5,9,4,7,1,8,0,
demand: 152:223,223,101,101,94,94,85,:2,1,4,7,10,3,0,
demand: 896:243,192,192,192,192,:0,1,2,9,5,
demand: 701:149,149,149,193,:5,1,8,0,
demand: 373:70,187,187,187,71,71,13,:0,10,4,8,9,3,0,
demand: 841:12,235,:6,7,
demand: 178:183,183,183,183,183,205,205,:4,2,10,9,5,7,8,
demand: 177:242,242,242,240,:10,4,5,0,
demand: 314:20,205,183,183,183,150,:0,2,5,6,10,7,
demand: 149:164,164,164,164,164,35,35,35,35,52,:8,10,2,1,7,4,3,6,5,0,
demand: 783:129,129,129,53,53,215,215,215,215,6,:10,9,6,7,2,5,8,3,1,0,
demand: 14:36,247,247,247,247,247,:8,9,10,1,3,2,
demand: 365:174,101,101,101,101,248,248,248,:0,10,4,5,7,6,8,9,
demand: 220:46,98,120,:0,8,3,
demand: 67:46,164,164,164,35,116,:2,8,1,9,5,0,
demand: 381:54,165,191,19,:0,3,9,0,
demand: 448:160,237,:8,3,
demand: 954:30,30,30,31,:9,7,2,0,
demand: 285:139,139,139,139,34,34,190,:9,6,7,8,2,1,0,
demand: 545:27,35,120,:0,8,0,
demand: 798:152,152,202,202,202,149,149,149,112,:1,10,6,4,3,9,7,5,0,
demand: 457:187,94,94,32,:9,8,7,0,
demand: 505:157,157,157,178,9,:1,5,3,8,0,
demand: 513:32,173,223,:0,5,0,
demand: 98:23,226,103,:0,9,0,
demand: 669:175,175,250,:2,6,0,
demand: 474:44,100,100,100,:10,8,1,7,
demand: 671:60,101,101,101,94,248,:4,3,9,10,2,0,
demand: 115:163,69,69,69,182,182,182,90,:0,7,4,3,6,2,5,8,
demand: 37:247,247,247,236,43,:1,8,4,6,0,
demand: 166:247,67,67,67,140,:3,7,5,8,9,
demand: 664:174,167,167,167,167,231,231,:0,3,4,1,2,9,6,
demand: 655:140,67,67,67,9,:0,5,6,3,0,
demand: 210:90,201,201,201,201,201,114,114,114,114,114,:0,4,5,1,3,8,7,6,2,9,10,
demand: 994:196,89,:7,2,
demand: 721:155,139,139,139,34,247,:0,5,9,10,2,0,
demand: 1:194,40,131,:0,10,0,
demand: 558:223,67,67,67,67,107,107,107,107,155,:6,8,2,5,4,10,7,3,1,0,
demand: 327:158,158,69,69,69,182,182,182,182,26,:4,5,2,10,3,1,7,6,8,0,
demand: 930:235,235,235,235,138,138,138,192,:8,5,1,9,3,4,10,0,
demand: 534:9,167,167,174,:0,1,7,0,
demand: 627:23,25,:0,9,
demand: 726:225,225,169,:9,6,0,
demand: 645:74,99,99,249,:0,8,3,0,
demand: 693:244,220,220,220,70,:0,7,6,8,2,
demand: 275:145,132,:6,0,
demand: 737:207,137,137,137,94,:0,5,8,9,7,
demand: 503:114,114,114,50,50,50,17,41,:4,1,8,5,6,10,2,0,
demand: 966:235,235,235,235,235,239,239,239,239,239,120,:5,9,10,7,6,8,3,2,1,4,0,
demand: 102:220,220,47,:1,2,0,
demand: 306:94,227,227,227,227,226,226,226,127,:5,1,4,8,9,10,2,7,6,
demand: 894:68,175,175,59,:0,4,5,0,
demand: 546:218,218,10,63,:6,1,0,0,
demand: 811:166,166,149,149,149,112,:3,7,1,6,8,4,
demand: 272:5,108,108,108,162,50,:0,2,10,5,4,0,
demand: 248:134,196,:6,0,
demand: 756:116,105,105,105,139,139,134,:0,4,9,6,10,2,0,
demand: 399:131,53,74,:0,0,7,
demand: 22:31,197,197,65,:0,2,5,0,
demand: 297:49,57,119,:0,3,0,
demand: 239:34,200,200,200,248,:0,1,10,9,7,
demand: 451:60,89,89,89,13,13,59,:0,5,6,3,10,1,0,
demand: 630:10,218,218,218,197,:0,4,2,5,0,
demand: 559:138,138,138,138,138,240,240,240,240,8,:10,5,7,8,2,1,9,3,6,0,
demand: 919:117,124,239,239,239,7,:0,10,7,2,6,0,
demand: 232:241,186,5,:0,8,0,
demand: 123:227,186,186,186,242,:0,5,2,6,0,
demand: 953:51,60,:2,0,
demand: 564:27,92,92,92,58,58,58,30,:0,4,1,3,10,5,6,0,
demand: 729:126,49,175,:1,9,5,
demand: 221:36,97,97,131,:1,8,5,0,
demand: 972:89,89,66,48,:6,1,4,0,
demand: 592:202,189,189,189,209,209,17,:0,3,10,5,2,1,0,
demand: 463:225,121,:7,0,
demand: 153:226,135,113,:0,9,3,
demand: 172:51,188,188,188,188,188,153,153,153,153,:9,4,3,6,10,8,5,7,2,1,
demand: 530:50,84,84,6,:10,2,1,0,
demand: 586:169,22,211,211,211,38,:0,9,4,8,2,1,
demand: 357:199,20,70,:0,10,0,
demand: 769:115,115,115,62,62,156,:10,4,5,9,3,0,
demand: 295:207,190,34,:1,0,0,
demand: 304:175,212,:5,0,
demand: 521:178,200,200,200,9,:2,6,7,4,0,
demand: 816:91,99,99,99,99,123,123,:9,5,6,8,2,1,7,
demand: 995:89,172,172,172,37,37,124,:10,3,2,9,7,1,0,
demand: 921:121,121,77,77,246,15,:9,8,5,3,2,0,
demand: 500:155,145,145,145,145,234,234,234,234,67,:0,5,2,1,9,7,8,4,6,3,
demand: 416:14,144,144,144,177,177,84,:0,8,4,1,9,10,0,
demand: 443:153,201,201,201,201,240,240,240,240,138,:0,10,8,5,9,7,3,4,1,0,
demand: 907:54,211,211,211,146,146,146,60,:10,9,5,4,8,3,2,0,
demand: 781:72,146,146,146,195,:0,5,6,7,0,
demand: 271:6,56,:6,0,
demand: 483:84,125,125,125,125,122,122,:2,7,10,9,1,6,8,
demand: 874:71,106,44,:0,8,2,
demand: 66:76,93,148,148,:0,8,2,9,
demand: 889:229,40,:0,8,
demand: 762:29,64,156,:0,0,7,
demand: 887:220,218,218,218,234,:0,10,9,8,0,
demand: 938:108,179,179,179,39,129,:0,7,10,4,5,0,
demand: 301:77,189,189,189,81,:0,8,6,1,0,
demand: 39:19,164,164,80,80,:0,3,6,9,2,
demand: 41:91,38,38,107,:0,1,5,6,
demand: 302:181,177,177,177,122,122,122,175,:0,2,6,9,8,3,4,0,
demand: 968:68,210,210,210,184,:7,6,4,3,0,
demand: 673:243,186,12,:0,5,0,
demand: 758:183,230,:6,0,
demand: 734:91,133,:9,7,
demand: 77:38,213,190,:10,2,0,
demand: 905:215,136,136,136,186,186,95,:4,9,7,5,8,10,0,
demand: 493:136,239,239,116,:0,10,4,0,
demand: 496:100,86,107,:0,8,0,
demand: 130:236,63,200,200,200,:0,10,4,3,9,
demand: 830:126,146,146,146,174,:0,7,8,6,0,
demand: 400:243,225,225,176,:0,5,8,0,
demand: 861:114,137,137,137,207,190,:0,10,1,9,6,0,
demand: 192:29,154,24,:6,8,0,
demand: 150:66,35,145,:0,5,0,
demand: 299:90,111,39,:0,9,0,
demand: 681:107,61,45,:0,8,0,
demand: 34:175,16,19,:0,5,0,
demand: 75:205,240,240,240,138,166,:0,1,7,3,6,0,
demand: 931:248,142,142,97,97,48,:0,4,7,1,2,0,
demand: 973:197,119,119,119,79,:0,1,3,6,0,
demand: 948:145,234,214,:0,10,0,
demand: 927:99,83,83,1,:0,5,1,0,
demand: 527:71,232,232,4,137,:0,8,5,0,0,
demand: 819:14,125,13,:0,3,0,
demand: 456:19,123,231,:0,5,0,
demand: 867:10,149,149,149,98,:1,6,7,3,0,
demand: 847:224,220,5,:0,5,0,
demand: 685:6,198,50,:0,8,0,
demand: 757:126,44,80,:0,2,0,
demand: 2:201,144,144,144,153,22,:0,10,6,7,4,0,
demand: 795:222,186,131,:1,8,0,
demand: 638:239,218,218,1,:0,6,4,0,
demand: 842:172,151,238,:0,5,0,
demand: 476:116,41,163,:0,1,0,
demand: 460:227,176,225,:0,7,0,
demand: 634:198,120,120,98,62,:2,1,6,7,9,
demand: 78:147,184,153,:0,3,0,
demand: 910:124,207,137,:0,10,0,
demand: 359:231,108,179,:0,2,0,
demand: 626:95,54,:7,0,
Average Delay: 2.944636678200692
Runtime (mS): 6990082Acceptation rate: 0.7225