2, 13, 9, 4, 2, 10, 11, 4, 2, 6, 
10, 2, 4, 2, 10, 14, 1, 4, 
4, 11, 15, 13, 1, 14, 10, 
1, 6, 15, 11, 15, 1, 6, 15, 6, 
13, 15, 15, 15, 15, 15, 15, 15, 1, 12, 
2, 9, 13, 15, 11, 
9, 13, 15, 3, 4, 9, 4, 3, 1, 5, 
1, 15, 3, 4, 9, 2, 4, 3, 2, 9, 7, 11, 
2, 9, 12, 9, 7, 8, 15, 3, 1, 13, 
12, 9, 12, 8, 2, 6, 3, 1, 
7, 8, 1, 14, 2, 12, 13, 
1, 14, 5, 
1, 8, 2, 14, 2, 7, 
2, 12, 9, 6, 3, 14, 5, 8, 
5, 12, 13, 
2, 14, 5, 14, 2, 9, 7, 8, 5, 8, 7, 11, 
14, 5, 
5, 8, 7, 8, 5, 8, 7, 8, 5, 8, 7, 14, 5, 8, 7, 5, 8, 7, 14, 5, 14, 
7, 7, 7, 2, 7, 8, 5, 8, 7, 2, 7, 8, 5, 10, 7, 7, 2, 7, 8, 5, 8, 7, 
10, 7, 10, 5, 10, 7, 6, 13, 7, 10, 7, 6, 2, 7, 10, 7, 11, 7, 2, 7, 2, 7, 6, 13, 7, 10, 5, 10, 7, 15, 7, 2, 7, 12, 2, 7, 2, 4, 
6, 13, 7, 7, 7, 15, 7, 15, 7, 10, 7, 15, 7, 13, 12, 2, 
5, 10, 7, 11, 7, 13, 7, 15, 8, 
7, 12, 5, 5, 15, 7, demand: 125:12,2,13,9,4,2,10,11,4,2,6,:0,6,2,0,5,4,1,0,7,0,0,
demand: 479:14,10,2,4,2,10,14,1,4,:0,4,6,7,0,3,0,1,0,
demand: 273:1,4,11,15,13,1,14,10,:0,1,2,0,5,4,0,6,
demand: 112:14,1,6,15,11,15,1,6,15,6,:0,3,1,0,4,0,2,6,7,0,
demand: 920:9,13,15,15,15,15,15,15,15,1,12,:0,0,4,5,2,1,3,6,7,0,0,
demand: 481:8,2,9,13,15,11,:0,0,1,0,2,0,
demand: 591:2,9,13,15,3,4,9,4,3,1,5,:0,2,0,0,3,0,4,0,5,0,0,
demand: 445:6,1,15,3,4,9,2,4,3,2,9,7,11,:0,0,6,0,0,3,0,0,4,0,5,0,0,
demand: 233:8,2,9,12,9,7,8,15,3,1,13,:0,0,3,7,4,0,1,0,5,0,0,
demand: 515:5,12,9,12,8,2,6,3,1,:0,0,2,7,4,0,6,0,0,
demand: 99:9,7,8,1,14,2,12,13,:0,0,7,0,3,0,4,0,
demand: 817:13,1,14,5,:0,0,2,4,
demand: 143:13,1,8,2,14,2,7,:0,0,1,0,5,0,0,
demand: 508:7,2,12,9,6,3,14,5,8,:0,0,0,6,0,0,4,7,0,
demand: 538:10,5,12,13,:0,4,0,0,
demand: 885:9,2,14,5,14,2,9,7,8,5,8,7,11,:0,0,0,4,1,0,0,6,3,2,0,7,0,
demand: 294:3,14,5,:0,0,3,
demand: 357:3,14,5,14,:0,0,7,0,
demand: 698:3,2,7,8,5,8,7,:0,0,4,0,6,0,1,
demand: 351:8,12,2,7,2,4,:0,0,0,4,0,0,
demand: 323:1,15,7,13,12,2,:0,0,4,0,0,0,
demand: 221:6,13,7,15,8,:0,0,7,0,0,
Average Delay: 7.681818181818182
Runtime (mS): 17Acceptation rate: 0.36666666666666664