185, 49, 189, 244, 160, 49, 177, 174, 169, 48, 187, 169, 75, 97, 
2, 70, 158, 129, 75, 15, 37, 
103, 47, 40, 14, 243, 169, 21, 38, 24, 14, 152, 188, 187, 113, 218, 75, 129, 177, 236, 49, 109, 
243, 69, 47, 187, 14, 152, 227, 243, 184, 236, 177, 152, 185, 227, 113, 188, 244, 165, 
177, 69, 42, 228, 103, 42, 228, 58, 160, 184, 205, 158, 48, 60, 205, 38, 157, 
166, 70, 203, 205, 60, 58, 203, 75, 218, 75, 29, 
203, 70, 166, 117, 32, 48, 169, 174, 117, 236, 27, 202, 86, 189, 27, 42, 117, 32, 205, 38, 80, 
202, 27, 137, 
3, 177, 203, 202, 27, 246, 65, 32, 117, 190, 32, 205, 38, 190, 32, 65, 203, 86, 203, 
32, 190, 203, 202, 27, 246, 65, 32, 90, 
27, 246, 65, 246, 113, 190, 32, 79, 69, 42, 86, 246, 79, 86, 227, 221, 248, 79, 202, 221, 14, 
221, 60, 86, 221, 21, 169, 216, 
246, 79, 248, 54, 
248, 241, 
55, 218, 105, 79, 248, 190, 
55, 160, 244, 105, 55, 248, 110, 
221, 55, 248, 70, 92, 32, 79, 69, 187, 
248, 212, 105, 79, 32, 92, 17, 212, 246, 105, 212, 17, 92, 157, 
195, 212, 105, 32, 92, 133, 212, 105, 195, 134, 133, 243, 174, 195, 134, 32, 117, 195, 134, 133, 74, 106, 
64, 134, 133, 74, 41, 30, 134, 64, 2, 242, 134, 64, 160, 58, 223, 5, 91, 
2, 242, 38, 80, 
201, 74, 133, 2, 64, 195, 223, 242, 2, 186, 223, 7, 183, 
195, 223, 242, 201, 106, 
1, 201, 242, 
30, 41, 74, 201, 242, 223, 186, 2, 108, 223, 186, 41, 30, 155, 134, 214, 
41, 30, 155, 201, 44, 133, 41, 30, 155, 201, 74, 44, 201, 155, 30, 41, 143, 
1, 108, 223, 19, 41, 186, 30, 
223, 186, 41, 19, 155, 148, 194, 108, 2, 215, 
108, 194, 148, 10, 195, 30, 155, 148, 194, 108, 223, 242, 2, 64, 130, 194, 148, 10, 194, 77, 182, 
1, 77, 194, 148, 155, 19, 10, 44, 41, 164, 77, 12, 19, 10, 194, 77, 164, 116, 226, 
164, 77, 12, 19, 26, 233, 64, 130, 233, 64, 130, 194, 77, 164, 116, 26, 233, 130, 116, 61, 
64, 233, 26, 116, 164, 41, 186, 223, 19, 12, 132, 82, 44, 10, 116, 164, 82, 242, 201, 74, 133, 215, 
1, 214, 142, 26, 233, 12, 19, 155, 26, 116, 142, 134, 
214, 142, 132, 117, 
137, 1, 77, 12, 233, 164, 82, 44, 132, 82, 214, 142, 132, 142, 214, 1, 157, 45, 
1, 157, 132, 222, 157, 63, 214, 82, 44, 63, 214, 221, 
222, 157, 63, 186, 26, 19, 201, 157, 222, 29, 40, 172, 222, 84, 9, 
84, 142, 26, 16, 29, 222, 84, 22, 222, 29, 40, 250, 
16, 29, 40, 172, 241, 148, 84, 22, 82, 63, 84, 222, 172, 40, 168, 233, 16, 154, 
238, 22, 84, 63, 157, 172, 40, 168, 16, 127, 63, 207, 249, 
226, 40, 168, 241, 12, 233, 219, 
22, 84, 241, 168, 22, 238, 43, 
142, 241, 168, 22, 238, 96, 127, 193, 73, 200, 96, 127, 136, 
84, 226, 168, 181, 
96, 200, 73, 193, 127, 96, 200, 73, 193, 127, 96, 200, 73, 110, 22, 73, 193, 127, 96, 73, 
127, 172, 226, 110, 241, 172, 127, 18, 
200, 97, 
207, 110, 241, 168, 226, 110, 207, 73, 193, 136, 249, 207, 249, 73, 200, 73, 109, 
110, 207, 249, 136, 183, 137, 136, 183, 127, 193, 136, 183, 127, 16, 159, 124, 110, 159, 124, 63, 
51, 159, 122, 22, 238, 216, 122, 65, 
249, 122, 51, 137, 136, 249, 154, 137, 107, 23, 154, 53, 107, 124, 110, 67, 18, 127, 216, 9, 146, 
154, 145, 
73, 122, 67, 52, 
154, 53, 161, 9, 118, 67, 159, 226, 53, 161, 9, 200, 67, 18, 118, 67, 11, 
3, 67, 18, 118, 136, 67, 18, 118, 67, 18, 118, 67, 18, 118, 67, 53, 161, 141, 
118, 18, 163, 118, 214, 63, 9, 161, 53, 18, 118, 9, 161, 249, 
221, 96, 9, 161, 53, 161, 9, 161, 53, 18, 163, 161, 9, 161, 53, 161, 147, 53, 161, 147, 7, 183, 18, 2, 
3, 163, 114, 147, 53, 3, 163, 114, 147, 53, 18, 118, 163, 114, 147, 161, 163, 114, 147, 3, 148, 155, 30, 
163, 114, 147, 114, 8, 227, 
17, 3, 163, 114, 163, 3, 163, 145, 147, 3, 163, 145, 147, 3, 163, 48, 
147, 3, 163, 145, 56, 10, 102, 
176, 56, 145, 163, 118, 46, 9, 25, 75, 
101, 3, 147, 170, 150, 56, 145, 1, 37, 
89, 147, 170, 163, 
25, 114, 8, 76, 145, 56, 150, 170, 213, 66, 114, 8, 76, 145, 56, 150, 170, 15, 
66, 114, 25, 128, 34, 114, 66, 213, 170, 232, 228, 
56, 176, 8, 76, 145, 213, 66, 34, 114, 25, 128, 34, 46, 128, 99, 
46, 34, 128, 19, 10, 
46, 34, 128, 25, 114, 66, 213, 170, 150, 56, 150, 170, 150, 56, 176, 8, 114, 66, 213, 170, 232, 150, 8, 114, 79, 
66, 34, 128, 25, 170, 213, 145, 163, 170, 232, 150, 8, 176, 56, 213, 145, 163, 170, 147, 193, 
46, 34, 66, 25, 242, 
66, 34, 46, 128, 25, 66, 34, 46, 128, 25, 170, 232, 150, 8, 176, 219, 34, 66, 25, 128, 17, 
76, 128, 46, 25, 66, 232, 170, 163, 145, 213, 56, 176, 8, 232, 150, 8, 176, 219, 7, 183, 
232, 170, 163, 101, 
128, 46, 43, 232, 8, 182, 76, 128, 43, 46, 89, 232, 219, 176, 89, 232, 8, 182, 76, 153, 
46, 43, 128, 76, 182, 8, 46, 89, 176, 242, 
43, 128, 76, 219, 176, 89, 46, 89, 92, 
43, 128, 76, 128, 46, 128, 43, 128, 182, 176, 89, 176, 219, 5, 
43, 232, 219, 76, 213, 182, 219, 76, 213, 182, 176, 213, 46, 219, 182, 2, 43, 106, 76, 66, 
145, 213, 182, 2, 43, 232, 89, 13, 2, 43, 232, 89, 13, 162, 28, 196, 
89, 213, 13, 89, 162, 17, 43, 2, 89, 13, 219, 89, 162, 17, 141, 89, 162, 232, 219, 13, 131, 217, 
61, 17, 141, 115, 162, 17, 141, 5, 46, 61, 115, 85, 172, 127, 
61, 115, 85, 81, 57, 31, 141, 115, 85, 81, 17, 141, 115, 85, 81, 57, 135, 
85, 31, 57, 81, 57, 31, 57, 52, 11, 243, 
61, 139, 81, 11, 52, 139, 115, 61, 139, 243, 
52, 11, 131, 52, 11, 131, 17, 61, 131, 10, 229, 
139, 52, 11, 52, 57, 10, 131, 197, 239, 85, 197, 239, 31, 180, 239, 156, 164, 234, 
146, 220, 180, 239, 197, 146, 220, 139, 52, 156, 239, 197, 146, 220, 180, 239, 156, 111, 245, 212, 
146, 220, 180, 111, 245, 78, 156, 111, 245, 78, 111, 245, 78, 23, 143, 
78, 245, 146, 220, 180, 111, 245, 234, 111, 156, 120, 149, 106, 245, 234, 123, 197, 33, 14, 
54, 39, 156, 111, 180, 
125, 206, 220, 8, 
127, 4, 250, 250, 250, 250, 83, 23, 115, 
4, 180, 111, 245, 234, 123, 121, 37, 15, 4, 143, 23, 83, 215, 208, 178, 134, 226, 
4, 2, 133, 
69, 4, 143, 214, 
4, 183, 
5, 126, 104, 208, 178, 54, 39, 216, 
143, 4, 15, 37, 121, 4, 15, 37, 121, 204, 247, 5, 126, 104, 208, 178, 95, 37, 99, 
36, 95, 178, 54, 39, 144, 197, 
5, 126, 104, 208, 104, 126, 50, 21, 211, 
28, 196, 123, 234, 121, 204, 247, 199, 125, 206, 80, 231, 59, 35, 204, 247, 199, 127, 88, 
126, 5, 193, 
170, 15, 87, 39, 144, 125, 206, 80, 231, 59, 35, 204, 121, 204, 247, 204, 68, 
211, 106, 149, 120, 144, 39, 87, 15, 54, 149, 106, 206, 125, 199, 106, 125, 206, 80, 231, 59, 171, 
104, 211, 106, 125, 199, 106, 206, 80, 231, 151, 33, 87, 210, 83, 78, 
50, 153, 87, 39, 151, 33, 62, 237, 72, 119, 153, 
33, 151, 231, 35, 204, 125, 199, 36, 95, 178, 208, 215, 83, 23, 143, 4, 15, 62, 237, 72, 220, 180, 
229, 123, 196, 28, 179, 240, 4, 151, 33, 62, 237, 72, 119, 153, 50, 209, 45, 179, 240, 28, 156, 
240, 28, 179, 240, 182, 
71, 153, 50, 209, 45, 179, 28, 240, 95, 178, 34, 
68, 237, 72, 210, 83, 23, 35, 59, 175, 50, 153, 119, 72, 237, 62, 5, 
215, 208, 206, 68, 99, 24, 94, 235, 230, 210, 72, 119, 175, 171, 36, 95, 37, 157, 
211, 106, 125, 94, 235, 230, 210, 140, 68, 99, 24, 94, 71, 225, 151, 172, 
102, 175, 171, 36, 71, 225, 151, 33, 102, 225, 140, 198, 225, 151, 20, 120, 69, 4, 
123, 234, 230, 210, 72, 237, 173, 71, 94, 235, 94, 24, 94, 24, 99, 24, 45, 173, 209, 45, 102, 173, 230, 210, 
20, 120, 90, 7, 93, 123, 196, 198, 20, 120, 149, 54, 7, 240, 229, 138, 98, 204, 101, 15, 88, 
210, 230, 167, 83, 
126, 90, 120, 20, 198, 225, 140, 192, 112, 98, 138, 50, 
5, 93, 
83, 167, 198, 224, 192, 140, 138, 98, 112, 120, 90, 120, 112, 192, 140, 171, 167, 224, 199, 121, 204, 101, 66, 
126, 90, 6, 101, 15, 62, 237, 7, 191, 93, 33, 204, 100, 224, 217, 143, 23, 91, 141, 
68, 6, 181, 45, 109, 36, 97, 153, 91, 199, 
6, 181, 45, 35, 59, 196, 217, 91, 191, 151, 91, 102, 6, 181, 135, 217, 153, 119, 100, 55, 
169, 6, 217, 135, 181, 59, 88, 68, 49, 
211, 100, 191, 95, 240, 6, 112, 217, 135, 181, 45, 28, 6, 198, 20, 6, 217, 153, 97, 184, 
106, 149, 6, 181, 192, 140, 217, 6, 217, 153, 119, 153, 217, 91, 191, 100, 119, 153, 217, 141, 
88, 165, 149, 97, 165, 88, 229, 6, 198, 225, 88, 125, 135, 28, 175, 91, 217, 88, 127, 114, 
88, 165, 97, 91, 191, 100, 208, 191, 100, 135, 125, 88, 165, 97, 91, 23, 229, 178, 91, 36, 14, 
88, 135, 225, 88, 135, 100, 91, 191, 204, 100, 91, 191, 135, 210, 87, 39, 88, 68, 97, 165, 97, 120, 
88, 59, 181, 6, 20, 235, 91, 217, 208, 
15, 88, 33, 91, 100, 95, 165, 149, 97, 91, 201, 155, 
97, 181, 109, 97, 153, 165, 95, 109, 199, 84, 
20, 149, 165, 95, 109, 97, 109, 95, 165, 149, 97, 213, 
88, 109, 244, 165, 179, 95, 109, 95, 109, 6, 
88, 109, 199, 33, 88, 135, 125, 109, 198, 19, 109, 5, 109, 88, 109, 199, 125, 135, 125, 106, 199, 97, 109, 109, 199, 39, 88, 127, 109, 199, 165, 109, 127, 88, 127, 109, 97, 153, 165, 59, 88, 135, 125, 199, 109, 127, 88, 127, 18, 165, 249, 136, 
109, 109, 199, 150, 33, 93, 91, 33, 109, 171, 36, 95, 109, 23, 100, 211, 106, 109, 199, 33, 93, 109, 199, 109, 199, 33, 93, 109, 40, 109, 81, 33, 151, 45, 109, 199, 106, 35, 109, 109, 109, 199, 109, 214, 109, 100, 109, 33, 93, 153, 97, 109, 33, 93, 109, 23, 5, 61, 33, 109, 109, 199, 109, 109, 97, 109, 5, 93, 109, 35, 23, 91, 97, 109, 124, 
5, 91, 33, 100, 33, 93, 123, 
93, 92, 
100, 106, 165, 199, 106, 100, 76, 106, 211, 106, 125, 144, 106, 106, 106, 106, 106, 165, 106, 106, 106, 5, 211, 106, 106, 106, 106, 20, 198, 125, 106, 5, 165, 5, 46, 165, 165, 144, 123, 196, 
5, 199, 106, 201, 74, 106, 106, 5, 116, 106, 171, 74, 106, 125, 106, 106, 106, 211, 198, 5, 201, 74, 106, 106, 106, 199, 100, 106, 201, 74, 106, 211, 198, 52, 106, 52, 106, 199, 46, 5, 95, 106, 106, 106, 211, 100, 91, 97, 149, 106, 125, 106, 88, 125, 106, 211, 79, 
175, 171, 199, 36, 171, 199, 171, 100, 100, 171, 171, 131, 171, 80, 171, 171, 100, 5, 179, 153, 171, 114, 
5, 171, demand: 667:35,185,49,189,244,160,49,177,174,169,48,187,169,75,97,:0,5,17,9,16,3,4,18,19,15,2,12,1,10,0,
demand: 379:72,2,70,158,129,75,15,37,:0,0,16,9,18,1,0,0,
demand: 149:82,103,47,40,14,243,169,21,38,24,14,152,188,187,113,218,75,129,177,236,49,109,:0,3,17,0,2,1,14,9,12,0,5,16,19,10,18,7,4,13,15,8,20,0,
demand: 598:133,243,69,47,187,14,152,227,243,184,236,177,152,185,227,113,188,244,165,:0,14,12,1,20,2,5,3,4,7,10,0,9,18,6,11,8,13,0,
demand: 700:52,177,69,42,228,103,42,228,58,160,184,205,158,48,60,205,38,157,:0,15,4,8,5,18,6,9,19,17,2,7,20,1,3,12,10,0,
demand: 287:184,166,70,203,205,60,58,203,75,218,75,29,:0,16,13,5,0,7,18,6,0,10,0,0,
demand: 303:30,203,70,166,117,32,48,169,174,117,236,27,202,86,189,27,42,117,32,205,38,80,:0,2,0,17,12,9,4,0,14,3,15,18,19,6,20,16,11,5,8,13,0,0,
demand: 508:52,202,27,137,:0,12,0,0,
demand: 953:17,3,177,203,202,27,246,65,32,117,190,32,205,38,190,32,65,203,86,203,:0,0,15,6,19,12,13,14,18,9,1,17,4,20,7,2,5,8,11,0,
demand: 116:134,32,190,203,202,27,246,65,32,90,:0,8,12,4,16,14,11,13,0,0,
demand: 601:62,27,246,65,246,113,190,32,79,69,42,86,246,79,86,227,221,248,79,202,221,14,:0,13,9,6,0,20,18,12,7,0,10,19,11,14,1,15,5,3,2,16,17,0,
demand: 184:18,221,60,86,221,21,169,216,:0,18,10,16,1,20,0,0,
demand: 887:123,246,79,248,54,:0,9,1,15,0,
demand: 618:206,248,241,:0,15,0,
demand: 850:159,55,218,105,79,248,190,:0,1,20,12,15,0,0,
demand: 832:218,55,160,244,105,55,248,110,:0,3,0,20,8,11,1,0,
demand: 958:126,221,55,248,70,92,32,79,69,187,:0,4,3,15,20,13,0,9,0,0,
demand: 893:40,248,212,105,79,32,92,17,212,246,105,212,17,92,157,:0,4,14,10,0,0,18,0,11,16,12,13,0,7,0,
demand: 269:163,195,212,105,32,92,133,212,105,195,134,133,243,174,195,134,32,117,195,134,133,74,106,:0,13,3,9,0,11,8,0,4,16,14,12,0,20,15,10,0,2,1,18,19,5,0,
demand: 741:96,64,134,133,74,41,30,134,64,2,242,134,64,160,58,223,5,91,:0,17,11,3,5,14,1,2,9,7,6,16,18,0,20,4,0,0,
demand: 740:64,2,242,38,80,:0,6,8,0,0,
demand: 874:66,201,74,133,2,64,195,223,242,2,186,223,7,183,:0,12,15,20,7,5,2,10,6,9,18,11,0,0,
demand: 338:202,195,223,242,201,106,:0,4,1,11,14,0,
demand: 721:232,1,201,242,:0,17,1,0,
demand: 816:135,30,41,74,201,242,223,186,2,108,223,186,41,30,155,134,214,:0,18,1,9,14,3,11,7,4,2,8,12,5,20,17,15,0,
demand: 914:71,41,30,155,201,44,133,41,30,155,201,74,44,201,155,30,41,143,:0,5,7,4,6,3,15,8,19,18,16,12,2,1,9,14,20,0,
demand: 331:137,1,108,223,19,41,186,30,:0,1,7,17,19,15,8,0,
demand: 473:231,223,186,41,19,155,148,194,108,2,215,:0,2,8,15,6,5,19,4,18,11,0,
demand: 510:240,108,194,148,10,195,30,155,148,194,108,223,242,2,64,130,194,148,10,194,77,182,:0,5,16,20,17,18,7,14,12,15,11,4,10,13,1,9,8,3,19,6,2,0,
demand: 615:179,1,77,194,148,155,19,10,44,41,164,77,12,19,10,194,77,164,116,226,:0,19,18,13,17,10,9,12,5,14,2,6,7,4,3,1,8,20,11,0,
demand: 604:234,164,77,12,19,26,233,64,130,233,64,130,194,77,164,116,26,233,130,116,61,:0,2,15,12,4,5,18,20,19,16,1,7,13,14,11,10,6,8,3,17,0,
demand: 176:130,64,233,26,116,164,41,186,223,19,12,132,82,44,10,116,164,82,242,201,74,133,215,:0,15,6,18,19,4,0,11,0,10,16,8,12,14,13,9,17,7,20,0,0,0,0,
demand: 4:145,1,214,142,26,233,12,19,155,26,116,142,134,:0,1,18,2,11,10,3,13,20,12,17,6,0,
demand: 641:80,214,142,132,117,:0,16,9,3,0,
demand: 397:138,137,1,77,12,233,164,82,44,132,82,214,142,132,142,214,1,157,45,:0,0,17,10,0,11,14,12,1,19,16,6,13,4,0,8,7,2,0,
demand: 414:36,1,157,132,222,157,63,214,82,44,63,214,221,:0,20,12,7,19,3,9,13,4,10,6,14,0,
demand: 325:136,222,157,63,186,26,19,201,157,222,29,40,172,222,84,9,:0,6,18,12,10,11,20,15,13,3,19,14,9,1,4,0,
demand: 66:115,84,142,26,16,29,222,84,22,222,29,40,250,:0,19,18,15,1,3,20,8,13,11,7,5,0,
demand: 620:21,16,29,40,172,241,148,84,22,82,63,84,222,172,40,168,233,16,154,:0,3,9,14,19,6,10,7,8,4,13,0,1,11,12,17,20,16,0,
demand: 328:13,238,22,84,63,157,172,40,168,16,127,63,207,249,:0,16,1,17,13,20,8,6,12,2,11,9,5,0,
demand: 1:134,226,40,168,241,12,233,219,:0,5,12,16,9,20,0,0,
demand: 999:62,22,84,241,168,22,238,43,:0,1,13,5,14,8,2,0,
demand: 797:37,142,241,168,22,238,96,127,193,73,200,96,127,136,:0,20,8,10,6,16,11,13,2,3,9,19,12,0,
demand: 25:115,84,226,168,181,:0,20,7,18,0,
demand: 798:126,96,200,73,193,127,96,200,73,193,127,96,200,73,110,22,73,193,127,96,73,:0,9,15,19,8,13,14,5,20,16,1,2,11,18,3,6,7,10,4,0,0,
demand: 214:88,127,172,226,110,241,172,127,18,:0,17,18,19,9,14,10,8,0,
demand: 872:2,200,97,:0,16,0,
demand: 795:178,207,110,241,168,226,110,207,73,193,136,249,207,249,73,200,73,109,:0,5,19,10,1,12,20,8,0,18,9,0,6,2,0,13,0,0,
demand: 750:33,110,207,249,136,183,137,136,183,127,193,136,183,127,16,159,124,110,159,124,63,:0,1,14,0,5,7,17,12,2,20,0,3,16,15,4,8,19,11,6,18,0,
demand: 867:133,51,159,122,22,238,216,122,65,:0,6,16,8,20,10,13,14,0,
demand: 133:237,249,122,51,137,136,249,154,137,107,23,154,53,107,124,110,67,18,127,216,9,146,:0,5,18,19,8,20,2,11,17,3,0,14,12,6,16,10,13,7,0,9,1,0,
demand: 635:182,154,145,:0,4,0,
demand: 962:16,73,122,67,52,:0,10,16,1,0,
demand: 496:27,154,53,161,9,118,67,159,226,53,161,9,200,67,18,118,67,11,:0,16,18,5,6,17,11,2,15,14,8,7,20,4,3,1,19,0,
demand: 913:108,3,67,18,118,136,67,18,118,67,18,118,67,18,118,67,53,161,141,:0,1,7,10,13,15,2,16,19,4,18,12,3,8,6,9,17,0,0,
demand: 661:29,118,18,163,118,214,63,9,161,53,18,118,9,161,249,:0,4,14,18,2,0,20,12,7,8,13,6,1,9,0,
demand: 410:86,221,96,9,161,53,161,9,161,53,18,163,161,9,161,53,161,147,53,161,147,7,183,18,2,:0,0,15,14,11,18,0,19,3,7,13,17,5,12,0,10,6,1,8,9,4,0,20,16,0,
demand: 207:101,3,163,114,147,53,3,163,114,147,53,18,118,163,114,147,161,163,114,147,3,148,155,30,:0,11,17,12,2,13,19,4,5,3,14,0,20,9,18,15,16,6,10,1,7,0,0,0,
demand: 83:110,163,114,147,114,8,227,:0,8,0,7,10,0,0,
demand: 154:215,17,3,163,114,163,3,163,145,147,3,163,145,147,3,163,48,:0,0,5,6,11,0,8,16,12,9,10,18,1,15,13,19,0,
demand: 301:39,147,3,163,145,56,10,102,:0,1,0,9,11,12,0,0,
demand: 211:133,176,56,145,163,118,46,9,25,75,:0,19,7,10,8,2,15,16,9,0,
demand: 446:15,101,3,147,170,150,56,145,1,37,:0,0,16,10,14,17,1,4,0,0,
demand: 978:102,89,147,170,163,:0,15,2,14,20,
demand: 911:249,25,114,8,76,145,56,150,170,213,66,114,8,76,145,56,150,170,15,:0,19,6,7,9,18,3,5,2,4,1,10,17,20,8,16,12,15,0,
demand: 778:246,66,114,25,128,34,114,66,213,170,232,228,:0,10,11,5,4,3,12,18,15,6,13,0,
demand: 591:41,56,176,8,76,145,213,66,34,114,25,128,34,46,128,99,:0,5,12,1,11,9,16,2,6,17,4,8,13,14,3,0,
demand: 765:16,46,34,128,19,10,:0,2,7,4,0,0,
demand: 515:221,46,34,128,25,114,66,213,170,150,56,150,170,150,56,176,8,114,66,213,170,232,150,8,114,79,:0,10,9,14,5,0,15,20,11,3,4,0,8,2,12,18,17,0,13,7,1,16,19,6,0,0,
demand: 38:65,66,34,128,25,170,213,145,163,170,232,150,8,176,56,213,145,163,170,147,193,:0,13,9,11,15,10,1,3,0,8,7,5,17,4,6,19,14,0,12,0,0,
demand: 349:5,46,34,66,25,242,:0,18,2,20,17,0,
demand: 70:136,66,34,46,128,25,66,34,46,128,25,170,232,150,8,176,219,34,66,25,128,17,:0,7,18,10,12,3,15,16,20,2,17,6,1,11,9,4,5,13,0,8,19,0,
demand: 884:106,76,128,46,25,66,232,170,163,145,213,56,176,8,232,150,8,176,219,7,183,:0,16,4,12,2,15,11,0,0,5,14,0,10,9,19,8,18,6,7,0,0,
demand: 415:89,232,170,163,101,:0,11,20,0,0,
demand: 977:19,128,46,43,232,8,182,76,128,43,46,89,232,219,176,89,232,8,182,76,153,:0,1,5,11,6,18,10,17,16,4,8,12,20,13,14,9,2,15,19,3,0,
demand: 883:9,46,43,128,76,182,8,46,89,176,242,:0,9,15,0,18,13,6,20,16,3,0,
demand: 23:193,43,128,76,219,176,89,46,89,92,:0,5,0,18,13,3,17,20,0,0,
demand: 412:85,43,128,76,128,46,128,43,128,182,176,89,176,219,5,:0,6,0,7,0,8,0,2,0,12,20,9,0,16,0,
demand: 595:177,43,232,219,76,213,182,219,76,213,182,176,213,46,219,182,2,43,106,76,66,:0,18,0,17,7,8,5,3,20,14,19,2,6,4,16,1,0,13,0,11,0,
demand: 489:51,145,213,182,2,43,232,89,13,2,43,232,89,13,162,28,196,:0,0,16,18,0,8,0,9,17,0,13,0,6,3,11,0,0,
demand: 764:67,89,213,13,89,162,17,43,2,89,13,219,89,162,17,141,89,162,232,219,13,131,217,:0,8,4,5,11,6,7,16,0,13,14,10,18,12,17,3,9,1,2,0,20,19,0,
demand: 782:180,61,17,141,115,162,17,141,5,46,61,115,85,172,127,:0,11,7,13,8,15,20,18,0,2,3,6,19,0,0,
demand: 924:173,61,115,85,81,57,31,141,115,85,81,17,141,115,85,81,57,135,:0,15,6,5,3,7,19,18,1,16,17,2,4,9,14,11,8,0,
demand: 419:26,85,31,57,81,57,31,57,52,11,243,:0,4,3,12,20,0,13,14,19,10,0,
demand: 88:28,61,139,81,11,52,139,115,61,139,243,:0,11,14,7,1,4,13,9,10,19,0,
demand: 160:163,52,11,131,52,11,131,17,61,131,10,229,:0,7,17,15,6,3,16,9,8,12,0,0,
demand: 794:203,139,52,11,52,57,10,131,197,239,85,197,239,31,180,239,156,164,234,:0,8,0,17,2,18,0,3,14,10,16,13,5,20,15,4,11,0,0,
demand: 909:241,146,220,180,239,197,146,220,139,52,156,239,197,146,220,180,239,156,111,245,212,:0,3,13,19,1,18,14,15,20,16,8,10,12,17,9,7,4,5,6,11,0,
demand: 878:229,146,220,180,111,245,78,156,111,245,78,111,245,78,23,143,:0,14,3,17,8,20,13,18,10,12,1,19,15,9,0,0,
demand: 355:112,78,245,146,220,180,111,245,234,111,156,120,149,106,245,234,123,197,33,14,:0,1,6,19,20,8,14,2,13,16,11,17,12,3,10,18,7,15,5,0,
demand: 462:178,54,39,156,111,180,:0,4,6,16,0,0,
demand: 86:166,125,206,220,8,:0,6,17,16,0,
demand: 189:18,127,4,250,250,250,250,83,23,115,:0,0,14,4,7,8,15,12,6,0,
demand: 288:228,4,180,111,245,234,123,121,37,15,4,143,23,83,215,208,178,134,226,:0,3,0,2,0,14,8,6,18,9,1,20,4,16,5,7,10,0,0,
demand: 441:69,4,2,133,:0,9,0,0,
demand: 442:5,69,4,143,214,:0,0,10,19,0,
demand: 925:84,4,183,:0,20,0,
demand: 140:45,5,126,104,208,178,54,39,216,:0,5,9,16,10,15,8,3,0,
demand: 991:76,143,4,15,37,121,4,15,37,121,204,247,5,126,104,208,178,95,37,99,:0,0,9,11,17,10,16,7,18,1,3,20,13,15,8,6,4,14,5,0,
demand: 920:171,36,95,178,54,39,144,197,:0,8,3,19,20,1,2,0,
demand: 828:184,5,126,104,208,104,126,50,21,211,:0,16,14,18,8,0,5,3,0,0,
demand: 722:61,28,196,123,234,121,204,247,199,125,206,80,231,59,35,204,247,199,127,88,:0,4,19,13,20,10,18,7,16,5,17,12,2,9,14,3,8,15,0,0,
demand: 256:90,126,5,193,:0,0,10,0,
demand: 94:232,170,15,87,39,144,125,206,80,231,59,35,204,121,204,247,204,68,:0,0,8,18,9,7,10,14,15,3,1,16,6,5,0,19,0,0,
demand: 231:244,211,106,149,120,144,39,87,15,54,149,106,206,125,199,106,125,206,80,231,59,171,:0,4,8,6,1,12,5,18,20,17,13,16,2,9,14,7,10,3,15,11,19,0,
demand: 580:174,104,211,106,125,199,106,206,80,231,151,33,87,210,83,78,:0,19,13,7,6,17,11,20,0,9,12,3,2,15,8,0,
demand: 416:126,50,153,87,39,151,33,62,237,72,119,153,:0,11,2,14,9,3,7,18,17,10,5,0,
demand: 903:110,33,151,231,35,204,125,199,36,95,178,208,215,83,23,143,4,15,62,237,72,220,180,:0,10,14,8,5,16,19,12,1,20,0,4,2,6,15,18,0,11,13,17,7,0,0,
demand: 471:236,229,123,196,28,179,240,4,151,33,62,237,72,119,153,50,209,45,179,240,28,156,:0,13,7,2,9,11,6,14,18,16,4,20,15,19,1,3,5,17,10,8,12,0,
demand: 33:179,240,28,179,240,182,:0,6,10,13,14,0,
demand: 926:128,71,153,50,209,45,179,28,240,95,178,34,:0,13,7,3,1,8,5,9,2,19,17,0,
demand: 587:88,68,237,72,210,83,23,35,59,175,50,153,119,72,237,62,5,:0,13,1,15,12,11,4,8,19,18,2,14,9,3,7,0,0,
demand: 499:133,215,208,206,68,99,24,94,235,230,210,72,119,175,171,36,95,37,157,:0,3,7,10,12,8,2,15,5,19,14,11,17,18,13,1,9,6,0,
demand: 701:136,211,106,125,94,235,230,210,140,68,99,24,94,71,225,151,172,:0,20,17,10,12,5,18,11,2,7,13,9,14,4,1,6,0,
demand: 85:216,102,175,171,36,71,225,151,33,102,225,140,198,225,151,20,120,69,4,:0,7,2,5,9,20,16,10,14,13,3,8,19,4,17,15,1,0,0,
demand: 677:233,123,234,230,210,72,237,173,71,94,235,94,24,94,24,99,24,45,173,209,45,102,173,230,210,:0,6,14,13,9,0,11,5,10,16,3,0,20,7,0,19,4,12,15,18,17,1,8,0,0,
demand: 738:38,20,120,90,7,93,123,196,198,20,120,149,54,7,240,229,138,98,204,101,15,88,:0,18,3,5,1,12,9,16,8,15,10,11,7,13,14,2,19,4,6,20,17,0,
demand: 607:137,210,230,167,83,:0,7,9,2,0,
demand: 733:96,126,90,120,20,198,225,140,192,112,98,138,50,:0,3,18,7,14,20,6,17,12,15,4,5,0,
demand: 550:109,5,93,:0,9,20,
demand: 687:160,83,167,198,224,192,140,138,98,112,120,90,120,112,192,140,171,167,224,199,121,204,101,66,:0,10,8,6,5,13,16,19,12,20,0,15,9,1,17,11,7,18,4,14,3,0,2,0,
demand: 206:21,126,90,6,101,15,62,237,7,191,93,33,204,100,224,217,143,23,91,141,:0,11,9,13,19,6,14,7,4,12,20,10,16,2,15,18,3,17,1,0,
demand: 628:237,68,6,181,45,109,36,97,153,91,199,:0,0,12,1,16,4,6,18,10,8,0,
demand: 195:198,6,181,45,35,59,196,217,91,191,151,91,102,6,181,135,217,153,119,100,55,:0,19,1,11,7,6,16,12,15,8,9,2,3,20,18,5,13,14,17,4,0,
demand: 1000:174,169,6,217,135,181,59,88,68,49,:0,0,2,15,12,18,14,20,9,0,
demand: 627:122,211,100,191,95,240,6,112,217,135,181,45,28,6,198,20,6,217,153,97,184,:0,14,8,4,3,16,18,7,1,5,13,9,11,12,6,17,15,2,10,20,0,
demand: 834:76,106,149,6,181,192,140,217,6,217,153,119,153,217,91,191,100,119,153,217,141,:0,0,6,15,13,3,9,1,12,0,0,7,0,4,18,5,19,11,0,8,0,
demand: 80:111,88,165,149,97,165,88,229,6,198,225,88,125,135,28,175,91,217,88,127,114,:0,13,18,9,8,5,2,7,20,17,14,12,11,3,16,10,4,19,1,0,0,
demand: 247:2,88,165,97,91,191,100,208,191,100,135,125,88,165,97,91,23,229,178,91,36,14,:0,16,7,13,8,5,3,11,19,1,12,9,15,18,2,20,6,17,10,4,14,0,
demand: 220:233,88,135,225,88,135,100,91,191,204,100,91,191,135,210,87,39,88,68,97,165,97,120,:0,16,7,10,2,20,5,15,1,11,12,3,13,18,14,9,6,4,17,19,8,0,0,
demand: 954:150,88,59,181,6,20,235,91,217,208,:0,5,9,4,0,17,6,15,0,0,
demand: 963:183,15,88,33,91,100,95,165,149,97,91,201,155,:0,6,20,14,12,1,10,11,0,18,15,0,0,
demand: 126:116,97,181,109,97,153,165,95,109,199,84,:0,1,13,3,19,0,5,0,12,10,0,
demand: 806:143,20,149,165,95,109,97,109,95,165,149,97,213,:0,17,0,3,0,7,8,5,0,15,0,4,0,
demand: 505:179,95,109,6,:0,0,3,0,
demand: 89:181,59,88,135,125,199,109,127,88,127,18,165,249,136,:0,0,18,2,0,0,13,0,20,0,0,16,0,0,
demand: 520:204,35,23,91,97,109,124,:0,0,17,0,0,8,0,
demand: 868:77,33,93,123,:0,10,9,0,
demand: 316:42,93,92,:0,10,0,
demand: 650:236,165,144,123,196,:0,16,14,0,0,
demand: 919:68,88,125,106,211,79,:0,0,0,17,0,0,
demand: 792:71,153,171,114,:0,0,6,0,
Average Delay: 13.71830985915493
Runtime (mS): 422715Acceptation rate: 0.355