2, 13, 1, 5, 
11, 4, 1, 5, 10, 2, 6, 15, 
1, 13, 1, 14, 
15, 15, 15, 15, 15, 7, 
15, 15, 10, 11, 4, 1, 5, 10, 11, 4, 
11, 4, 1, 5, 10, 12, 
10, 11, 4, 1, 4, 11, 4, 1, 6, 15, 11, 3, 
4, 3, 4, 9, 4, 3, 1, 5, 10, 5, 11, 7, 9, 7, 10, 
6, 3, 4, 9, 12, 9, 4, 3, 6, 5, 
6, 9, 12, 9, 2, 14, 1, 15, 6, 9, 13, 1, 
12, 13, 
2, 14, 2, 9, 7, 8, 1, 
8, 1, 14, 
7, 9, 13, 12, 1, 14, 5, 8, 5, 14, 
5, 14, 5, 8, 7, 9, 13, 1, 5, 
1, 12, 2, 
5, 10, 7, 10, 5, 14, 5, 8, 2, 
12, 5, 11, 7, 11, 5, 11, 7, 2, 5, 2, 7, 2, 5, 6, 9, 
8, 5, 6, 9, 4, 
13, 7, 13, 
demand: 316:9,2,13,1,5,:0,3,2,0,0,
demand: 825:10,11,4,1,5,10,2,6,15,:0,0,4,2,0,7,5,0,0,
demand: 289:4,1,13,1,14,:0,0,6,0,0,
demand: 921:15,15,15,15,15,15,7,:0,4,1,3,7,5,0,
demand: 306:15,15,15,10,11,4,1,5,10,11,4,:0,1,3,7,0,2,5,0,6,0,0,
demand: 218:10,11,4,1,5,10,12,:0,0,2,3,0,6,0,
demand: 943:7,10,11,4,1,4,11,4,1,6,15,11,3,:0,1,0,7,3,0,2,6,0,4,0,5,0,
demand: 93:9,4,3,4,9,4,3,1,5,10,5,11,7,9,7,10,:0,0,5,0,1,0,4,0,0,6,0,2,0,7,0,0,
demand: 640:9,6,3,4,9,12,9,4,3,6,5,:0,2,3,0,7,1,4,6,5,0,0,
demand: 271:15,6,9,12,9,2,14,1,15,6,9,13,1,:0,0,1,4,5,0,3,0,6,0,7,0,0,
demand: 168:9,12,13,:0,7,0,
demand: 629:9,2,14,2,9,7,8,1,:0,0,2,0,6,0,7,0,
demand: 213:2,8,1,14,:0,5,0,0,
demand: 662:15,7,9,13,12,1,14,5,8,5,14,:0,0,6,0,1,0,2,0,5,0,7,
demand: 612:11,5,14,5,8,7,9,13,1,5,:0,0,1,4,3,6,0,0,0,7,
demand: 506:15,1,12,2,:0,0,3,0,
demand: 995:11,5,10,7,10,5,14,5,8,2,:0,2,0,5,0,0,3,1,0,0,
demand: 705:13,12,5,11,7,11,5,11,7,2,5,2,7,2,5,6,9,:0,0,2,0,5,0,7,0,4,0,3,0,1,0,6,0,0,
demand: 38:1,8,5,6,9,4,:0,0,6,0,0,0,
demand: 569:9,13,7,13,:0,0,4,0,
Average Delay: 8.35
Runtime (mS): 10Acceptation rate: 1.0