67, 83, 39, 10, 3, 7, 69, 8, 36, 68, 83, 61, 17, 68, 17, 50, 69, 5, 68, 23, 56, 
3, 50, 93, 40, 
99, 88, 93, 50, 3, 58, 3, 93, 3, 55, 30, 71, 39, 12, 45, 71, 23, 53, 
45, 71, 23, 12, 36, 8, 59, 
12, 45, 71, 23, 12, 67, 7, 71, 45, 12, 2, 45, 4, 10, 
50, 12, 45, 28, 
12, 68, 45, 71, 99, 55, 3, 71, 2, 47, 41, 17, 61, 2, 47, 41, 36, 8, 97, 
100, 100, 100, 100, 100, 100, 60, 
2, 47, 41, 2, 98, 58, 45, 71, 2, 68, 88, 2, 7, 93, 63, 
99, 22, 5, 74, 
21, 30, 94, 22, 98, 97, 22, 99, 88, 94, 65, 58, 98, 14, 
22, 94, 17, 11, 94, 65, 97, 21, 46, 45, 
42, 94, 30, 12, 46, 21, 97, 65, 94, 
38, 14, 46, 42, 21, 97, 42, 53, 47, 90, 45, 30, 47, 2, 90, 14, 81, 
42, 12, 46, 14, 38, 56, 90, 38, 56, 90, 97, 
11, 53, 70, 65, 41, 53, 11, 60, 56, 38, 14, 39, 
70, 4, 63, 70, 4, 11, 53, 56, 60, 44, 42, 28, 
4, 63, 28, 20, 16, 65, 92, 14, 60, 15, 
84, 20, 16, 47, 84, 20, 98, 22, 84, 44, 6, 79, 9, 
98, 25, 79, 6, 44, 63, 72, 
70, 25, 79, 6, 16, 79, 6, 90, 48, 
92, 28, 79, 25, 92, 86, 
92, 95, 
22, 28, 96, 11, 84, 20, 96, 18, 87, 53, 63, 18, 87, 63, 
96, 18, 87, 33, 100, 
40, 81, 77, 57, 2, 33, 
54, 37, 25, 70, 33, 16, 81, 39, 
77, 81, 40, 57, 41, 77, 76, 
98, 22, 28, 77, 81, 40, 57, 77, 81, 44, 4, 54, 37, 33, 16, 95, 
77, 81, 40, 57, 86, 
44, 60, 100, 100, 34, 
40, 57, 53, 87, 33, 37, 54, 81, 16, 33, 37, 54, 81, 53, 40, 33, 87, 68, 
18, 40, 28, 77, 57, 54, 81, 40, 33, 16, 81, 53, 40, 82, 
76, 40, 18, 54, 
40, 33, 100, 100, 28, 
40, 57, 77, 57, 40, 33, 40, 53, 81, 53, 40, 28, 
79, 81, 44, 54, 57, 37, 77, 18, 54, 57, 70, 33, 44, 
77, 92, 4, 
77, 28, 42, 33, 54, 10, 33, 54, 44, 81, 47, 77, 1, 
37, 57, 54, 33, 10, 60, 37, 57, 70, 33, 44, 57, 37, 53, 
54, 10, 37, 76, 100, 33, 54, 10, 13, 
54, 26, 93, 
76, 37, 10, 57, 87, 
76, 37, 25, 52, 37, 76, 64, 15, 
37, 76, 64, 10, 37, 76, 64, 10, 76, 98, 77, 
64, 76, 64, 20, 10, 64, 76, 84, 
76, 32, 48, 35, 52, 76, 32, 22, 
35, 48, 32, 52, 76, 5, 25, 52, 35, 48, 32, 52, 35, 48, 32, 19, 
35, 26, 86, 
35, 26, 64, 6, 
35, 26, 54, 89, 48, 64, 10, 97, 
10, 26, 35, 89, 48, 64, 92, 
35, 89, 48, 64, 10, 26, 64, 48, 15, 
35, 89, 26, 10, 52, 32, 55, 30, 
48, 89, 53, 40, 
48, 89, 35, 26, 10, 85, 
48, 64, 26, 21, 
52, 64, 26, 89, 52, 64, 35, 32, 26, 89, 52, 64, 89, 54, 26, 7, 
32, 26, 52, 89, 52, 26, 32, 76, 52, 26, 23, 35, 23, 85, 
48, 64, 35, 32, 76, 52, 10, 
52, 55, 32, 8, 89, 53, 26, 23, 48, 80, 8, 66, 13, 76, 80, 8, 66, 13, 76, 80, 76, 5, 
80, 8, 66, 13, 66, 8, 80, 1, 13, 66, 59, 8, 1, 80, 4, 66, 26, 
12, 80, 1, 13, 72, 55, 3, 75, 5, 72, 55, 3, 75, 5, 72, 13, 42, 
72, 55, 5, 75, 5, 55, 72, 5, 75, 5, 55, 5, 75, 5, 55, 30, 75, 29, 75, 1, 74, 5, 26, 54, 
1, 74, 5, 34, 82, 31, 49, 19, 73, 34, 19, 73, 34, 82, 31, 8, 34, 
92, 1, 74, 43, 33, 
80, 1, 74, 43, 9, 91, 59, 31, 16, 
72, 5, 34, 82, 31, 49, 19, 73, 34, 82, 49, 15, 
14, 92, 1, 73, 62, 24, 9, 91, 59, 29, 95, 51, 49, 15, 9, 91, 15, 
demand: 799:36,67,83,39,10,3,7,69,8,36,68,83,61,17,68,17,50,69,5,68,23,56,:0,1,5,14,0,2,11,10,0,6,12,3,8,0,13,7,9,4,0,15,0,0,
demand: 669:55,3,50,93,40,:0,0,4,8,0,
demand: 404:28,99,88,93,50,3,58,3,93,3,55,30,71,39,12,45,71,23,53,:0,7,12,0,4,3,1,0,8,9,0,13,6,5,2,15,11,0,0,
demand: 980:15,45,71,23,12,36,8,59,:0,12,13,0,8,5,0,0,
demand: 294:78,12,45,71,23,12,67,7,71,45,12,2,45,4,10,:0,2,11,12,0,14,5,9,8,1,7,6,15,0,0,
demand: 660:57,50,12,45,28,:0,4,15,12,0,
demand: 94:61,12,68,45,71,99,55,3,71,2,47,41,17,61,2,47,41,36,8,97,:0,2,9,6,8,5,0,3,15,12,11,14,10,0,1,13,7,4,0,0,
demand: 574:100,100,100,100,100,100,100,60,:0,1,14,9,5,4,10,0,
demand: 696:25,2,47,41,2,98,58,45,71,2,68,88,2,7,93,63,:0,6,13,1,15,12,10,0,8,2,9,5,7,3,4,0,
demand: 103:77,99,22,5,74,:0,3,11,0,0,
demand: 275:46,21,30,94,22,98,97,22,99,88,94,65,58,98,14,:0,7,5,12,2,1,14,6,4,9,10,15,3,13,0,
demand: 847:12,22,94,17,11,94,65,97,21,46,45,:0,5,6,3,8,11,12,1,10,13,0,
demand: 273:78,42,94,30,12,46,21,97,65,94,:0,5,0,3,9,7,2,6,8,0,
demand: 750:18,38,14,46,42,21,97,42,53,47,90,45,30,47,2,90,14,81,:0,15,7,12,14,2,10,6,1,5,8,9,4,0,3,13,11,0,
demand: 829:11,42,12,46,14,38,56,90,38,56,90,97,:0,2,9,5,14,1,12,10,6,8,15,0,
demand: 580:29,11,53,70,65,41,53,11,60,56,38,14,39,:0,15,7,11,5,9,8,14,12,6,10,3,0,
demand: 194:62,70,4,63,70,4,11,53,56,60,44,42,28,:0,11,14,6,7,13,10,3,8,1,2,4,0,
demand: 411:95,4,63,28,20,16,65,92,14,60,15,:0,11,6,12,13,8,9,7,5,15,0,
demand: 814:27,84,20,16,47,84,20,98,22,84,44,6,79,9,:0,6,14,12,4,2,1,9,3,8,11,7,15,0,
demand: 922:69,98,25,79,6,44,63,72,:0,3,11,7,10,12,15,0,
demand: 746:68,70,25,79,6,16,79,6,90,48,:0,9,7,10,2,13,8,6,4,0,
demand: 330:14,92,28,79,25,92,86,:0,14,12,0,15,1,0,
demand: 987:14,92,95,:0,9,0,
demand: 871:9,22,28,96,11,84,20,96,18,87,53,63,18,87,63,:0,3,14,11,4,6,5,7,2,15,9,8,1,13,0,
demand: 996:16,96,18,87,33,100,:0,2,12,1,13,0,
demand: 859:61,40,81,77,57,2,33,:0,7,14,13,2,0,0,
demand: 667:44,54,37,25,70,33,16,81,39,:0,6,15,9,4,12,5,1,0,
demand: 212:47,77,81,40,57,41,77,76,:0,12,7,8,15,4,11,0,
demand: 949:51,98,22,28,77,81,40,57,77,81,44,4,54,37,33,16,95,:0,0,3,9,12,14,1,8,7,6,5,10,2,11,15,4,0,
demand: 704:11,77,81,40,57,86,:0,2,12,8,13,0,
demand: 632:54,44,60,100,100,34,:0,0,5,10,14,0,
demand: 777:12,40,57,53,87,33,37,54,81,16,33,37,54,81,53,40,33,87,68,:0,6,11,4,9,15,12,2,14,0,13,8,5,10,3,1,7,0,0,
demand: 712:73,18,40,28,77,57,54,81,40,33,16,81,53,40,82,:0,9,11,4,13,14,10,6,5,2,3,7,0,8,0,
demand: 82:5,76,40,18,54,:0,13,15,0,0,
demand: 343:46,40,33,100,100,28,:0,12,8,15,7,0,
demand: 357:39,40,57,77,57,40,33,40,53,81,53,40,28,:0,6,15,7,0,2,11,0,0,8,0,14,0,
demand: 240:61,79,81,44,54,57,37,77,18,54,57,70,33,44,:0,4,6,0,15,11,12,14,9,13,8,3,7,0,
demand: 534:47,77,92,4,:0,5,4,0,
demand: 292:14,77,28,42,33,54,10,33,54,44,81,47,77,1,:0,1,0,3,9,7,10,8,13,0,2,0,11,0,
demand: 449:6,37,57,54,33,10,60,37,57,70,33,44,57,37,53,:0,6,2,1,11,15,3,5,14,0,9,4,7,8,0,
demand: 664:18,54,10,37,76,100,33,54,10,13,:0,15,11,5,8,0,13,1,6,0,
demand: 868:34,54,26,93,:0,1,8,0,
demand: 354:28,76,37,10,57,87,:0,5,12,8,14,0,
demand: 706:13,76,37,25,52,37,76,64,15,:0,1,13,4,11,15,5,12,0,
demand: 85:19,37,76,64,10,37,76,64,10,76,98,77,:0,6,7,12,11,13,8,9,1,2,3,0,
demand: 760:15,64,76,64,20,10,64,76,84,:0,1,2,0,3,5,13,0,0,
demand: 313:38,76,32,48,35,52,76,32,22,:0,15,4,1,2,13,5,10,0,
demand: 569:52,35,48,32,52,76,5,25,52,35,48,32,52,35,48,32,19,:0,11,14,4,10,13,0,3,7,12,15,5,2,1,8,6,0,
demand: 367:97,35,26,86,:0,15,2,0,
demand: 520:87,35,26,64,6,:0,1,13,10,0,
demand: 453:99,35,26,54,89,48,64,10,97,:0,7,14,4,3,9,11,2,0,
demand: 226:60,10,26,35,89,48,64,92,:0,6,1,3,15,9,7,0,
demand: 984:50,35,89,48,64,10,26,64,48,15,:0,13,11,5,9,7,2,14,3,0,
demand: 823:23,35,89,26,10,52,32,55,30,:0,10,7,11,12,9,8,0,0,
demand: 691:73,48,89,53,40,:0,9,12,0,0,
demand: 761:29,48,89,35,26,10,85,:0,11,7,15,9,0,0,
demand: 605:64,48,64,26,21,:0,14,0,4,0,
demand: 743:98,52,64,26,89,52,64,35,32,26,89,52,64,89,54,26,7,:0,9,1,8,14,13,6,4,7,11,10,2,15,3,0,12,0,
demand: 465:55,32,26,52,89,52,26,32,76,52,26,23,35,23,85,:0,1,12,4,13,0,14,10,0,5,6,0,9,0,0,
demand: 376:16,48,64,35,32,76,52,10,:0,3,2,4,8,0,12,0,
demand: 134:15,52,55,32,8,89,53,26,23,48,80,8,66,13,76,80,8,66,13,76,80,76,5,:0,7,0,3,11,6,0,12,0,13,2,15,10,14,0,9,8,4,5,0,1,0,0,
demand: 595:18,80,8,66,13,66,8,80,1,13,66,59,8,1,80,4,66,26,:0,2,4,15,1,0,3,8,0,14,13,0,7,0,5,0,10,0,
demand: 802:22,12,80,1,13,72,55,3,75,5,72,55,3,75,5,72,13,42,:0,0,11,0,8,6,4,0,7,0,5,14,0,12,0,10,9,0,
demand: 593:88,72,55,5,75,5,55,72,5,75,5,55,5,75,5,55,30,75,29,75,1,74,5,26,54,:0,1,2,0,9,0,10,15,0,4,0,6,0,8,0,11,0,7,13,3,14,5,12,0,0,
demand: 864:92,1,74,5,34,82,31,49,19,73,34,19,73,34,82,31,8,34,:0,11,2,9,12,4,8,1,13,10,15,5,14,6,3,7,0,0,
demand: 276:83,92,1,74,43,33,:0,0,6,12,15,0,
demand: 849:45,80,1,74,43,9,91,59,31,16,:0,0,1,0,12,14,4,8,13,0,
demand: 932:91,72,5,34,82,31,49,19,73,34,82,49,15,:0,0,7,10,1,3,2,9,6,14,11,12,0,
demand: 513:9,14,92,1,73,62,24,9,91,59,29,95,51,49,15,9,91,15,:0,0,0,12,3,4,15,6,2,5,11,9,7,1,13,14,10,0,
Average Delay: 11.101449275362318
Runtime (mS): 11323Acceptation rate: 0.9857142857142858