129, 75, 185, 49, 244, 189, 160, 177, 174, 169, 187, 158, 129, 75, 47, 103, 158, 187, 234, 
243, 19, 48, 113, 189, 70, 49, 185, 14, 169, 187, 194, 
243, 169, 21, 38, 10, 129, 236, 69, 14, 113, 189, 218, 21, 152, 24, 236, 184, 23, 152, 24, 59, 
38, 185, 227, 244, 49, 185, 14, 228, 42, 38, 2, 177, 42, 188, 227, 184, 188, 160, 174, 60, 33, 
113, 48, 58, 47, 42, 38, 205, 60, 228, 1, 218, 58, 189, 70, 211, 
174, 158, 
205, 166, 42, 117, 58, 166, 117, 32, 190, 21, 103, 65, 228, 86, 203, 188, 184, 34, 240, 
202, 227, 184, 103, 113, 184, 65, 196, 
202, 166, 117, 60, 32, 190, 218, 202, 27, 205, 52, 222, 
203, 86, 69, 202, 27, 246, 65, 32, 220, 
117, 32, 190, 203, 86, 246, 65, 228, 86, 203, 79, 246, 65, 190, 21, 221, 
117, 32, 190, 248, 203, 79, 119, 
27, 246, 65, 246, 27, 246, 65, 228, 86, 203, 79, 203, 190, 248, 79, 246, 244, 27, 106, 
246, 80, 
221, 117, 32, 117, 75, 
221, 248, 55, 221, 11, 
55, 221, 212, 105, 55, 212, 105, 55, 248, 212, 205, 166, 55, 2, 177, 
105, 3, 92, 55, 248, 79, 105, 2, 212, 246, 92, 27, 41, 92, 133, 74, 11, 92, 133, 184, 188, 41, 134, 1, 92, 133, 65, 
2, 133, 74, 41, 105, 2, 133, 74, 41, 134, 133, 148, 
134, 133, 2, 64, 134, 41, 74, 201, 195, 223, 242, 2, 64, 134, 133, 148, 194, 71, 
195, 223, 242, 2, 64, 195, 223, 242, 134, 133, 148, 194, 242, 223, 195, 201, 74, 44, 134, 133, 134, 216, 
1, 201, 195, 64, 134, 242, 194, 148, 186, 41, 30, 195, 201, 242, 194, 148, 186, 11, 245, 
1, 201, 40, 
1, 3, 
1, 201, 155, 195, 64, 130, 194, 108, 30, 165, 
30, 108, 194, 148, 194, 91, 
186, 148, 155, 195, 201, 155, 30, 133, 
201, 1, 108, 30, 155, 148, 10, 194, 241, 
186, 10, 44, 228, 
74, 44, 10, 30, 130, 233, 64, 130, 233, 64, 130, 233, 26, 74, 198, 
77, 164, 116, 26, 233, 130, 194, 77, 134, 64, 130, 64, 134, 166, 
164, 77, 12, 19, 10, 44, 41, 30, 233, 26, 116, 164, 77, 12, 19, 155, 12, 6, 
186, 19, 12, 77, 194, 116, 142, 186, 116, 142, 26, 19, 132, 151, 
214, 142, 132, 12, 222, 164, 82, 44, 132, 12, 222, 74, 157, 132, 19, 157, 132, 82, 165, 
1, 108, 222, 164, 116, 142, 214, 148, 82, 164, 77, 8, 
157, 132, 82, 214, 142, 133, 
186, 157, 82, 164, 222, 29, 148, 155, 12, 222, 58, 
63, 214, 142, 241, 84, 22, 214, 241, 84, 22, 2, 172, 241, 148, 29, 214, 82, 164, 172, 184, 
16, 29, 22, 84, 241, 172, 127, 10, 207, 12, 132, 29, 82, 
207, 63, 77, 
84, 63, 207, 241, 172, 157, 63, 130, 238, 9, 236, 
1, 207, 40, 168, 26, 16, 127, 130, 238, 22, 96, 148, 241, 172, 127, 16, 238, 96, 182, 
16, 238, 96, 222, 193, 73, 200, 96, 44, 200, 73, 157, 63, 207, 164, 226, 28, 
200, 73, 193, 164, 226, 63, 40, 168, 16, 238, 96, 200, 73, 193, 241, 168, 40, 207, 63, 84, 130, 233, 214, 
244, 226, 16, 127, 193, 73, 110, 22, 181, 
226, 16, 136, 226, 16, 238, 96, 200, 73, 110, 73, 217, 
3, 1, 16, 136, 73, 110, 159, 202, 136, 16, 83, 
1, 50, 
136, 73, 110, 226, 40, 168, 216, 183, 233, 26, 162, 
183, 132, 159, 124, 122, 183, 40, 207, 249, 122, 193, 154, 84, 96, 51, 137, 154, 23, 107, 226, 40, 226, 51, 185, 75, 
107, 137, 147, 124, 193, 9, 161, 249, 9, 216, 110, 241, 18, 67, 53, 3, 1, 
183, 67, 18, 118, 67, 136, 73, 53, 67, 167, 
29, 148, 186, 
1, 3, 53, 67, 20, 
92, 3, 53, 67, 172, 163, 118, 67, 18, 118, 124, 122, 193, 137, 12, 155, 
168, 163, 249, 5, 
3, 53, 67, 18, 67, 53, 56, 
3, 53, 67, 118, 18, 163, 118, 67, 53, 51, 9, 161, 107, 161, 
96, 9, 161, 53, 3, 163, 216, 9, 161, 53, 18, 118, 163, 18, 118, 67, 3, 124, 226, 244, 
3, 163, 18, 101, 
3, 163, 18, 53, 62, 
147, 16, 9, 161, 147, 161, 9, 118, 18, 163, 3, 147, 161, 150, 56, 9, 25, 118, 
161, 147, 114, 161, 147, 114, 18, 118, 46, 161, 147, 114, 56, 150, 161, 147, 167, 
147, 114, 56, 150, 114, 147, 170, 3, 128, 
9, 25, 114, 56, 150, 114, 56, 150, 114, 56, 150, 114, 25, 9, 
114, 56, 114, 150, 114, 56, 176, 8, 114, 150, 8, 114, 150, 8, 114, 25, 9, 54, 
34, 114, 25, 128, 34, 46, 128, 34, 46, 128, 34, 46, 128, 34, 46, 128, 76, 145, 221, 
66, 213, 56, 176, 225, 
43, 34, 66, 213, 56, 176, 8, 76, 145, 213, 66, 34, 43, 46, 25, 
34, 66, 25, 128, 76, 145, 213, 56, 176, 8, 76, 128, 25, 46, 43, 34, 89, 232, 66, 25, 46, 12, 208, 
56, 145, 213, 170, 232, 66, 219, 186, 80, 
46, 43, 143, 
145, 232, 66, 219, 34, 89, 30, 
34, 89, 232, 170, 213, 25, 170, 213, 46, 89, 232, 170, 8, 76, 182, 128, 3, 233, 
46, 89, 176, 8, 176, 221, 
66, 213, 76, 182, 128, 43, 80, 
232, 8, 170, 25, 66, 219, 232, 8, 170, 182, 128, 43, 232, 8, 182, 76, 182, 128, 43, 232, 8, 13, 187, 
213, 25, 170, 182, 8, 114, 25, 182, 8, 151, 
8, 46, 89, 176, 219, 141, 
demand: 167:10,129,75,185,49,244,189,160,177,174,169,187,158,129,75,47,103,158,187,234,:0,10,12,5,17,2,7,3,6,16,11,8,13,18,4,9,19,14,20,0,
demand: 767:111,243,19,48,113,189,70,49,185,14,169,187,194,:0,1,0,5,7,15,19,14,0,2,11,20,0,
demand: 161:139,243,169,21,38,10,129,236,69,14,113,189,218,21,152,24,236,184,23,152,24,59,:0,8,4,18,11,0,10,14,9,5,15,20,12,1,19,0,13,7,0,6,0,0,
demand: 570:31,38,185,227,244,49,185,14,228,42,38,2,177,42,188,227,184,188,160,174,60,33,:0,14,18,12,13,0,0,9,16,0,4,0,10,2,3,5,8,7,17,1,6,0,
demand: 502:189,113,48,58,47,42,38,205,60,228,1,218,58,189,70,211,:0,0,18,3,20,0,4,9,6,13,0,10,8,0,11,0,
demand: 821:165,174,158,:0,15,0,
demand: 158:52,205,166,42,117,58,166,117,32,190,21,103,65,228,86,203,188,184,34,240,:0,9,6,12,8,1,7,17,5,2,20,10,16,13,3,18,15,14,0,0,
demand: 510:136,202,227,184,103,113,184,65,196,:0,3,10,0,4,20,11,9,0,
demand: 71:181,202,166,117,60,32,190,218,202,27,205,52,222,:0,3,11,8,1,13,17,20,18,19,10,0,0,
demand: 410:38,203,86,69,202,27,246,65,32,220,:0,6,12,20,7,17,9,3,14,0,
demand: 580:179,117,32,190,203,86,246,65,228,86,203,79,246,65,190,21,221,:0,19,14,1,2,8,17,11,10,16,13,12,6,4,18,0,0,
demand: 34:19,117,32,190,248,203,79,119,:0,17,0,19,13,10,9,0,
demand: 306:78,27,246,65,246,27,246,65,228,86,203,79,203,190,248,79,246,244,27,106,:0,2,16,9,0,12,6,17,0,1,0,7,14,4,19,5,8,20,11,0,
demand: 732:116,246,80,:0,16,0,
demand: 800:13,221,117,32,117,75,:0,7,10,16,0,0,
demand: 907:27,221,248,55,221,11,:0,5,18,17,1,0,
demand: 810:159,55,221,212,105,55,212,105,55,248,212,205,166,55,2,177,:0,7,4,5,18,11,19,13,14,9,3,0,15,6,0,0,
demand: 903:102,105,3,92,55,248,79,105,2,212,246,92,27,41,92,133,74,11,92,133,184,188,41,134,1,92,133,65,:0,18,0,8,0,4,0,19,0,9,16,17,2,14,11,12,10,0,7,1,0,20,5,3,0,6,13,0,
demand: 562:32,2,133,74,41,105,2,133,74,41,134,133,148,:0,14,13,11,6,16,17,18,12,19,4,20,0,
demand: 459:154,134,133,2,64,134,41,74,201,195,223,242,2,64,134,133,148,194,71,:0,16,8,3,14,18,0,2,10,13,19,6,9,7,4,20,1,11,0,
demand: 654:88,195,223,242,2,64,195,223,242,134,133,148,194,242,223,195,201,74,44,134,133,134,216,:0,9,12,1,3,18,19,17,5,10,11,13,8,7,2,4,14,16,6,20,15,0,0,
demand: 598:189,1,201,195,64,134,242,194,148,186,41,30,195,201,242,194,148,186,11,245,:0,20,19,15,5,13,14,18,6,2,11,3,4,17,7,9,1,16,0,0,
demand: 122:207,1,201,40,:0,9,5,0,
demand: 339:213,1,3,:0,8,0,
demand: 313:25,1,201,155,195,64,130,194,108,30,165,:0,7,11,16,9,12,13,15,19,14,0,
demand: 482:196,30,108,194,148,194,91,:0,7,16,6,9,0,0,
demand: 285:244,186,148,155,195,201,155,30,133,:0,8,11,14,15,4,19,10,0,
demand: 826:147,201,1,108,30,155,148,10,194,241,:0,0,6,19,7,18,17,16,15,0,
demand: 765:61,186,10,44,228,:0,13,16,2,0,
demand: 348:8,74,44,10,30,130,233,64,130,233,64,130,233,26,74,198,:0,15,8,18,7,2,12,14,11,16,1,13,17,5,20,0,
demand: 666:8,77,164,116,26,233,130,194,77,134,64,130,64,134,166,:0,5,18,8,2,11,10,13,6,20,0,19,0,0,0,
demand: 20:116,164,77,12,19,10,44,41,30,233,26,116,164,77,12,19,155,12,6,:0,2,11,4,5,18,12,14,1,9,16,6,15,8,19,17,13,7,0,
demand: 979:80,186,19,12,77,194,116,142,186,116,142,26,19,132,151,:0,20,19,10,12,15,5,6,1,16,9,13,18,7,0,
demand: 725:115,214,142,132,12,222,164,82,44,132,12,222,74,157,132,19,157,132,82,165,:0,6,9,11,7,16,5,10,14,17,18,12,15,13,3,1,2,4,19,0,
demand: 277:185,1,108,222,164,116,142,214,148,82,164,77,8,:0,11,15,12,1,0,6,5,20,2,14,13,0,
demand: 970:191,157,132,82,214,142,133,:0,5,6,18,19,4,0,
demand: 675:65,186,157,82,164,222,29,148,155,12,222,58,:0,10,3,8,0,6,2,11,1,0,13,0,
demand: 242:209,63,214,142,241,84,22,214,241,84,22,2,172,241,148,29,214,82,164,172,184,:0,19,1,14,9,16,17,11,3,5,2,20,8,18,15,7,4,0,13,6,0,
demand: 297:224,16,29,22,84,241,172,127,10,207,12,132,29,82,:0,18,17,2,1,10,3,9,15,14,4,20,19,0,
demand: 786:12,207,63,77,:0,17,19,0,
demand: 842:69,84,63,207,241,172,157,63,130,238,9,236,:0,9,18,3,8,16,14,13,1,19,0,0,
demand: 901:5,1,207,40,168,26,16,127,130,238,22,96,148,241,172,127,16,238,96,182,:0,1,7,9,19,10,17,5,4,8,12,3,20,11,0,16,6,13,18,0,
demand: 845:56,16,238,96,222,193,73,200,96,44,200,73,157,63,207,164,226,28,:0,13,9,5,20,6,17,16,7,4,3,12,10,14,11,15,18,0,
demand: 372:48,200,73,193,164,226,63,40,168,16,238,96,200,73,193,241,168,40,207,63,84,130,233,214,:0,17,6,8,20,9,1,2,16,13,18,11,10,5,12,4,3,19,7,0,14,15,0,0,
demand: 137:49,244,226,16,127,193,73,110,22,181,:0,0,9,1,8,2,20,5,10,0,
demand: 433:51,226,16,136,226,16,238,96,200,73,110,73,217,:0,11,4,9,18,10,1,0,6,0,2,14,0,
demand: 531:105,3,1,16,136,73,110,159,202,136,16,83,:0,0,20,18,9,0,6,12,0,16,0,0,
demand: 929:150,1,50,:0,20,0,
demand: 755:41,136,73,110,226,40,168,216,183,233,26,162,:0,6,15,8,17,13,11,19,12,20,0,0,
demand: 876:156,183,132,159,124,122,183,40,207,249,122,193,154,84,96,51,137,154,23,107,226,40,226,51,185,75,:0,16,20,6,7,12,2,10,11,19,8,14,18,4,15,17,9,5,0,13,0,1,0,3,0,0,
demand: 519:68,107,137,147,124,193,9,161,249,9,216,110,241,18,67,53,3,1,:0,16,5,7,14,4,12,3,18,1,8,10,20,19,13,6,0,0,
demand: 262:220,183,67,18,118,67,136,73,53,67,167,:0,4,12,19,5,1,0,15,8,11,0,
demand: 88:93,29,148,186,:0,20,0,0,
demand: 265:207,1,3,53,67,20,:0,0,7,12,0,0,
demand: 803:215,92,3,53,67,172,163,118,67,18,118,124,122,193,137,12,155,:0,0,5,12,6,20,3,7,1,10,8,0,9,0,4,0,0,
demand: 888:239,168,163,249,5,:0,15,1,16,0,
demand: 816:119,3,53,67,18,67,53,56,:0,12,15,19,9,0,17,0,
demand: 416:112,3,53,67,118,18,163,118,67,53,51,9,161,107,161,:0,3,5,0,19,12,14,7,9,0,2,11,4,16,0,
demand: 131:34,96,9,161,53,3,163,216,9,161,53,18,118,163,18,118,67,3,124,226,244,:0,20,12,13,8,11,17,2,3,1,10,19,5,7,15,14,9,4,16,0,0,
demand: 79:234,3,163,18,101,:0,9,3,5,0,
demand: 197:90,3,163,18,53,62,:0,12,7,14,19,0,
demand: 221:99,147,16,9,161,147,161,9,118,18,163,3,147,161,150,56,9,25,118,:0,4,20,6,2,3,0,13,10,15,19,12,8,1,14,18,11,7,0,
demand: 224:130,161,147,114,161,147,114,18,118,46,161,147,114,56,150,161,147,167,:0,15,16,9,3,18,14,0,4,8,12,7,2,19,5,0,13,0,
demand: 63:46,147,114,56,150,114,147,170,3,128,:0,6,4,7,20,16,14,17,0,0,
demand: 362:78,9,25,114,56,150,114,56,150,114,56,150,114,25,9,:0,2,17,16,10,8,14,4,1,6,19,13,15,0,0,
demand: 626:173,114,56,114,150,114,56,176,8,114,150,8,114,150,8,114,25,9,54,:0,1,20,0,19,17,12,6,10,15,7,2,5,18,11,16,9,0,0,
demand: 891:223,34,114,25,128,34,46,128,34,46,128,34,46,128,34,46,128,76,145,221,:0,17,18,13,19,15,7,5,20,6,3,12,9,1,16,4,14,10,11,0,
demand: 121:55,66,213,56,176,225,:0,14,5,6,0,0,
demand: 652:156,43,34,66,213,56,176,8,76,145,213,66,34,43,46,25,:0,2,7,8,6,10,18,15,3,11,17,1,5,20,4,19,
demand: 753:113,34,66,25,128,76,145,213,56,176,8,76,128,25,46,43,34,89,232,66,25,46,12,208,:0,2,9,4,14,15,1,11,0,3,12,10,20,19,17,18,6,8,13,16,7,5,0,0,
demand: 6:197,56,145,213,170,232,66,219,186,80,:0,9,18,8,19,5,6,17,0,0,
demand: 312:64,46,43,143,:0,15,17,0,
demand: 391:210,145,232,66,219,34,89,30,:0,19,3,20,12,6,2,0,
demand: 883:201,34,89,232,170,213,25,170,213,46,89,232,170,8,76,182,128,3,233,:0,12,8,9,7,3,2,17,19,5,11,14,13,18,4,1,6,0,0,
demand: 86:247,46,89,176,8,176,221,:0,4,11,6,1,0,0,
demand: 356:192,66,213,76,182,128,43,80,:0,18,14,19,12,9,11,0,
demand: 526:101,232,8,170,25,66,219,232,8,170,182,128,43,232,8,182,76,182,128,43,232,8,13,187,:0,18,9,2,0,15,6,11,4,7,13,14,20,3,12,1,19,0,16,5,8,10,0,0,
demand: 768:1,213,25,170,182,8,114,25,182,8,151,:0,3,0,13,11,20,0,2,9,16,0,
demand: 471:88,8,46,89,176,219,141,:0,17,16,18,13,11,0,
Average Delay: 13.20253164556962
Runtime (mS): 290469Acceptation rate: 0.9875