61, 69, 39, 67, 83, 14, 50, 3, 7, 69, 8, 36, 92, 
68, 17, 61, 17, 68, 58, 99, 36, 68, 88, 93, 6, 30, 61, 83, 16, 
7, 93, 45, 71, 2, 12, 45, 71, 2, 12, 45, 17, 61, 88, 39, 28, 91, 
71, 99, 58, 3, 67, 71, 58, 45, 71, 30, 6, 11, 
12, 45, 71, 2, 7, 17, 67, 71, 2, 7, 
45, 12, 2, 47, 8, 59, 
2, 12, 39, 28, 2, 7, 12, 22, 5, 2, 45, 12, 50, 45, 93, 67, 47, 41, 98, 22, 98, 
3, 97, 22, 98, 58, 99, 17, 47, 41, 98, 22, 94, 42, 21, 46, 42, 85, 
42, 71, 94, 65, 97, 88, 61, 
41, 97, 65, 13, 
21, 30, 94, 99, 21, 46, 97, 65, 94, 11, 99, 
46, 11, 53, 70, 17, 11, 1, 32, 
14, 98, 97, 46, 
38, 6, 30, 6, 90, 18, 
11, 94, 65, 94, 22, 56, 38, 14, 98, 56, 38, 14, 46, 38, 86, 
22, 21, 53, 70, 56, 90, 6, 70, 53, 56, 90, 6, 49, 
47, 41, 8, 
21, 90, 63, 4, 42, 28, 1, 
4, 63, 28, 20, 42, 28, 42, 21, 79, 24, 92, 
79, 16, 4, 70, 63, 44, 84, 20, 16, 1, 75, 
98, 20, 16, 79, 6, 44, 84, 20, 92, 20, 41, 92, 65, 16, 45, 
84, 44, 60, 92, 65, 4, 25, 8, 60, 94, 71, 25, 63, 70, 25, 43, 
53, 60, 96, 18, 87, 18, 96, 53, 87, 89, 
25, 87, 50, 
96, 44, 84, 
96, 18, 40, 18, 96, 84, 77, 81, 65, 
81, 77, 57, 36, 
77, 81, 40, 14, 77, 65, 97, 48, 
33, 37, 38, 
92, 77, 81, 79, 57, 77, 76, 28, 40, 81, 94, 77, 57, 40, 18, 13, 
60, 40, 81, 79, 57, 58, 
54, 37, 33, 54, 25, 79, 57, 40, 81, 54, 37, 33, 11, 77, 28, 39, 
40, 57, 37, 43, 
40, 21, 37, 92, 77, 76, 40, 81, 79, 57, 40, 18, 33, 54, 16, 33, 32, 
37, 33, 37, 21, 40, 76, 77, 57, 77, 76, 77, 99, 
40, 14, 33, 87, 33, 54, 97, 64, 
40, 76, 77, 41, 81, 54, 37, 57, 54, 37, 17, 
97, 54, 37, 57, 70, 33, 54, 37, 54, 18, 96, 
77, 54, 33, 54, 81, 94, 77, 92, 74, 
33, 14, 60, 
77, 94, 81, 54, 57, 37, 77, 94, 81, 54, 57, 37, 76, 64, 33, 70, 48, 
37, 76, 64, 81, 35, 66, 
35, 99, 
76, 64, 33, 32, 40, 90, 
76, 37, 48, 35, 81, 64, 10, 76, 28, 80, 
76, 32, 48, 35, 52, 64, 10, 76, 32, 40, 53, 10, 64, 100, 100, 100, 12, 23, 
100, 100, 100, 100, 76, 32, 
10, 26, 35, 74, 
10, 26, 35, 52, 64, 100, 100, 100, 100, 64, 73, 
10, 26, 35, 52, 64, 52, 35, 52, 64, 80, 
48, 32, 52, 26, 35, 100, 100, 35, 32, 24, 
48, 32, 52, 26, 10, 20, 52, 32, 48, 89, 26, 10, 49, 
32, 52, 47, 100, 100, 35, 48, 89, 26, 52, 99, 
10, 53, 40, 32, 26, 52, 26, 89, 83, 
35, 32, 26, 89, 48, 37, 26, 60, 4, 
26, 18, 
26, 32, 33, 64, 26, 53, 10, 20, 89, 37, 26, 60, 10, 6, 32, 18, 48, 84, 89, 84, 10, 1, 32, 19, 52, 
10, 84, 48, 89, 60, 10, 84, 48, 37, 89, 80, 48, 70, 25, 89, 18, 48, 80, 89, 66, 17, 
8, 80, 89, 66, 45, 
66, 8, 80, 89, 66, 8, 80, 25, 13, 18, 
26, 89, 66, 8, 80, 8, 66, 13, 72, 89, 66, 81, 
66, 13, 72, 55, 18, 13, 72, 25, 80, 18, 
13, 72, 55, 18, 13, 25, 72, 55, 60, 75, 25, 72, 55, 60, 75, 66, 55, 18, 72, 89, 75, 1, 55, 47, 
75, 60, 55, 18, 13, 
12, 1, 75, 29, 72, 
1, 75, 29, 78, 72, 15, 
70, 5, 74, 43, 91, 59, 31, 8, 
28, 1, 32, 72, 
5, 74, 43, 91, 59, 31, 49, 19, 
70, 5, 74, 43, 9, 53, 
10, 9, 24, 62, 23, 51, 49, 19, 73, 34, 82, 5, 69, 
1, 95, 51, 49, 19, 73, 34, 82, 31, 59, 29, 60, 
67, 9, 24, 62, 23, 51, 95, 74, 23, 51, 49, 15, 59, 29, 74, 
15, 59, 10, 53, 
19, 49, 82, 34, 73, 23, 62, 24, 78, 21, 
12, 1, 73, 5, 82, 27, 78, 24, 71, 
84, 27, 82, 34, 82, 27, 86, 34, 86, 34, 73, 19, 23, 74, 43, 85, 15, 95, 
43, 9, 43, 85, 91, 59, 86, 34, 68, 
85, 9, 85, 51, 95, 51, 59, 31, 59, 91, 85, 28, 40, 
85, 91, 85, 82, 27, 78, 85, 48, 62, 
85, 38, 37, 
85, 82, 5, 70, 85, 85, 85, 85, 85, 15, 85, 91, 85, 85, 85, 85, 78, 38, 85, 15, 49, 82, 5, 70, 85, 49, 21, 
91, 85, 78, 85, 65, 
85, 85, 85, 91, 43, 85, 73, 85, 85, 34, 
85, 5, 70, 85, 85, 85, 62, 23, 62, 24, 78, 38, 85, 85, 91, 23, 85, 85, 73, 85, 27, 23, 85, 85, 91, 43, 85, 77, 41, 
85, 38, 85, 73, 85, 23, 34, 
85, 15, 85, 38, 82, 38, 85, 91, 85, 43, 74, 5, 82, 5, 74, 43, 85, 23, 74, 5, 38, 85, 70, 5, 82, 31, 85, 78, 38, 85, 85, 70, 5, 82, 31, 85, 15, 77, 85, 85, 91, 82, 91, 85, 38, 78, 27, 23, 85, 43, 74, 85, 55, 85, 85, 16, 
5, 38, 85, 23, 85, 70, 5, 82, 74, 85, 85, 74, 43, 85, 30, 85, 8, 85, 70, 5, 82, 99, 
24, 78, 27, 5, 74, 5, 78, 27, 78, 27, 5, 74, 43, 100, 
78, 27, 78, 78, 27, 78, 27, 78, 78, 24, 26, 
15, 59, 15, 59, 53, 15, 15, 20, 15, 85, 15, 53, 15, 15, 65, 15, demand: 341:44,61,69,39,67,83,14,50,3,7,69,8,36,92,:0,4,9,11,15,10,0,8,7,12,5,0,13,0,
demand: 866:28,68,17,61,17,68,58,99,36,68,88,93,6,30,61,83,16,:0,15,12,3,0,7,2,6,5,8,11,13,0,1,9,4,0,
demand: 129:90,7,93,45,71,2,12,45,71,2,12,45,17,61,88,39,28,91,:0,5,10,13,12,2,7,15,6,14,11,1,0,4,8,3,0,0,
demand: 231:25,71,99,58,3,67,71,58,45,71,30,6,11,:0,13,10,0,3,9,14,8,7,11,5,0,0,
demand: 503:50,12,45,71,2,7,17,67,71,2,7,:0,15,7,13,14,0,5,3,12,1,0,
demand: 453:90,45,12,2,47,8,59,:0,15,6,12,11,0,0,
demand: 90:71,2,12,39,28,2,7,12,22,5,2,45,12,50,45,93,67,47,41,98,22,98,:0,0,12,9,0,8,0,13,6,0,15,0,1,0,2,3,4,11,7,14,5,0,
demand: 844:25,3,97,22,98,58,99,17,47,41,98,22,94,42,21,46,42,85,:0,9,5,6,11,0,3,4,7,1,12,15,10,13,2,8,14,0,
demand: 575:28,42,71,94,65,97,88,61,:0,7,9,6,15,5,0,0,
demand: 823:92,41,97,65,13,:0,13,8,0,0,
demand: 542:9,21,30,94,99,21,46,97,65,94,11,99,:0,2,4,10,3,6,15,13,12,8,14,0,
demand: 963:74,46,11,53,70,17,11,1,32,:0,15,13,12,7,3,1,0,0,
demand: 803:50,14,98,97,46,:0,11,9,8,0,
demand: 836:36,38,6,30,6,90,18,:0,13,0,3,7,15,0,
demand: 931:53,11,94,65,94,22,56,38,14,98,56,38,14,46,38,86,:0,5,0,13,9,4,7,10,12,3,2,14,1,8,15,0,
demand: 597:37,22,21,53,70,56,90,6,70,53,56,90,6,49,:0,4,9,7,6,15,11,8,13,2,10,12,14,0,
demand: 255:67,47,41,8,:0,5,3,0,
demand: 66:42,21,90,63,4,42,28,1,:0,4,10,1,13,3,12,0,
demand: 676:44,4,63,28,20,42,28,42,21,79,24,92,:0,14,8,2,13,5,12,0,3,11,0,0,
demand: 904:89,79,16,4,70,63,44,84,20,16,1,75,:0,14,2,11,5,6,13,1,10,15,0,0,
demand: 480:24,98,20,16,79,6,44,84,20,92,20,41,92,65,16,45,:0,4,1,13,15,10,2,11,0,12,8,9,6,3,5,0,
demand: 60:89,84,44,60,92,65,4,25,8,60,94,71,25,63,70,25,43,:0,6,15,12,14,9,10,1,0,11,4,0,2,8,3,13,0,
demand: 320:2,53,60,96,18,87,18,96,53,87,89,:0,4,7,2,12,6,0,15,9,14,0,
demand: 265:80,25,87,50,:0,9,15,0,
demand: 166:40,96,44,84,:0,8,10,0,
demand: 906:4,96,18,40,18,96,84,77,81,65,:0,0,12,1,7,6,10,13,8,0,
demand: 56:79,81,77,57,36,:0,13,12,11,0,
demand: 309:35,77,81,40,14,77,65,97,48,:0,6,2,12,5,8,4,0,0,
demand: 428:87,33,37,38,:0,6,8,0,
demand: 813:4,92,77,81,79,57,77,76,28,40,81,94,77,57,40,18,13,:0,9,2,12,4,13,11,14,5,7,1,3,6,8,15,0,0,
demand: 307:55,60,40,81,79,57,58,:0,5,8,12,3,13,0,
demand: 506:97,54,37,33,54,25,79,57,40,81,54,37,33,11,77,28,39,:0,8,6,15,1,4,9,12,14,13,5,7,2,3,10,0,0,
demand: 254:60,40,57,37,43,:0,15,7,14,0,
demand: 234:46,40,21,37,92,77,76,40,81,79,57,40,18,33,54,16,33,32,:0,7,3,1,9,12,2,8,15,0,14,13,0,10,5,4,11,0,
demand: 405:51,37,33,37,21,40,76,77,57,77,76,77,99,:0,11,1,0,3,8,5,0,7,13,12,0,0,
demand: 609:53,40,14,33,87,33,54,97,64,:0,7,3,0,9,5,15,0,0,
demand: 495:20,40,76,77,41,81,54,37,57,54,37,17,:0,4,15,2,3,5,11,8,7,1,12,0,
demand: 293:65,97,54,37,57,70,33,54,37,54,18,96,:0,0,7,12,14,3,15,13,11,0,0,0,
demand: 351:41,77,54,33,54,81,94,77,92,74,:0,9,14,12,0,5,0,7,0,0,
demand: 169:70,33,14,60,:0,12,0,0,
demand: 614:2,77,94,81,54,57,37,77,94,81,54,57,37,76,64,33,70,48,:0,1,0,15,2,10,13,14,0,12,4,0,6,7,11,5,0,0,
demand: 370:38,37,76,64,81,35,66,:0,11,9,7,14,10,0,
demand: 858:81,35,99,:0,5,0,
demand: 146:10,76,64,33,32,40,90,:0,7,10,9,14,8,0,
demand: 611:96,76,37,48,35,81,64,10,76,28,80,:0,8,4,14,12,6,7,10,11,3,0,
demand: 992:10,76,32,48,35,52,64,10,76,32,40,53,10,64,100,100,100,12,23,:0,7,4,14,9,10,5,13,15,2,0,3,8,11,12,1,6,0,0,
demand: 508:44,100,100,100,100,76,32,:0,11,2,7,4,0,0,
demand: 693:93,10,26,35,74,:0,7,5,15,0,
demand: 250:20,10,26,35,52,64,100,100,100,100,64,73,:0,6,9,14,1,7,13,12,4,11,0,0,
demand: 261:4,10,26,35,52,64,52,35,52,64,80,:0,1,13,15,5,4,0,6,9,8,0,
demand: 598:18,48,32,52,26,35,100,100,35,32,24,:0,7,13,6,9,8,1,5,10,2,0,
demand: 801:16,48,32,52,26,10,20,52,32,48,89,26,10,49,:0,8,5,11,14,2,3,15,7,9,10,4,0,0,
demand: 879:40,32,52,47,100,100,35,48,89,26,52,99,:0,12,10,3,13,2,4,15,14,9,5,0,
demand: 326:19,10,53,40,32,26,52,26,89,83,:0,10,0,0,6,7,8,0,14,0,
demand: 6:30,35,32,26,89,48,37,26,60,4,:0,13,11,9,14,10,0,1,3,0,
demand: 438:15,26,18,:0,11,0,
demand: 57:60,26,32,33,64,26,53,10,20,89,37,26,60,10,6,32,18,48,84,89,84,10,1,32,19,52,:0,5,1,0,2,9,0,13,0,15,0,8,0,12,3,10,0,14,0,11,0,6,0,4,0,0,
demand: 23:44,10,84,48,89,60,10,84,48,37,89,80,48,70,25,89,18,48,80,89,66,17,:0,4,0,5,10,0,7,0,9,0,1,11,6,0,3,8,0,2,13,15,12,0,
demand: 242:44,8,80,89,66,45,:0,1,8,0,15,0,
demand: 525:98,66,8,80,89,66,8,80,25,13,18,:0,1,7,13,0,12,5,4,0,9,0,
demand: 150:32,26,89,66,8,80,8,66,13,72,89,66,81,:0,0,0,2,10,5,0,14,12,13,0,15,0,
demand: 283:75,66,13,72,55,18,13,72,25,80,18,:0,4,11,13,1,0,10,5,0,6,0,
demand: 547:70,13,72,55,18,13,25,72,55,60,75,25,72,55,60,75,66,55,18,72,89,75,1,55,47,:0,1,13,7,0,15,0,4,12,0,8,0,6,2,0,11,0,5,0,3,0,10,14,9,0,
demand: 908:64,75,60,55,18,13,:0,14,0,6,0,0,
demand: 252:23,12,1,75,29,72,:0,0,3,13,7,0,
demand: 366:97,1,75,29,78,72,15,:0,7,0,9,12,2,0,
demand: 942:53,70,5,74,43,91,59,31,8,:0,0,7,13,12,2,1,3,0,
demand: 312:40,28,1,32,72,:0,0,5,0,0,
demand: 929:38,5,74,43,91,59,31,49,19,:0,15,1,13,7,10,11,5,0,
demand: 946:48,70,5,74,43,9,53,:0,0,6,5,12,11,0,
demand: 736:19,10,9,24,62,23,51,49,19,73,34,82,5,69,:0,0,11,4,6,14,2,13,12,9,10,1,0,0,
demand: 454:73,1,95,51,49,19,73,34,82,31,59,29,60,:0,1,6,8,14,2,5,15,10,7,9,4,0,
demand: 769:3,67,9,24,62,23,51,95,74,23,51,49,15,59,29,74,:0,0,11,8,13,12,6,7,10,15,9,3,5,2,0,0,
demand: 236:67,15,59,10,53,:0,4,10,0,0,
demand: 688:54,19,49,82,34,73,23,62,24,78,21,:0,2,1,11,6,15,7,4,3,13,0,
demand: 600:50,12,1,73,5,82,27,78,24,71,:0,0,1,15,8,14,11,6,13,0,
demand: 162:48,84,27,82,34,82,27,86,34,86,34,73,19,23,74,43,85,15,95,:0,0,12,11,14,0,2,10,5,7,0,13,9,3,1,15,4,8,0,
demand: 459:100,43,9,43,85,91,59,86,34,68,:0,0,14,3,7,8,15,2,0,0,
demand: 315:88,9,85,51,95,51,59,31,59,91,85,28,40,:0,9,13,0,11,3,0,10,0,0,2,0,0,
demand: 183:100,82,27,78,85,48,62,:0,0,9,0,6,0,0,
demand: 574:78,85,38,37,:0,2,0,0,
demand: 404:78,49,21,:0,9,0,
demand: 388:75,91,85,78,85,65,:0,0,8,1,12,0,
demand: 214:31,85,34,:0,8,0,
demand: 943:73,85,91,43,85,77,41,:0,12,1,0,13,0,0,
demand: 377:56,38,85,73,85,23,34,:0,0,6,15,10,3,0,
demand: 512:7,85,16,:0,8,0,
demand: 884:47,8,85,70,5,82,99,:0,0,5,0,0,9,0,
demand: 264:34,5,74,43,100,:0,15,0,0,0,
demand: 295:22,78,24,26,:0,14,0,0,
Average Delay: 10.177777777777777
Runtime (mS): 12990Acceptation rate: 0.45