49, 189, 187, 169, 189, 243, 185, 160, 244, 49, 177, 129, 75, 187, 120, 
158, 38, 169, 75, 48, 158, 103, 70, 2, 174, 75, 47, 78, 
21, 47, 69, 236, 129, 177, 152, 113, 75, 218, 1, 14, 42, 229, 
158, 103, 14, 113, 152, 24, 38, 21, 227, 246, 
218, 113, 152, 188, 189, 48, 188, 189, 49, 
228, 169, 42, 129, 184, 69, 244, 228, 42, 5, 59, 
243, 184, 227, 205, 60, 58, 166, 124, 
185, 205, 244, 75, 58, 60, 58, 166, 117, 32, 190, 160, 202, 185, 174, 117, 70, 203, 202, 27, 70, 141, 
103, 188, 203, 70, 103, 65, 32, 60, 86, 203, 230, 
202, 27, 47, 78, 152, 203, 202, 27, 246, 65, 32, 190, 203, 10, 
65, 32, 117, 188, 203, 86, 246, 65, 236, 184, 65, 190, 117, 32, 202, 86, 143, 
79, 203, 70, 166, 117, 190, 203, 86, 246, 79, 7, 81, 
190, 65, 86, 246, 27, 246, 227, 221, 86, 246, 79, 248, 65, 
190, 32, 79, 248, 221, 55, 79, 248, 221, 60, 92, 221, 86, 92, 55, 185, 190, 203, 79, 248, 241, 
55, 248, 221, 55, 105, 212, 55, 105, 212, 17, 92, 55, 105, 212, 133, 117, 174, 105, 2, 212, 26, 92, 60, 
105, 2, 133, 74, 41, 55, 2, 133, 74, 41, 212, 133, 134, 195, 223, 242, 134, 133, 74, 11, 132, 
2, 64, 134, 133, 74, 41, 92, 26, 74, 11, 165, 
134, 64, 244, 
223, 195, 134, 64, 2, 242, 142, 
134, 195, 223, 186, 41, 74, 26, 156, 
1, 201, 28, 233, 
1, 201, 195, 30, 41, 186, 223, 242, 2, 64, 242, 201, 195, 30, 41, 186, 30, 195, 122, 
195, 201, 242, 2, 133, 74, 26, 30, 186, 7, 128, 
201, 1, 108, 223, 242, 64, 130, 194, 108, 223, 228, 
30, 186, 10, 194, 108, 30, 186, 10, 194, 108, 233, 64, 130, 194, 77, 134, 30, 26, 157, 
1, 108, 194, 130, 194, 10, 194, 130, 194, 108, 194, 10, 148, 155, 201, 195, 223, 19, 64, 130, 194, 10, 148, 112, 
201, 1, 201, 155, 148, 10, 194, 77, 164, 116, 26, 143, 
155, 201, 242, 155, 19, 26, 157, 74, 44, 82, 164, 77, 12, 19, 202, 78, 
1, 77, 164, 82, 201, 44, 59, 
44, 82, 214, 201, 82, 164, 77, 164, 171, 
19, 26, 157, 19, 26, 116, 194, 77, 12, 19, 132, 12, 233, 214, 142, 214, 201, 
134, 44, 82, 214, 3, 
2, 10, 116, 130, 233, 101, 
157, 132, 19, 12, 233, 12, 132, 142, 116, 26, 172, 
1, 238, 222, 234, 
74, 157, 132, 142, 116, 130, 142, 185, 
186, 142, 214, 29, 222, 238, 44, 63, 207, 222, 238, 44, 82, 29, 148, 82, 29, 40, 13, 114, 
84, 223, 172, 241, 30, 77, 132, 29, 40, 172, 241, 248, 243, 
77, 63, 207, 241, 172, 26, 116, 241, 172, 40, 168, 214, 119, 
84, 22, 142, 149, 
148, 84, 44, 10, 207, 63, 194, 116, 106, 
132, 151, 
200, 63, 207, 164, 172, 40, 19, 22, 84, 226, 16, 222, 96, 144, 
127, 29, 16, 226, 74, 16, 226, 168, 82, 22, 238, 16, 127, 96, 73, 200, 96, 127, 83, 
73, 96, 127, 16, 168, 226, 84, 148, 127, 193, 73, 15, 
22, 96, 73, 12, 
16, 226, 40, 172, 
200, 22, 238, 193, 127, 168, 22, 96, 193, 222, 96, 23, 
110, 241, 207, 110, 168, 82, 207, 110, 26, 136, 183, 8, 110, 26, 136, 127, 193, 136, 241, 137, 193, 117, 166, 
63, 200, 77, 136, 124, 200, 22, 96, 193, 137, 183, 107, 136, 124, 159, 51, 9, 
157, 132, 159, 110, 233, 216, 122, 249, 154, 183, 137, 241, 216, 154, 249, 9, 161, 53, 51, 249, 122, 2, 62, 
154, 249, 107, 147, 161, 154, 53, 216, 
29, 67, 18, 118, 67, 194, 
9, 161, 110, 67, 18, 122, 67, 207, 
1, 3, 67, 200, 73, 
172, 67, 200, 124, 118, 193, 96, 73, 53, 87, 
96, 193, 118, 67, 172, 51, 9, 216, 53, 161, 236, 
200, 67, 18, 226, 53, 161, 9, 161, 53, 161, 147, 74, 11, 
118, 107, 147, 161, 53, 161, 147, 161, 110, 67, 110, 161, 
18, 67, 110, 161, 163, 118, 18, 163, 118, 18, 163, 118, 18, 163, 118, 9, 51, 53, 18, 40, 
18, 163, 18, 118, 18, 163, 51, 9, 51, 147, 161, 163, 18, 118, 9, 51, 163, 161, 147, 18, 150, 163, 161, 147, 3, 163, 86, 
3, 147, 114, 163, 3, 147, 243, 
114, 163, 3, 147, 114, 56, 150, 114, 56, 9, 25, 130, 
147, 3, 128, 34, 114, 56, 2, 105, 
118, 46, 241, 
3, 163, 114, 56, 150, 114, 56, 150, 114, 56, 150, 3, 101, 
3, 150, 56, 176, 8, 76, 145, 56, 150, 114, 143, 
46, 128, 34, 46, 128, 34, 46, 114, 150, 3, 128, 34, 46, 11, 74, 
46, 34, 66, 213, 145, 56, 176, 8, 76, 145, 213, 66, 34, 99, 
3, 150, 8, 76, 145, 213, 66, 34, 128, 46, 25, 128, 46, 25, 128, 76, 145, 56, 176, 8, 176, 185, 
46, 128, 46, 34, 114, 150, 8, 76, 8, 150, 8, 76, 128, 3, 1, 123, 
46, 25, 128, 29, 
56, 176, 56, 145, 56, 176, 219, 66, 25, 46, 25, 128, 76, 128, 25, 227, 
145, 232, 66, 25, 170, 150, 8, 232, 66, 25, 170, 150, 185, 
66, 25, 170, 61, 
46, 43, 34, 89, 232, 8, 179, 
34, 43, 46, 89, 34, 43, 150, 8, 232, 66, 232, 8, 150, 170, 25, 170, 229, 
34, 43, 232, 66, 219, 176, 89, 232, 8, 170, 212, 
145, 232, 170, 
176, 219, 66, 76, 182, 170, 232, 200, 
176, 219, 66, 219, 176, 219, 76, 182, 170, 8, 182, 76, 219, 176, 89, 34, 43, 34, 89, 232, 170, 8, 217, 
213, 170, 8, 78, 
89, 34, 43, 176, 89, 34, 43, 232, 145, 232, 89, 213, 76, 182, 40, 172, 241, 
8, 170, 182, 145, 232, 89, 176, 43, 4, 66, 182, 213, 219, 76, 182, 213, 79, 
56, 213, 182, 219, 4, 43, 4, 66, 182, 219, 2, 43, 46, 213, 182, 13, 162, 182, 13, 213, 190, 182, 219, 44, 
13, 89, 162, 13, 31, 162, 13, 31, 162, 17, 141, 115, 162, 17, 141, 115, 85, 162, 17, 141, 152, 203, 
115, 141, 85, 115, 57, 81, 17, 75, 
17, 81, 57, 31, 131, 11, 229, 
61, 17, 81, 57, 31, 131, 11, 115, 85, 159, 
81, 85, 31, 145, 57, 31, 131, 11, 115, 57, 52, 11, 61, 17, 11, 52, 46, 95, 
81, 216, 
57, 52, 17, 139, 61, 131, 85, 81, 139, 61, 228, 182, 57, 52, 110, 
81, 85, 115, 11, 52, 139, 61, 139, 158, 
139, 52, 156, 131, 160, 
245, 239, 131, 52, 156, 239, 61, 139, 180, 239, 156, 111, 245, 239, 156, 111, 245, 239, 158, 103, 
78, 156, 111, 180, 220, 146, 197, 180, 220, 146, 197, 180, 220, 30, 241, 
156, 111, 180, 197, 146, 220, 78, 197, 146, 245, 78, 197, 49, 146, 180, 152, 78, 220, 78, 87, 239, 245, 
4, 250, 250, 250, 83, 23, 78, 87, 39, 144, 125, 206, 80, 234, 146, 197, 33, 197, 146, 123, 121, 37, 246, 
4, 250, 83, 23, 35, 204, 125, 144, 39, 87, 210, 209, 50, 234, 80, 206, 125, 144, 39, 87, 53, 216, 
66, 4, 99, 72, 211, 106, 234, 80, 206, 125, 204, 35, 23, 83, 215, 208, 178, 54, 28, 235, 179, 8, 100, 
182, 219, 4, 99, 72, 211, 106, 158, 
5, 59, 35, 204, 125, 144, 39, 87, 210, 209, 11, 115, 
71, 231, 28, 54, 178, 208, 215, 83, 20, 151, 247, 5, 59, 35, 204, 125, 206, 158, 
5, 247, 151, 20, 83, 215, 208, 178, 33, 62, 5, 247, 151, 20, 83, 36, 95, 198, 179, 235, 25, 9, 
208, 206, 125, 144, 210, 
208, 178, 56, 
126, 104, 209, 50, 231, 71, 199, 52, 
5, 62, 33, 153, 179, 235, 230, 110, 
230, 235, 245, 
5, 59, 35, 49, 146, 
5, 126, 104, 211, 72, 99, 237, 72, 99, 237, 71, 228, 
215, 50, 223, 
15, 62, 89, 
5, 126, 104, 209, 50, 231, 121, 37, 95, 198, 179, 153, 33, 65, 
143, 206, 80, 102, 45, 36, 95, 18, 
54, 37, 121, 231, 175, 50, 237, 68, 106, 212, 
4, 99, 237, 68, 209, 104, 123, 121, 37, 95, 198, 179, 235, 215, 
149, 102, 45, 36, 95, 149, 102, 45, 36, 39, 143, 206, 126, 123, 32, 
153, 179, 198, 95, 36, 45, 36, 95, 149, 167, 196, 240, 151, 33, 153, 179, 235, 230, 235, 179, 235, 244, 
123, 240, 196, 123, 121, 37, 173, 119, 229, 247, 99, 229, 247, 203, 188, 
94, 39, 140, 171, 199, 225, 94, 37, 95, 101, 
173, 37, 94, 225, 199, 71, 15, 171, 199, 225, 94, 24, 59, 35, 112, 185, 174, 
7, 87, 119, 173, 37, 224, 28, 175, 59, 24, 224, 167, 196, 240, 120, 144, 39, 
247, 229, 119, 173, 192, 54, 140, 171, 192, 173, 68, 237, 72, 210, 45, 24, 112, 98, 210, 228, 
35, 204, 101, 125, 204, 35, 7, 189, 
7, 87, 98, 112, 62, 7, 90, 101, 33, 190, 
179, 198, 179, 153, 93, 123, 90, 101, 167, 143, 117, 174, 
93, 123, 90, 7, 138, 120, 240, 151, 138, 125, 204, 100, 247, 120, 93, 80, 15, 224, 37, 94, 
138, 125, 6, 192, 109, 199, 6, 181, 135, 208, 240, 6, 181, 140, 54, 93, 
33, 6, 181, 123, 6, 71, 34, 35, 
6, 181, 112, 6, 71, 231, 6, 68, 191, 235, 6, 181, 237, 88, 165, 97, 123, 90, 
6, 181, 123, 6, 217, 91, 198, 143, 181, 62, 88, 237, 72, 234, 88, 165, 84, 148, 
88, 165, 11, 135, 
88, 234, 72, 210, 135, 181, 91, 217, 112, 98, 83, 217, 91, 191, 235, 175, 102, 
7, 88, 36, 121, 181, 135, 104, 88, 165, 97, 91, 235, 175, 59, 88, 234, 23, 91, 217, 88, 19, 
123, 6, 33, 91, 18, 
104, 165, 95, 91, 191, 100, 99, 217, 135, 100, 191, 235, 240, 100, 204, 239, 245, 
7, 191, 100, 204, 35, 59, 196, 217, 135, 242, 
234, 88, 217, 135, 181, 91, 153, 119, 173, 157, 35, 
2, 24, 97, 165, 11, 135, 143, 39, 
91, 191, 100, 191, 91, 191, 100, 225, 
87, 39, 191, 140, 91, 153, 217, 109, 97, 91, 109, 97, 39, 
17, 94, 165, 97, 109, 125, 88, 165, 97, 109, 217, 135, 100, 91, 191, 235, 230, 
94, 165, 100, 135, 217, 102, 191, 135, 97, 91, 109, 235, 191, 206, 100, 204, 135, 206, 109, 95, 165, 243, 
165, 217, 109, 95, 165, 88, 165, 97, 91, 140, 84, 165, 97, 109, 217, 140, 171, 97, 165, 224, 100, 157, 97, 224, 171, 140, 121, 165, 100, demand: 652:197,49,189,187,169,189,243,185,160,244,49,177,129,75,187,120,:0,8,1,6,14,18,9,16,19,2,13,4,12,20,15,0,
demand: 598:20,158,38,169,75,48,158,103,70,2,174,75,47,78,:0,15,11,1,14,5,17,19,16,0,2,10,18,0,
demand: 244:137,21,47,69,236,129,177,152,113,75,218,1,14,42,229,:0,8,11,7,9,15,12,3,13,4,14,0,6,0,0,
demand: 307:128,158,103,14,113,152,24,38,21,227,246,:0,10,0,5,14,2,0,8,11,3,0,
demand: 458:219,218,113,152,188,189,48,188,189,49,:0,17,0,2,6,20,18,8,0,0,
demand: 713:53,228,169,42,129,184,69,244,228,42,5,59,:0,8,20,2,15,5,4,10,19,7,0,0,
demand: 739:88,243,184,227,205,60,58,166,124,:0,20,17,6,18,7,16,5,0,
demand: 138:119,185,205,244,75,58,60,58,166,117,32,190,160,202,185,174,117,70,203,202,27,70,141,:0,15,16,1,20,18,6,0,17,7,19,8,11,2,4,13,3,14,9,12,5,10,0,
demand: 223:93,103,188,203,70,103,65,32,60,86,203,230,:0,15,14,8,0,4,2,3,11,9,6,0,
demand: 987:19,202,27,47,78,152,203,202,27,246,65,32,190,203,10,:0,12,5,20,0,4,11,7,19,17,1,16,18,2,0,
demand: 500:246,65,32,117,188,203,86,246,65,236,184,65,190,117,32,202,86,143,:0,19,3,11,10,1,18,13,2,20,4,12,6,17,16,14,8,0,
demand: 331:226,79,203,70,166,117,190,203,86,246,79,7,81,:0,17,2,0,10,4,18,0,3,5,8,0,0,
demand: 139:101,190,65,86,246,27,246,227,221,86,246,79,248,65,:0,11,16,17,6,4,0,15,7,9,0,8,1,0,
demand: 219:182,190,32,79,248,221,55,79,248,221,60,92,221,86,92,55,185,190,203,79,248,241,:0,10,0,8,9,6,1,5,13,18,15,19,3,2,11,17,20,4,0,16,14,0,
demand: 655:104,55,248,221,55,105,212,55,105,212,17,92,55,105,212,133,117,174,105,2,212,26,92,60,:0,16,18,2,14,3,1,10,19,13,0,7,11,9,6,5,0,20,8,0,4,0,17,0,
demand: 551:82,105,2,133,74,41,55,2,133,74,41,212,133,134,195,223,242,134,133,74,11,132,:0,14,19,12,1,15,16,5,18,17,9,20,6,3,8,11,7,10,4,13,0,0,
demand: 538:70,2,64,134,133,74,41,92,26,74,11,165,:0,9,5,12,4,7,11,16,13,2,0,0,
demand: 757:112,134,64,244,:0,10,16,0,
demand: 245:186,223,195,134,64,2,242,142,:0,9,15,18,1,10,13,0,
demand: 413:22,134,195,223,186,41,74,26,156,:0,5,7,16,2,17,4,13,0,
demand: 30:206,1,201,28,233,:0,10,12,0,0,
demand: 399:238,1,201,195,30,41,186,223,242,2,64,242,201,195,30,41,186,30,195,122,:0,19,10,6,1,12,17,7,14,4,13,16,5,20,18,2,11,9,8,0,
demand: 735:53,195,201,242,2,133,74,26,30,186,7,128,:0,7,19,3,14,10,0,9,4,20,0,0,
demand: 887:82,201,1,108,223,242,64,130,194,108,223,228,:0,0,9,16,10,14,7,3,6,1,13,0,
demand: 926:41,30,186,10,194,108,30,186,10,194,108,233,64,130,194,77,134,30,26,157,:0,1,7,13,17,18,9,6,2,4,3,5,15,14,8,16,20,12,10,0,
demand: 179:3,1,108,194,130,194,10,194,130,194,108,194,10,148,155,201,195,223,19,64,130,194,10,148,112,:0,18,0,6,9,0,2,20,5,0,7,0,17,3,12,1,0,11,8,14,4,13,10,19,0,
demand: 415:163,201,1,201,155,148,10,194,77,164,116,26,143,:0,0,15,0,19,3,20,0,9,2,12,16,0,
demand: 211:84,155,201,242,155,19,26,157,74,44,82,164,77,12,19,202,78,:0,3,20,15,9,17,8,19,11,5,16,7,10,2,18,0,0,
demand: 104:136,1,77,164,82,201,44,59,:0,18,17,6,2,4,12,0,
demand: 354:175,44,82,214,201,82,164,77,164,171,:0,6,7,16,15,4,3,10,0,0,
demand: 54:155,19,26,157,19,26,116,194,77,12,19,132,12,233,214,142,214,201,:0,10,4,17,8,20,7,13,11,12,6,18,19,16,5,3,0,0,
demand: 627:152,134,44,82,214,3,:0,20,17,0,19,0,
demand: 436:24,2,10,116,130,233,101,:0,20,13,19,14,4,0,
demand: 849:135,157,132,19,12,233,12,132,142,116,26,172,:0,9,7,10,0,19,8,2,18,14,15,0,
demand: 311:3,1,238,222,234,:0,4,6,16,0,
demand: 465:177,74,157,132,142,116,130,142,185,:0,13,3,9,4,8,1,2,0,
demand: 429:230,186,142,214,29,222,238,44,63,207,222,238,44,82,29,148,82,29,40,13,114,:0,10,17,20,8,3,16,1,12,7,19,6,14,15,2,13,11,9,5,0,0,
demand: 706:15,84,223,172,241,30,77,132,29,40,172,241,248,243,:0,9,20,6,12,15,1,11,7,19,17,8,0,0,
demand: 165:102,77,63,207,241,172,26,116,241,172,40,168,214,119,:0,1,5,8,19,7,0,13,18,6,16,3,14,0,
demand: 608:23,84,22,142,149,:0,3,5,4,0,
demand: 485:194,148,84,44,10,207,63,194,116,106,:0,1,5,15,10,18,2,20,0,0,
demand: 989:65,132,151,:0,1,0,
demand: 60:124,200,63,207,164,172,40,19,22,84,226,16,222,96,144,:0,16,12,9,10,7,11,20,1,17,19,18,13,2,0,
demand: 281:228,127,29,16,226,74,16,226,168,82,22,238,16,127,96,73,200,96,127,83,:0,18,13,5,19,20,11,17,2,10,14,6,3,8,4,7,16,9,1,0,
demand: 177:200,73,96,127,16,168,226,84,148,127,193,73,15,:0,19,6,12,14,4,17,11,10,8,2,7,0,
demand: 567:210,22,96,73,12,:0,13,4,3,0,
demand: 403:80,16,226,40,172,:0,17,0,0,0,
demand: 521:158,200,22,238,193,127,168,22,96,193,222,96,23,:0,12,17,20,19,1,8,6,14,9,10,4,0,
demand: 954:222,110,241,207,110,168,82,207,110,26,136,183,8,110,26,136,127,193,136,241,137,193,117,166,:0,5,4,15,11,12,0,9,3,0,7,19,0,2,0,6,17,10,16,13,8,1,0,0,
demand: 393:153,63,200,77,136,124,200,22,96,193,137,183,107,136,124,159,51,9,:0,10,14,20,12,19,13,18,0,4,16,9,3,11,8,6,5,0,
demand: 448:173,157,132,159,110,233,216,122,249,154,183,137,241,216,154,249,9,161,53,51,249,122,2,62,:0,20,0,3,11,15,8,13,14,9,16,1,10,7,17,18,19,5,12,4,6,2,0,0,
demand: 218:16,154,249,107,147,161,154,53,216,:0,8,0,14,6,3,16,1,0,
demand: 3:133,29,67,18,118,67,194,:0,15,6,12,13,18,0,
demand: 141:236,9,161,110,67,18,122,67,207,:0,1,6,20,7,18,16,17,0,
demand: 875:238,1,3,67,200,73,:0,0,13,8,0,0,
demand: 248:133,172,67,200,124,118,193,96,73,53,87,:0,20,12,0,16,8,0,0,10,6,0,
demand: 367:17,96,193,118,67,172,51,9,216,53,161,236,:0,20,0,17,1,0,9,13,2,18,7,0,
demand: 663:90,200,67,18,226,53,161,9,161,53,161,147,74,11,:0,10,14,4,20,3,8,19,0,1,5,9,0,0,
demand: 873:131,118,107,147,161,53,161,147,161,110,67,110,161,:0,17,20,18,3,5,0,11,2,0,13,0,0,
demand: 405:229,18,67,110,161,163,118,18,163,118,18,163,118,18,163,118,9,51,53,18,40,:0,13,16,0,10,4,19,2,20,6,17,9,8,18,12,7,14,0,5,11,0,
demand: 910:241,18,163,18,118,18,163,51,9,51,147,161,163,18,118,9,51,163,161,147,18,150,163,161,147,3,163,86,:0,4,13,0,6,19,11,0,7,0,3,0,9,16,0,1,0,10,0,20,18,2,17,0,5,8,14,0,
demand: 269:162,3,147,114,163,3,147,243,:0,4,13,12,20,17,3,0,
demand: 871:229,114,163,3,147,114,56,150,114,56,9,25,130,:0,1,12,9,2,14,17,8,3,18,4,11,0,
demand: 82:240,147,3,128,34,114,56,2,105,:0,0,11,17,6,13,5,0,0,
demand: 711:9,118,46,241,:0,4,20,0,
demand: 971:79,3,163,114,56,150,114,56,150,114,56,150,3,101,:0,5,20,10,12,6,13,16,4,11,7,15,9,0,
demand: 660:22,3,150,56,176,8,76,145,56,150,114,143,:0,7,14,11,12,15,19,13,4,16,0,0,
demand: 499:109,46,128,34,46,128,34,46,114,150,3,128,34,46,11,74,:0,13,9,4,8,5,18,10,16,2,3,19,17,20,0,0,
demand: 905:196,46,34,66,213,145,56,176,8,76,145,213,66,34,99,:0,20,10,13,8,1,3,17,6,18,15,5,9,16,0,
demand: 591:1,3,150,8,76,145,213,66,34,128,46,25,128,46,25,128,76,145,56,176,8,176,185,:0,0,18,2,15,16,5,9,20,8,14,17,7,11,19,13,6,4,0,12,3,0,0,
demand: 313:34,46,128,46,34,114,150,8,76,8,150,8,76,128,3,1,123,:0,2,15,0,20,0,19,18,8,0,3,11,10,14,0,0,0,
demand: 723:52,46,25,128,29,:0,13,8,10,0,
demand: 511:104,56,176,56,145,56,176,219,66,25,46,25,128,76,128,25,227,:0,4,19,0,14,2,20,1,6,8,18,0,0,10,0,16,0,
demand: 845:172,145,232,66,25,170,150,8,232,66,25,170,150,185,:0,6,2,7,12,9,15,10,19,3,13,11,17,0,
demand: 776:26,66,25,170,61,:0,4,7,12,0,
demand: 976:184,46,43,34,89,232,8,179,:0,4,10,13,16,7,0,0,
demand: 888:138,34,43,46,89,34,43,150,8,232,66,232,8,150,170,25,170,229,:0,9,6,17,13,11,10,16,8,3,2,0,7,4,12,15,0,0,
demand: 604:71,34,43,232,66,219,176,89,232,8,170,212,:0,1,17,7,10,3,12,9,19,16,15,0,
demand: 428:132,145,232,170,:0,20,13,0,
demand: 210:171,176,219,66,76,182,170,232,200,:0,19,1,8,6,14,5,15,0,
demand: 216:127,176,219,66,219,176,219,76,182,170,8,182,76,219,176,89,34,43,34,89,232,170,8,217,:0,8,18,2,0,15,6,12,5,3,20,4,17,7,0,19,14,11,0,1,0,13,16,0,
demand: 380:242,213,170,8,78,:0,15,10,14,0,
demand: 50:58,89,34,43,176,89,34,43,232,145,232,89,213,76,182,40,172,241,:0,11,0,1,9,20,0,8,0,13,0,5,12,7,4,0,0,0,
demand: 672:18,8,170,182,145,232,89,176,43,4,66,182,213,219,76,182,213,79,:0,14,2,20,5,0,7,16,12,0,4,9,11,10,0,3,6,0,
demand: 929:51,56,213,182,219,4,43,4,66,182,219,2,43,46,213,182,13,162,182,13,213,190,182,219,44,:0,16,5,19,10,0,3,0,15,17,12,0,1,0,8,18,14,7,11,6,4,0,9,20,0,
demand: 925:76,13,89,162,13,31,162,13,31,162,17,141,115,162,17,141,115,85,162,17,141,152,203,:0,17,2,16,5,10,15,11,8,13,14,18,19,20,4,12,1,3,9,6,7,0,0,
demand: 167:1,115,141,85,115,57,81,17,75,:0,8,3,18,14,11,10,9,0,
demand: 714:174,17,81,57,31,131,11,229,:0,18,20,6,7,14,17,0,
demand: 84:228,61,17,81,57,31,131,11,115,85,159,:0,14,11,3,18,7,8,5,20,9,0,
demand: 934:15,81,85,31,145,57,31,131,11,115,57,52,11,61,17,11,52,46,95,:0,6,1,9,2,8,0,14,19,20,10,15,18,11,4,16,17,0,0,
demand: 909:88,81,216,:0,15,0,
demand: 783:98,57,52,17,139,61,131,85,81,139,61,228,182,57,52,110,:0,10,18,16,12,5,13,8,9,6,1,0,2,4,20,0,
demand: 404:226,81,85,115,11,52,139,61,139,158,:0,9,2,0,0,12,6,10,0,0,
demand: 599:45,139,52,156,131,160,:0,5,14,19,15,0,
demand: 712:137,245,239,131,52,156,239,61,139,180,239,156,111,245,239,156,111,245,239,158,103,:0,13,19,20,10,15,4,0,16,12,8,17,6,1,5,14,18,7,11,0,0,
demand: 85:27,78,156,111,180,220,146,197,180,220,146,197,180,220,30,241,:0,9,6,13,5,10,2,3,20,14,17,7,16,1,0,0,
demand: 656:126,156,111,180,197,146,220,78,197,146,245,78,197,49,146,180,152,78,220,78,87,239,245,:0,16,19,17,11,18,7,13,4,5,20,10,2,0,1,14,0,15,8,6,3,0,0,
demand: 665:186,4,250,250,250,83,23,78,87,39,144,125,206,80,234,146,197,33,197,146,123,121,37,246,:0,6,19,12,18,1,7,20,10,11,15,14,9,3,5,0,4,17,0,2,16,13,8,0,
demand: 250:99,4,250,83,23,35,204,125,144,39,87,210,209,50,234,80,206,125,144,39,87,53,216,:0,2,17,3,4,11,10,1,8,14,15,12,13,18,20,19,6,5,7,9,16,0,0,
demand: 820:123,66,4,99,72,211,106,234,80,206,125,204,35,23,83,215,208,178,54,28,235,179,8,100,:0,0,13,14,6,2,4,16,19,7,17,12,8,5,11,18,10,20,15,1,9,3,0,0,
demand: 78:170,182,219,4,99,72,211,106,158,:0,0,0,7,11,1,19,5,0,
demand: 533:75,5,59,35,204,125,144,39,87,210,209,11,115,:0,8,3,14,10,9,16,1,7,2,12,0,0,
demand: 816:34,71,231,28,54,178,208,215,83,20,151,247,5,59,35,204,125,206,158,:0,10,3,5,19,14,12,20,7,15,1,16,11,13,8,18,6,0,0,
demand: 923:79,5,247,151,20,83,215,208,178,33,62,5,247,151,20,83,36,95,198,179,235,25,9,:0,8,15,7,5,16,17,10,13,2,20,9,4,11,19,6,1,14,12,18,3,0,0,
demand: 734:240,208,206,125,144,210,:0,12,1,17,16,0,
demand: 517:215,208,178,56,:0,11,19,0,
demand: 105:156,126,104,209,50,231,71,199,52,:0,8,9,17,16,15,12,19,0,
demand: 824:38,5,62,33,153,179,235,230,110,:0,6,8,10,4,19,18,13,0,
demand: 192:186,230,235,245,:0,15,5,0,
demand: 144:141,5,59,35,49,146,:0,17,8,16,0,0,
demand: 595:8,5,126,104,211,72,99,237,72,99,237,71,228,:0,11,17,2,4,6,8,5,12,7,10,15,0,
demand: 593:150,215,50,223,:0,2,4,0,
demand: 904:81,15,62,89,:0,2,19,0,
demand: 233:71,5,126,104,209,50,231,121,37,95,198,179,153,33,65,:0,16,18,14,9,17,13,5,6,8,11,7,3,20,0,
demand: 895:39,143,206,80,102,45,36,95,18,:0,13,1,7,12,18,4,17,0,
demand: 113:175,54,37,121,231,175,50,237,68,106,212,:0,5,12,9,16,2,18,19,1,15,0,
demand: 277:119,4,99,237,68,209,104,123,121,37,95,198,179,235,215,:0,9,11,6,5,7,15,1,10,17,12,14,0,0,0,
demand: 872:167,149,102,45,36,95,149,102,45,36,39,143,206,126,123,32,:0,19,15,9,11,17,8,20,6,3,5,13,16,12,18,0,
demand: 688:9,153,179,198,95,36,45,36,95,149,167,196,240,151,33,153,179,235,230,235,179,235,244,:0,11,0,8,7,0,12,9,0,13,15,5,2,1,10,20,17,0,19,14,6,0,0,
demand: 191:159,123,240,196,123,121,37,173,119,229,247,99,229,247,203,188,:0,16,15,12,6,10,17,1,2,18,11,20,13,9,0,0,
demand: 600:216,94,39,140,171,199,225,94,37,95,101,:0,8,16,12,13,20,19,15,10,17,0,
demand: 142:1,173,37,94,225,199,71,15,171,199,225,94,24,59,35,112,185,174,:0,1,10,8,5,20,7,19,18,11,4,6,12,17,9,13,0,0,
demand: 693:128,7,87,119,173,37,224,28,175,59,24,224,167,196,240,120,144,39,:0,17,3,13,6,7,8,20,2,10,4,5,12,11,14,15,9,0,
demand: 630:26,247,229,119,173,192,54,140,171,192,173,68,237,72,210,45,24,112,98,210,228,:0,10,19,11,14,5,9,12,8,1,4,3,7,17,6,20,18,2,13,16,0,
demand: 612:59,35,204,101,125,204,35,7,189,:0,0,3,13,6,0,7,8,0,
demand: 171:207,7,87,98,112,62,7,90,101,33,190,:0,4,14,2,6,11,8,1,15,16,0,
demand: 760:153,179,198,179,153,93,123,90,101,167,143,117,174,:0,11,9,0,16,15,14,12,19,4,3,0,0,
demand: 751:146,93,123,90,7,138,120,240,151,138,125,204,100,247,120,93,80,15,224,37,94,:0,13,14,18,9,12,19,11,3,15,6,17,2,7,5,8,16,4,20,0,0,
demand: 326:142,138,125,6,192,109,199,6,181,135,208,240,6,181,140,54,93,:0,4,14,19,20,5,11,15,1,18,9,7,13,12,16,0,0,
demand: 876:62,33,6,181,123,6,71,34,35,:0,10,15,8,6,2,11,0,0,
demand: 552:57,6,181,112,6,71,231,6,68,191,235,6,181,237,88,165,97,123,90,:0,13,12,16,8,6,9,2,7,15,17,4,18,11,19,1,5,0,0,
demand: 292:246,6,181,123,6,217,91,198,143,181,62,88,237,72,234,88,165,84,148,:0,20,1,6,19,5,18,3,14,12,10,8,9,7,16,15,4,0,0,
demand: 779:27,88,165,11,135,:0,12,18,0,0,
demand: 467:39,88,234,72,210,135,181,91,217,112,98,83,217,91,191,235,175,102,:0,18,10,6,9,20,8,15,2,0,3,16,1,4,12,14,17,0,
demand: 42:141,7,88,36,121,181,135,104,88,165,97,91,235,175,59,88,234,23,91,217,88,19,:0,10,4,16,6,18,8,11,5,2,12,20,17,7,14,19,9,3,15,13,1,0,
demand: 810:93,123,6,33,91,18,:0,0,2,6,8,0,
demand: 298:109,104,165,95,91,191,100,99,217,135,100,191,235,240,100,204,239,245,:0,7,12,17,19,2,3,11,4,13,18,20,9,14,5,6,0,0,
demand: 158:169,7,191,100,204,35,59,196,217,135,242,:0,17,7,1,0,0,14,11,12,19,0,
demand: 447:223,234,88,217,135,181,91,153,119,173,157,35,:0,0,16,8,1,15,7,14,11,9,0,0,
demand: 122:72,2,24,97,165,11,135,143,39,:0,0,6,1,20,0,16,0,0,
demand: 869:245,91,191,100,191,91,191,100,225,:0,18,12,19,0,1,2,0,0,
demand: 931:25,87,39,191,140,91,153,217,109,97,91,109,97,39,:0,10,9,11,17,4,14,18,12,20,1,13,7,0,
demand: 304:61,17,94,165,97,109,125,88,165,97,109,217,135,100,91,191,235,230,:0,0,10,15,7,19,17,2,4,18,1,20,8,11,0,13,9,0,
demand: 136:174,94,165,100,135,217,102,191,135,97,91,109,235,191,206,100,204,135,206,109,95,165,243,:0,17,3,19,8,4,6,2,15,5,0,12,0,1,10,18,9,7,14,11,0,13,0,
Average Delay: 13.48611111111111
Runtime (mS): 391482Acceptation rate: 0.96