2, 13, 9, 4, 2, 14, 
13, 9, 4, 2, 10, 5, 6, 
2, 4, 11, 10, 14, 1, 13, 9, 
14, 1, 4, 11, 10, 14, 1, 6, 15, 11, 7, 
2, 10, 14, 1, 14, 10, 11, 15, 15, 15, 6, 
9, 4, 15, 15, 15, 15, 15, 15, 8, 
2, 6, 9, 13, 1, 3, 1, 13, 9, 6, 3, 15, 
6, 9, 6, 3, 
9, 7, 10, 14, 1, 3, 6, 9, 12, 4, 
15, 3, 
9, 2, 8, 
12, 8, 2, 14, 2, 6, 9, 7, 
12, 8, 2, 9, 6, 3, 14, 2, 8, 1, 
12, 8, 15, 3, 14, 5, 8, 5, 14, 2, 9, 
8, 5, 14, 3, 6, 12, 5, 10, 7, 10, 5, 2, 
5, 2, 13, 
5, 10, 7, 15, 3, 14, 3, 6, 5, 2, 7, 2, 
5, 12, 8, 7, 2, 5, 6, 9, 7, 5, 12, 8, 7, 2, 5, 6, 9, 7, 5, 11, 
15, 7, 15, 7, 12, 8, 7, 2, 5, 12, 
2, 7, 2, 12, 5, 11, 10, 
7, 9, 2, 5, 
9, 7, 7, 13, 7, 9, 7, 7, 7, 10, 7, 9, 2, 
9, 7, 9, 7, 15, 7, 7, 9, 7, 7, 2, 9, 7, demand: 562:8,2,13,9,4,2,14,:0,3,6,0,4,0,0,
demand: 892:7,13,9,4,2,10,5,6,:0,2,0,4,0,3,0,0,
demand: 712:13,2,4,11,10,14,1,13,9,:0,5,7,0,4,0,3,0,0,
demand: 372:10,14,1,4,11,10,14,1,6,15,11,7,:0,0,1,6,0,5,0,2,3,0,7,0,
demand: 955:8,2,10,14,1,14,10,11,15,15,15,6,:0,0,2,0,4,0,0,5,3,6,1,0,
demand: 728:12,9,4,15,15,15,15,15,15,8,:0,1,0,3,5,2,7,4,6,0,
demand: 553:4,2,6,9,13,1,3,1,13,9,6,3,15,:0,0,2,4,0,0,7,0,0,5,0,1,0,
demand: 882:15,6,9,6,3,:0,0,1,0,0,
demand: 896:7,9,7,10,14,1,3,6,9,12,4,:0,3,0,6,0,0,1,0,5,0,0,
demand: 688:15,15,3,:0,2,0,
demand: 36:6,9,2,8,:0,7,0,0,
demand: 714:10,12,8,2,14,2,6,9,7,:0,5,3,0,7,0,6,0,0,
demand: 880:4,12,8,2,9,6,3,14,2,8,1,:0,4,3,0,2,0,6,1,0,7,0,
demand: 281:6,12,8,15,3,14,5,8,5,14,2,9,:0,2,1,0,6,4,0,7,5,3,0,0,
demand: 374:12,8,5,14,3,6,12,5,10,7,10,5,2,:0,0,5,3,0,0,2,1,0,6,0,7,0,
demand: 460:2,5,2,13,:0,2,0,0,
demand: 719:1,5,10,7,15,3,14,3,6,5,2,7,2,:0,4,0,1,0,0,3,0,0,2,0,6,0,
demand: 369:12,5,11,:0,1,0,
demand: 329:2,12,8,7,2,5,12,:0,0,3,5,0,6,0,
demand: 671:12,2,7,2,12,5,11,10,:0,0,3,0,0,6,0,0,
demand: 861:11,7,9,2,5,:0,4,0,0,0,
demand: 204:11,10,7,9,2,:0,0,2,0,0,
Average Delay: 8.0
Runtime (mS): 25Acceptation rate: 0.55