10, 2, 13, 1, 3, 
2, 13, 9, 4, 2, 10, 14, 1, 4, 
10, 2, 4, 1, 14, 10, 11, 
1, 14, 10, 14, 1, 14, 10, 11, 
10, 14, 1, 4, 1, 15, 10, 11, 5, 14, 
1, 6, 1, 
1, 15, 7, 
1, 6, 2, 
1, 15, 15, 15, 15, 15, 15, 15, 1, 4, 9, 
15, 6, 9, 4, 1, 3, 1, 4, 9, 4, 3, 4, 9, 7, 10, 
demand: 87:11,10,2,13,1,3,:0,0,7,5,0,0,
demand: 435:10,2,13,9,4,2,10,14,1,4,:0,5,2,0,3,0,6,0,7,1,
demand: 935:2,10,2,4,1,14,10,11,:0,6,0,3,4,0,5,7,
demand: 348:3,1,14,10,14,1,14,10,11,:0,0,0,3,0,5,0,0,0,
demand: 955:12,10,14,1,4,1,15,10,11,5,14,:0,4,0,0,2,5,0,6,7,0,0,
demand: 864:6,1,6,1,:0,5,7,0,
demand: 212:4,1,15,7,:0,4,1,0,
demand: 703:13,1,6,2,:0,0,6,0,
demand: 243:6,1,15,15,15,15,15,15,15,1,4,9,:0,0,1,6,3,2,5,7,4,0,0,0,
demand: 121:11,15,6,9,4,1,3,1,4,9,4,3,4,9,7,10,:0,0,2,1,0,0,7,0,0,5,0,3,0,4,0,0,
Average Delay: 7.8
Runtime (mS): 125Acceptation rate: 1.0