185, 49, 189, 140, 
48, 49, 189, 187, 169, 244, 189, 160, 75, 174, 169, 75, 129, 103, 158, 7, 2, 
70, 47, 75, 14, 243, 24, 152, 177, 129, 75, 218, 1, 14, 243, 113, 187, 69, 184, 
21, 38, 2, 177, 236, 113, 14, 152, 188, 177, 42, 171, 
69, 184, 23, 152, 160, 227, 188, 42, 228, 21, 58, 158, 184, 103, 60, 177, 236, 227, 185, 47, 27, 175, 
60, 205, 38, 48, 58, 166, 103, 60, 
117, 32, 244, 48, 38, 203, 202, 70, 117, 32, 174, 184, 65, 169, 203, 185, 86, 
202, 205, 27, 187, 
228, 65, 32, 26, 228, 65, 184, 69, 202, 203, 62, 
166, 244, 32, 244, 39, 
203, 169, 166, 117, 32, 244, 184, 65, 246, 27, 202, 203, 86, 246, 122, 
58, 166, 117, 32, 65, 228, 86, 246, 27, 221, 248, 190, 218, 86, 246, 79, 86, 221, 131, 
42, 190, 248, 58, 79, 248, 190, 174, 184, 
190, 248, 221, 248, 190, 230, 
221, 27, 79, 248, 190, 248, 221, 55, 32, 79, 248, 221, 248, 79, 105, 55, 212, 105, 55, 202, 
221, 212, 105, 3, 92, 70, 202, 105, 243, 14, 152, 212, 26, 92, 149, 
3, 92, 205, 65, 105, 212, 26, 92, 26, 212, 105, 134, 133, 74, 41, 189, 
1, 134, 133, 74, 41, 134, 133, 74, 41, 212, 105, 134, 133, 74, 41, 134, 100, 
223, 195, 30, 41, 74, 133, 134, 195, 223, 242, 2, 133, 134, 195, 223, 242, 2, 22, 73, 
1, 201, 195, 223, 242, 2, 133, 134, 195, 223, 213, 
1, 201, 242, 2, 64, 130, 242, 2, 64, 130, 242, 223, 186, 30, 155, 173, 
201, 155, 30, 186, 10, 194, 108, 30, 155, 201, 44, 186, 30, 155, 148, 30, 
133, 164, 41, 186, 30, 155, 148, 194, 108, 233, 64, 15, 
1, 108, 194, 148, 155, 19, 108, 194, 148, 155, 30, 186, 30, 10, 161, 
1, 108, 194, 148, 134, 133, 164, 77, 194, 10, 44, 82, 164, 41, 44, 153, 
1, 77, 194, 10, 44, 82, 164, 77, 194, 130, 64, 233, 26, 19, 12, 77, 164, 82, 44, 31, 
130, 64, 233, 64, 19, 26, 233, 12, 77, 1, 108, 105, 
30, 108, 1, 214, 142, 10, 19, 26, 116, 142, 214, 82, 148, 194, 10, 215, 
1, 214, 142, 116, 26, 19, 12, 77, 116, 142, 132, 12, 222, 157, 116, 142, 71, 
116, 157, 222, 132, 142, 82, 132, 157, 222, 164, 41, 214, 82, 132, 64, 157, 222, 29, 1, 145, 
157, 132, 222, 29, 40, 172, 241, 84, 22, 73, 8, 
1, 64, 130, 116, 241, 106, 
1, 29, 40, 157, 63, 207, 241, 84, 157, 132, 16, 44, 63, 207, 40, 130, 238, 22, 27, 
172, 164, 226, 63, 207, 40, 172, 96, 64, 16, 127, 63, 96, 127, 16, 238, 170, 
84, 54, 
63, 96, 127, 16, 238, 214, 241, 172, 40, 29, 16, 127, 172, 241, 200, 77, 127, 20, 17, 
84, 22, 238, 84, 22, 73, 22, 204, 
22, 168, 16, 238, 193, 63, 96, 127, 32, 
200, 116, 226, 63, 200, 73, 193, 63, 200, 73, 193, 238, 22, 168, 226, 110, 22, 168, 34, 
226, 168, 233, 207, 40, 172, 127, 193, 73, 200, 73, 193, 136, 226, 168, 22, 110, 73, 200, 168, 110, 201, 
110, 226, 136, 183, 137, 136, 183, 107, 77, 159, 226, 136, 127, 
159, 127, 51, 238, 183, 107, 73, 224, 
249, 122, 124, 216, 207, 249, 73, 82, 124, 122, 21, 97, 
200, 154, 110, 216, 207, 107, 124, 137, 127, 18, 23, 
3, 122, 51, 127, 96, 63, 200, 154, 53, 40, 9, 161, 63, 200, 1, 137, 127, 96, 9, 161, 183, 
172, 67, 18, 118, 67, 18, 118, 67, 18, 122, 124, 118, 67, 3, 147, 
67, 18, 51, 9, 161, 53, 67, 156, 
9, 161, 8, 73, 53, 154, 159, 67, 52, 
3, 67, 18, 118, 67, 18, 118, 154, 
demand: 81:129,185,49,189,140,:0,16,8,15,0,
demand: 57:216,48,49,189,187,169,244,189,160,75,174,169,75,129,103,158,7,2,:0,2,4,20,6,15,16,1,3,14,19,7,11,8,5,12,0,0,
demand: 554:113,70,47,75,14,243,24,152,177,129,75,218,1,14,243,113,187,69,184,:0,5,6,4,19,11,0,16,14,13,20,9,0,2,1,15,10,7,0,
demand: 148:238,21,38,2,177,236,113,14,152,188,177,42,171,:0,13,7,0,11,17,6,16,12,9,15,3,0,
demand: 825:57,69,184,23,152,160,227,188,42,228,21,58,158,184,103,60,177,236,227,185,47,27,175,:0,15,7,0,9,17,19,3,12,16,14,5,4,6,18,2,20,11,8,1,10,0,0,
demand: 626:53,60,205,38,48,58,166,103,60,:0,7,19,20,1,12,16,0,0,
demand: 515:67,117,32,244,48,38,203,202,70,117,32,174,184,65,169,203,185,86,:0,5,19,1,4,10,16,6,18,9,2,11,14,12,20,3,15,7,
demand: 924:181,202,205,27,187,:0,7,18,12,0,
demand: 794:240,228,65,32,26,228,65,184,69,202,203,62,:0,13,7,8,0,11,6,0,20,19,3,0,
demand: 795:239,166,244,32,244,39,:0,4,15,17,0,0,
demand: 373:12,203,169,166,117,32,244,184,65,246,27,202,203,86,246,122,:0,8,0,1,19,7,0,15,14,3,13,17,6,2,12,0,
demand: 662:83,58,166,117,32,65,228,86,246,27,221,248,190,218,86,246,79,86,221,131,:0,0,4,12,0,16,15,13,19,7,14,5,3,20,9,8,6,11,17,0,
demand: 928:187,42,190,248,58,79,248,190,174,184,:0,10,6,14,15,5,8,4,0,0,
demand: 959:140,190,248,221,248,190,230,:0,14,11,4,0,17,0,
demand: 671:36,221,27,79,248,190,248,221,55,32,79,248,221,248,79,105,55,212,105,55,202,:0,3,16,11,0,8,18,10,13,2,15,4,9,0,6,17,19,1,12,5,0,
demand: 421:51,221,212,105,3,92,70,202,105,243,14,152,212,26,92,149,:0,4,19,18,0,9,0,16,8,0,20,0,5,0,13,0,
demand: 78:128,3,92,205,65,105,212,26,92,26,212,105,134,133,74,41,189,:0,0,13,20,2,10,16,0,18,5,0,9,17,11,3,15,0,
demand: 709:219,1,134,133,74,41,134,133,74,41,212,105,134,133,74,41,134,100,:0,18,7,11,6,13,12,8,5,17,20,2,4,14,1,16,3,0,
demand: 329:249,223,195,30,41,74,133,134,195,223,242,2,133,134,195,223,242,2,22,73,:0,14,19,12,2,8,1,15,3,20,6,18,17,13,7,9,16,5,0,0,
demand: 694:237,1,201,195,223,242,2,133,134,195,223,213,:0,14,3,18,19,1,13,17,20,4,16,0,
demand: 199:92,1,201,242,2,64,130,242,2,64,130,242,223,186,30,155,173,:0,10,6,19,8,5,12,13,16,2,7,20,15,14,17,18,0,
demand: 588:98,201,155,30,186,10,194,108,30,155,201,44,186,30,155,148,30,:0,6,11,8,9,7,10,20,12,1,2,17,5,13,3,16,0,
demand: 376:43,133,164,41,186,30,155,148,194,108,233,64,15,:0,15,5,20,3,13,1,11,9,6,2,8,0,
demand: 3:137,1,108,194,148,155,19,108,194,148,155,30,186,30,10,161,:0,10,5,15,17,13,3,16,20,9,19,0,8,11,12,0,
demand: 350:49,1,108,194,148,134,133,164,77,194,10,44,82,164,41,44,153,:0,14,15,3,12,20,8,6,5,19,16,18,2,11,4,7,0,
demand: 663:90,1,77,194,10,44,82,164,77,194,130,64,233,26,19,12,77,164,82,44,31,:0,18,5,10,4,17,6,19,11,1,16,20,12,8,7,2,9,15,14,3,0,
demand: 31:21,130,64,233,64,19,26,233,12,77,1,108,105,:0,3,0,2,13,19,6,8,18,14,0,1,0,
demand: 579:131,30,108,1,214,142,10,19,26,116,142,214,82,148,194,10,215,:0,1,13,19,16,6,4,7,5,2,9,3,17,15,0,8,0,
demand: 776:134,1,214,142,116,26,19,12,77,116,142,132,12,222,157,116,142,71,:0,15,2,5,14,1,10,9,4,17,12,7,19,3,8,18,20,0,
demand: 131:81,116,157,222,132,142,82,132,157,222,164,41,214,82,132,64,157,222,29,1,145,:0,9,20,14,8,11,12,18,17,7,13,15,1,10,3,4,6,19,2,0,0,
demand: 169:126,157,132,222,29,40,172,241,84,22,73,8,:0,5,12,18,16,9,17,2,6,19,0,0,
demand: 918:188,1,64,130,116,241,106,:0,1,14,0,4,5,0,
demand: 395:203,1,29,40,157,63,207,241,84,157,132,16,44,63,207,40,130,238,22,27,:0,10,16,1,13,11,2,19,12,14,20,6,4,8,3,9,15,17,18,0,
demand: 860:230,172,164,226,63,207,40,172,96,64,16,127,63,96,127,16,238,170,:0,14,10,18,17,3,5,8,19,20,11,9,7,2,4,12,1,0,
demand: 960:241,84,54,:0,11,0,
demand: 888:200,63,96,127,16,238,214,241,172,40,29,16,127,172,241,200,77,127,20,17,:0,3,12,11,8,18,4,1,6,17,15,2,7,5,10,9,20,19,0,0,
demand: 582:34,84,22,238,84,22,73,22,204,:0,6,1,16,19,17,2,0,0,
demand: 390:91,22,168,16,238,193,63,96,127,32,:0,6,2,10,4,3,15,1,0,0,
demand: 417:117,200,116,226,63,200,73,193,63,200,73,193,238,22,168,226,110,22,168,34,:0,5,15,1,10,13,18,7,4,11,16,19,17,0,3,6,2,14,0,0,
demand: 447:74,226,168,233,207,40,172,127,193,73,200,73,193,136,226,168,22,110,73,200,168,110,201,:0,3,4,20,13,0,11,15,18,1,10,0,14,19,2,12,0,9,0,7,17,8,0,
demand: 163:93,110,226,136,183,137,136,183,107,77,159,226,136,127,:0,9,0,19,2,8,12,7,6,20,3,0,18,0,
demand: 606:102,159,127,51,238,183,107,73,224,:0,17,14,12,13,2,18,4,0,
demand: 150:4,249,122,124,216,207,249,73,82,124,122,21,97,:0,3,16,17,7,11,6,13,20,9,5,0,0,
demand: 677:89,200,154,110,216,207,107,124,137,127,18,23,:0,13,3,14,6,10,18,8,12,4,19,0,
demand: 58:36,3,122,51,127,96,63,200,154,53,40,9,161,63,200,1,137,127,96,9,161,183,:0,19,9,17,0,13,0,15,6,8,10,7,3,0,4,20,16,0,14,12,18,0,
demand: 607:14,172,67,18,118,67,18,118,67,18,122,124,118,67,3,147,:0,15,1,5,3,6,17,12,7,8,0,4,19,11,0,0,
demand: 688:5,67,18,51,9,161,53,67,156,:0,11,7,16,3,1,8,9,0,
demand: 653:11,9,161,8,73,53,154,159,67,52,:0,16,19,0,15,17,0,2,10,0,
demand: 214:97,3,67,18,118,67,18,118,154,:0,18,14,3,19,17,4,12,0,
Average Delay: 14.510204081632653
Runtime (mS): 221278Acceptation rate: 0.98