3, 69, 39, 67, 36, 61, 7, 68, 83, 35, 69, 5, 68, 17, 81, 
83, 35, 69, 5, 68, 58, 99, 50, 93, 88, 30, 36, 17, 69, 39, 93, 45, 68, 3, 
45, 82, 52, 
12, 99, 71, 45, 50, 12, 45, 58, 3, 67, 71, 39, 10, 1, 
7, 17, 45, 88, 7, 71, 45, 12, 45, 82, 
100, 100, 100, 13, 
71, 3, 41, 
6, 30, 36, 71, 45, 12, 2, 71, 45, 12, 2, 36, 67, 71, 72, 73, 
12, 2, 89, 
10, 3, 71, 2, 12, 68, 12, 99, 2, 47, 71, 2, 
2, 71, 3, 41, 98, 22, 94, 42, 98, 22, 94, 27, 
22, 98, 42, 94, 65, 22, 21, 42, 46, 21, 42, 46, 28, 
47, 41, 97, 30, 47, 41, 97, 21, 42, 46, 21, 97, 65, 2, 28, 
65, 97, 41, 38, 62, 
45, 68, 
38, 41, 17, 11, 53, 70, 42, 94, 30, 
94, 11, 53, 70, 41, 38, 14, 46, 11, 53, 70, 42, 53, 56, 98, 14, 4, 
90, 14, 98, 56, 47, 41, 77, 
20, 90, 56, 38, 90, 63, 11, 5, 
21, 6, 90, 23, 
4, 63, 28, 20, 94, 92, 4, 63, 11, 98, 22, 65, 16, 4, 21, 6, 
16, 20, 97, 41, 70, 56, 16, 4, 92, 28, 79, 86, 
14, 92, 28, 79, 25, 6, 
60, 98, 25, 79, 6, 44, 84, 6, 44, 97, 25, 44, 70, 84, 10, 55, 
38, 56, 16, 46, 82, 
92, 25, 98, 60, 26, 54, 
84, 10, 60, 94, 84, 44, 60, 96, 18, 87, 18, 96, 18, 6, 44, 97, 62, 
79, 18, 63, 96, 18, 87, 33, 87, 54, 97, 81, 54, 26, 
6, 44, 60, 77, 
14, 77, 81, 54, 37, 28, 77, 81, 54, 28, 77, 81, 20, 40, 81, 32, 
40, 81, 79, 28, 96, 40, 43, 
41, 77, 81, 40, 28, 77, 57, 40, 33, 37, 28, 96, 36, 
92, 77, 57, 40, 28, 77, 41, 38, 40, 57, 63, 
77, 57, 40, 33, 20, 40, 33, 37, 54, 81, 63, 57, 77, 57, 31, 
77, 76, 40, 82, 
28, 77, 81, 40, 27, 
33, 17, 
33, 37, 54, 4, 41, 77, 76, 37, 33, 37, 54, 81, 44, 8, 
33, 54, 81, 63, 57, 37, 54, 28, 
54, 37, 57, 54, 33, 10, 54, 57, 37, 76, 64, 33, 10, 1, 95, 
57, 37, 76, 64, 33, 10, 57, 63, 49, 
81, 63, 37, 76, 64, 33, 100, 100, 100, 82, 52, 
57, 32, 76, 37, 26, 57, 32, 76, 89, 37, 26, 10, 33, 10, 53, 
37, 26, 10, 26, 37, 26, 10, 76, 32, 48, 70, 42, 
37, 89, 76, 77, 
76, 74, 
76, 64, 76, 32, 76, 37, 33, 64, 33, 87, 
76, 89, 48, 32, 52, 76, 100, 100, 100, 100, 100, 100, 100, 100, 35, 17, 
52, 32, 22, 94, 
35, 52, 32, 48, 89, 37, 63, 
48, 32, 26, 10, 64, 52, 35, 26, 64, 10, 37, 89, 2, 
64, 10, 57, 64, 94, 34, 
48, 89, 26, 35, 52, 64, 10, 52, 64, 26, 35, 48, 64, 26, 89, 
52, 26, 89, 35, 48, 52, 26, 32, 35, 48, 56, 
35, 26, 64, 10, 64, 52, 35, 26, 64, 52, 35, 48, 37, 57, 32, 6, 
89, 35, 100, 82, 52, 10, 52, 26, 52, 48, 52, 10, 84, 48, 52, 42, 70, 
10, 52, 82, 100, 35, 89, 76, 52, 17, 
89, 52, 48, 80, 89, 86, 59, 
89, 35, 8, 80, 76, 13, 66, 32, 8, 80, 76, 13, 66, 8, 80, 89, 66, 94, 
80, 89, 66, 8, 66, 13, 66, 71, 
80, 8, 66, 13, 66, 8, 75, 66, 71, 3, 
13, 66, 89, 35, 8, 75, 71, 72, 13, 66, 89, 35, 8, 75, 71, 72, 13, 76, 32, 55, 8, 75, 71, 72, 55, 32, 76, 13, 11, 
71, 72, 91, 
8, 75, 71, 55, 2, 
72, 55, 71, 75, 71, 55, 5, 75, 29, 59, 27, 55, 44, 
1, 95, 51, 49, 19, 73, 34, 82, 72, 73, 
9, 91, 59, 29, 78, 27, 59, 91, 43, 74, 28, 
10, 1, 95, 51, 49, 19, 73, 34, 73, 
1, 73, 34, 82, 31, 49, 19, 5, 74, 43, 67, 
5, 74, 43, 91, 9, 91, 59, 29, 78, 27, 19, 
1, 95, 51, 49, 19, 62, 24, 78, 29, 59, 27, 23, 62, 1, 31, 82, 100, 13, 
74, 1, 95, 51, 23, 62, 1, 31, 82, 
6, 9, 91, 43, 74, 43, 91, 9, 15, 31, 82, 15, 31, 
35, 15, 31, 82, 34, 73, 19, 62, 23, 61, 
45, 24, 78, 86, 91, 
24, 45, 82, 63, 
9, 24, 78, 86, 43, 74, 43, 91, 86, 43, 91, 85, 73, 1, 95, 91, 86, 78, 86, 85, 23, 74, 85, 86, 43, 91, 86, 85, 5, 74, 95, 91, 86, 85, 86, 85, 28, 5, 74, 43, 91, 43, 74, 57, 
86, 74, 23, 88, 
42, 85, 51, 85, 58, 
42, 24, 73, 
51, 95, 86, 85, 51, 6, 30, 
85, 85, 85, 9, 38, 
15, 34, 73, 34, 15, 
85, 85, 28, 85, 43, 85, 9, 6, 44, 97, 
85, 78, 85, 51, 85, 51, 43, 85, 23, 85, 43, 85, 85, 85, demand: 735:68,3,69,39,67,36,61,7,68,83,35,69,5,68,17,81,:0,2,9,13,12,11,8,7,6,3,0,4,0,14,1,0,
demand: 852:49,83,35,69,5,68,58,99,50,93,88,30,36,17,69,39,93,45,68,3,:0,5,0,4,0,13,2,14,10,8,6,12,9,0,3,0,11,1,0,0,
demand: 520:51,45,82,52,:0,2,0,0,
demand: 978:70,12,99,71,45,50,12,45,58,3,67,71,39,10,1,:0,12,10,6,7,4,11,1,8,3,9,2,5,0,0,
demand: 497:33,7,17,45,88,7,71,45,12,45,82,:0,9,10,15,8,3,2,14,6,0,0,
demand: 241:100,100,100,100,13,:0,11,6,12,0,
demand: 611:72,71,3,41,:0,6,0,0,
demand: 725:9,6,30,36,71,45,12,2,71,45,12,2,36,67,71,72,73,:0,0,10,3,13,2,12,7,6,0,5,1,0,4,11,0,0,
demand: 857:59,12,2,89,:0,12,6,0,
demand: 657:61,10,3,71,2,12,68,12,99,2,47,71,2,:0,0,3,0,15,0,9,2,4,13,12,5,11,
demand: 311:10,2,71,3,41,98,22,94,42,98,22,94,27,:0,12,0,9,4,6,7,13,2,14,15,8,0,
demand: 462:93,22,98,42,94,65,22,21,42,46,21,42,46,28,:0,1,14,4,12,11,5,13,6,2,15,10,7,0,
demand: 606:45,47,41,97,30,47,41,97,21,42,46,21,97,65,2,28,:0,12,9,8,3,1,14,6,4,10,7,13,5,15,0,0,
demand: 755:77,65,97,41,38,62,:0,7,11,6,14,0,
demand: 269:39,45,68,:0,9,0,
demand: 404:61,38,41,17,11,53,70,42,94,30,:0,15,6,3,11,1,2,4,0,0,
demand: 512:34,94,11,53,70,41,38,14,46,11,53,70,42,53,56,98,14,4,:0,4,8,10,11,0,12,1,5,2,6,13,3,15,7,9,14,0,
demand: 891:86,90,14,98,56,47,41,77,:0,7,12,3,2,5,4,0,
demand: 938:52,20,90,56,38,90,63,11,5,:0,13,11,8,9,2,1,5,0,
demand: 534:26,21,6,90,23,:0,5,11,10,0,
demand: 744:78,4,63,28,20,94,92,4,63,11,98,22,65,16,4,21,6,:0,8,1,12,11,5,6,15,14,9,4,3,10,13,7,0,0,
demand: 397:43,16,20,97,41,70,56,16,4,92,28,79,86,:0,14,12,4,0,9,5,2,10,13,11,15,0,
demand: 549:31,14,92,28,79,25,6,:0,5,1,8,14,11,0,
demand: 719:26,60,98,25,79,6,44,84,6,44,97,25,44,70,84,10,55,:0,5,3,10,8,7,2,1,11,13,4,14,6,9,12,0,0,
demand: 294:51,38,56,16,46,82,:0,4,9,10,3,0,
demand: 929:72,92,25,98,60,26,54,:0,5,13,0,1,0,0,
demand: 920:29,84,10,60,94,84,44,60,96,18,87,18,96,18,6,44,97,62,:0,6,0,11,3,10,9,8,2,1,7,0,13,14,5,4,0,0,
demand: 182:66,79,18,63,96,18,87,33,87,54,97,81,54,26,:0,10,8,9,15,0,6,11,14,12,3,2,0,0,
demand: 738:30,6,44,60,77,:0,3,0,9,0,
demand: 637:43,14,77,81,54,37,28,77,81,54,28,77,81,20,40,81,32,:0,3,7,1,14,2,9,8,10,13,4,15,11,5,6,12,0,
demand: 156:38,40,81,79,28,96,40,43,:0,7,15,4,3,9,6,0,
demand: 296:79,41,77,81,40,28,77,57,40,33,37,28,96,36,:0,3,10,8,7,4,14,12,11,5,1,0,9,0,
demand: 403:24,92,77,57,40,28,77,41,38,40,57,63,:0,4,2,10,7,0,8,0,3,5,13,0,
demand: 517:89,77,57,40,33,20,40,33,37,54,81,63,57,77,57,31,:0,6,8,7,2,3,10,14,13,1,12,4,9,5,0,0,
demand: 292:91,77,76,40,82,:0,11,14,6,0,
demand: 143:96,28,77,81,40,27,:0,0,12,10,2,0,
demand: 178:16,33,17,:0,6,0,
demand: 59:7,33,37,54,4,41,77,76,37,33,37,54,81,44,8,:0,6,5,10,3,0,12,1,2,7,0,8,15,4,0,
demand: 636:93,33,54,81,63,57,37,54,28,:0,5,3,6,0,4,15,13,0,
demand: 950:17,54,37,57,54,33,10,54,57,37,76,64,33,10,1,95,:0,15,14,11,10,5,12,7,9,2,1,3,6,4,0,0,
demand: 355:32,57,37,76,64,33,10,57,63,49,:0,12,9,1,2,6,3,11,0,0,
demand: 947:8,81,63,37,76,64,33,100,100,100,82,52,:0,7,0,1,2,11,9,5,12,14,0,0,
demand: 360:30,57,32,76,37,26,57,32,76,89,37,26,10,33,10,53,:0,3,12,9,7,8,10,5,13,11,14,4,0,2,0,0,
demand: 92:4,37,26,10,26,37,26,10,76,32,48,70,42,:0,4,1,3,0,8,7,6,14,5,12,0,0,
demand: 691:79,37,89,76,77,:0,9,11,14,0,
demand: 679:80,76,74,:0,11,0,
demand: 325:80,76,64,76,32,76,37,33,64,33,87,:0,9,13,0,14,8,0,0,11,0,0,
demand: 46:93,76,89,48,32,52,76,100,100,100,100,100,100,100,100,35,17,:0,14,10,13,11,2,3,8,12,9,5,6,15,1,4,7,0,
demand: 160:72,52,32,22,94,:0,4,8,0,0,
demand: 437:100,35,52,32,48,89,37,63,:0,11,14,9,15,3,0,0,
demand: 414:24,48,32,26,10,64,52,35,26,64,10,37,89,2,:0,11,12,13,14,3,4,7,5,8,10,6,1,0,
demand: 977:94,64,10,57,64,94,34,:0,9,13,2,5,0,0,
demand: 466:37,48,89,26,35,52,64,10,52,64,26,35,48,64,26,89,:0,7,4,2,14,10,13,1,15,5,8,6,11,12,9,0,
demand: 869:41,52,26,89,35,48,52,26,32,35,48,56,:0,11,8,4,6,15,13,2,3,5,9,0,
demand: 654:48,35,26,64,10,64,52,35,26,64,52,35,48,37,57,32,6,:0,8,15,0,2,0,6,9,5,0,12,3,7,0,0,10,0,
demand: 485:80,89,35,100,82,52,10,52,26,52,48,52,10,84,48,52,42,70,:0,12,6,0,0,5,7,0,15,0,10,2,8,0,1,13,0,0,
demand: 87:67,10,52,82,100,35,89,76,52,17,:0,11,0,0,0,3,6,0,13,0,
demand: 673:82,89,52,48,80,89,86,59,:0,10,0,8,7,15,0,0,
demand: 129:33,89,35,8,80,76,13,66,32,8,80,76,13,66,8,80,89,66,94,:0,1,2,15,8,0,7,14,4,11,10,0,9,3,13,6,0,12,0,
demand: 767:4,80,89,66,8,66,13,66,71,:0,6,0,5,4,0,9,8,0,
demand: 303:8,80,8,66,13,66,8,75,66,71,3,:0,3,0,0,5,0,15,7,6,0,0,
demand: 593:26,13,66,89,35,8,75,71,72,13,66,89,35,8,75,71,72,13,76,32,55,8,75,71,72,55,32,76,13,11,:0,9,0,0,0,4,15,0,10,13,0,0,0,8,12,0,7,6,0,0,11,1,3,0,14,5,0,0,2,0,
demand: 30:43,71,72,91,:0,0,15,0,
demand: 583:35,8,75,71,55,2,:0,0,14,0,12,0,
demand: 642:7,72,55,71,75,71,55,5,75,29,59,27,55,44,:0,4,3,0,2,0,8,14,13,15,12,7,6,0,
demand: 479:65,1,95,51,49,19,73,34,82,72,73,:0,15,6,8,7,11,13,14,1,0,0,
demand: 205:6,9,91,59,29,78,27,59,91,43,74,28,:0,7,9,11,5,1,12,10,8,13,15,0,
demand: 858:90,10,1,95,51,49,19,73,34,73,:0,0,5,4,8,14,15,3,6,0,
demand: 334:74,1,73,34,82,31,49,19,5,74,43,67,:0,10,5,2,4,14,3,6,7,8,9,0,
demand: 257:97,5,74,43,91,9,91,59,29,78,27,19,:0,4,3,8,15,2,0,10,9,13,0,0,
demand: 118:44,1,95,51,49,19,62,24,78,29,59,27,23,62,1,31,82,100,13,:0,3,14,8,4,1,11,12,5,7,0,13,2,10,9,6,15,0,0,
demand: 411:5,74,1,95,51,23,62,1,31,82,:0,0,3,1,11,5,4,14,10,0,
demand: 50:18,6,9,91,43,74,43,91,9,15,31,82,15,31,:0,0,9,8,0,7,12,3,0,6,5,15,4,0,
demand: 774:83,35,15,31,82,34,73,19,62,23,61,:0,0,8,1,3,6,9,11,14,10,0,
demand: 754:82,45,24,78,86,91,:0,0,2,10,5,0,
demand: 328:80,24,45,82,63,:0,8,0,5,0,
demand: 63:54,28,5,74,43,91,43,74,57,:0,0,3,0,0,4,0,0,0,
demand: 499:42,86,74,23,88,:0,5,8,14,0,
demand: 206:46,42,85,51,85,58,:0,0,4,8,2,0,
demand: 60:70,42,24,73,:0,0,10,0,
demand: 981:85,51,95,86,85,51,6,30,:0,0,8,11,4,1,0,0,
demand: 314:63,9,38,:0,9,0,
demand: 401:100,15,34,73,34,15,:0,14,0,3,0,0,
demand: 351:76,9,6,44,97,:0,1,0,0,0,
Average Delay: 10.55952380952381
Runtime (mS): 12042Acceptation rate: 0.84