7, 69, 39, 61, 36, 67, 48, 
83, 3, 68, 17, 
68, 50, 93, 3, 68, 58, 99, 39, 69, 88, 30, 61, 88, 45, 71, 3, 41, 
50, 12, 45, 71, 60, 
12, 45, 71, 3, 67, 36, 99, 58, 45, 71, 50, 12, 45, 1, 
36, 71, 3, 93, 45, 12, 39, 98, 
71, 3, 50, 12, 99, 39, 69, 7, 67, 39, 71, 50, 45, 12, 26, 
12, 2, 71, 67, 17, 7, 2, 71, 50, 17, 30, 5, 2, 47, 41, 2, 36, 
30, 5, 2, 47, 41, 50, 12, 26, 32, 
5, 2, 47, 99, 2, 47, 45, 11, 94, 22, 98, 42, 21, 57, 
42, 98, 22, 93, 22, 98, 22, 87, 
42, 21, 12, 94, 22, 17, 94, 22, 21, 4, 95, 
11, 42, 98, 97, 21, 46, 97, 65, 94, 11, 22, 97, 19, 
38, 1, 95, 
94, 11, 42, 46, 97, 
53, 41, 47, 90, 26, 12, 
46, 14, 90, 26, 32, 
46, 14, 90, 43, 
90, 14, 46, 38, 56, 90, 65, 94, 38, 54, 
65, 41, 53, 70, 56, 38, 53, 41, 47, 56, 70, 63, 11, 28, 20, 2, 76, 
42, 53, 70, 56, 92, 29, 
94, 38, 16, 46, 28, 20, 70, 63, 65, 16, 4, 63, 28, 20, 24, 
20, 41, 4, 16, 6, 44, 97, 79, 
4, 70, 84, 44, 6, 79, 65, 92, 25, 79, 6, 14, 49, 
84, 44, 6, 92, 25, 14, 60, 44, 84, 70, 25, 14, 98, 
63, 70, 53, 60, 96, 18, 45, 12, 
60, 16, 4, 96, 60, 79, 81, 
92, 4, 28, 96, 18, 87, 72, 
68, 87, 18, 87, 33, 37, 25, 56, 70, 53, 70, 85, 
44, 84, 7, 44, 54, 37, 65, 77, 92, 40, 81, 79, 74, 
60, 44, 54, 37, 33, 96, 40, 81, 53, 
37, 6, 5, 
33, 37, 54, 11, 77, 81, 63, 37, 88, 96, 81, 40, 57, 77, 81, 40, 81, 25, 
92, 65, 
37, 54, 28, 77, 81, 54, 42, 
26, 37, 24, 
33, 78, 
33, 37, 57, 39, 
25, 4, 54, 81, 63, 37, 33, 54, 81, 96, 40, 57, 77, 90, 
40, 28, 54, 38, 
77, 81, 16, 33, 22, 
77, 27, 
40, 57, 77, 57, 40, 96, 81, 63, 37, 57, 72, 
40, 32, 26, 37, 57, 37, 94, 
57, 2, 20, 33, 
6, 37, 54, 81, 96, 40, 92, 29, 
26, 63, 
100, 100, 100, 100, 100, 100, 100, 100, 100, 100, 100, 100, 21, 
33, 54, 57, 88, 37, 26, 54, 33, 40, 32, 57, 79, 62, 
37, 6, 5, 
54, 33, 77, 76, 64, 33, 54, 57, 79, 35, 
32, 26, 54, 57, 32, 76, 64, 57, 54, 26, 77, 49, 
77, 76, 64, 26, 54, 
48, 77, 72, 
63, 81, 96, 40, 33, 54, 33, 43, 
76, 64, 26, 77, 76, 32, 76, 56, 
76, 77, 48, 35, 79, 57, 32, 48, 35, 52, 33, 64, 26, 40, 
56, 76, 89, 54, 73, 
76, 32, 48, 32, 76, 89, 54, 26, 64, 10, 76, 100, 
76, 89, 48, 35, 52, 76, 2, 57, 32, 48, 35, 52, 64, 10, 3, 41, 
48, 32, 52, 64, 10, 64, 52, 64, 10, 26, 35, 99, 
10, 14, 
10, 52, 32, 35, 26, 10, 52, 32, 35, 89, 90, 
35, 52, 64, 52, 35, 32, 48, 32, 52, 32, 48, 100, 
35, 32, 52, 32, 35, 26, 64, 26, 10, 52, 76, 89, 48, 64, 15, 
48, 89, 35, 32, 3, 10, 26, 89, 48, 64, 90, 
48, 64, 89, 80, 64, 48, 58, 
52, 10, 26, 89, 80, 8, 66, 89, 35, 8, 10, 13, 66, 64, 80, 8, 47, 41, 
80, 8, 66, 13, 25, 8, 80, 64, 43, 
13, 66, 8, 25, 13, 66, 8, 80, 25, 13, 72, 77, 66, 75, 3, 68, 
75, 66, 75, 10, 13, 72, 55, 3, 75, 71, 72, 55, 3, 75, 71, 72, 55, 5, 75, 60, 66, 55, 5, 75, 8, 
10, 75, 5, 55, 74, 5, 19, 73, 34, 82, 31, 49, 19, 73, 34, 33, 18, 
33, 1, 95, 51, 49, 31, 82, 74, 5, 19, 73, 34, 82, 27, 1, 93, 
95, 1, 42, 
4, 1, 27, 82, 44, 7, 
42, 1, 27, 78, 29, 59, 91, 43, 23, 74, 43, 51, 25, 
7, 44, 1, 74, 43, 
1, 73, 34, 78, 29, 59, 91, 43, 23, 74, 43, 
9, 91, 59, 29, 78, 34, 74, 95, 51, 49, 31, 59, 24, 62, 
1, 49, 51, 18, 
80, 1, 62, 24, 59, 32, 
9, 91, 95, 51, 23, 62, 24, 9, 91, 86, 78, 34, 15, 91, 
15, 34, 86, 85, 86, 85, 51, 15, 85, 78, 6, 
62, 1, 8, 
8, 85, 5, 9, 31, 
85, 24, 85, 78, 85, 91, 85, 24, 78, 34, 85, 91, 85, 85, 51, 85, 8, 85, 24, 85, 78, 85, 19, 85, 24, 85, 78, 85, 78, 34, 86, 85, 24, 85, 85, 19, 85, 78, 85, 19, 85, 78, 27, 10, 
85, 78, 27, 82, 34, 85, 24, 9, 
18, 24, 85, 78, 85, 85, 91, 85, 51, 85, 62, 24, 62, 1, 27, 78, 85, 78, 34, 78, 85, 85, 78, 85, 85, 24, 59, 31, 85, 60, 24, 85, 85, 51, 85, 91, 85, 76, 85, 91, 85, 76, 85, 91, 85, 86, 85, 78, 85, 85, 91, 86, 85, 86, 85, 78, 34, 86, 85, 85, 78, 34, 86, 85, 85, 9, 
85, 78, 85, 85, 78, 34, 90, 
85, 78, 34, 78, 85, 1, 85, 78, 27, 78, 85, 84, 44, 
85, 85, 91, 86, 27, 86, 85, 86, 85, 91, 85, 86, 85, 15, 68, 
24, 5, 31, 16, 31, 71, 31, 24, 24, 24, 62, 24, 24, 31, 4, 24, 31, demand: 45:92,7,69,39,61,36,67,48,:0,1,4,13,5,12,15,0,
demand: 121:68,83,3,68,17,:0,8,12,15,7,
demand: 274:99,68,50,93,3,68,58,99,39,69,88,30,61,88,45,71,3,41,:0,15,5,7,0,14,11,1,0,10,2,13,9,8,6,12,0,0,
demand: 55:29,50,12,45,71,60,:0,9,13,12,0,0,
demand: 333:19,12,45,71,3,67,36,99,58,45,71,50,12,45,1,:0,2,15,0,3,4,9,0,8,12,14,0,6,1,0,
demand: 84:91,36,71,3,93,45,12,39,98,:0,3,13,0,10,2,12,9,0,
demand: 91:72,71,3,50,12,99,39,69,7,67,39,71,50,45,12,26,:0,13,9,0,2,10,0,0,5,4,3,12,0,7,6,0,
demand: 10:73,12,2,71,67,17,7,2,71,50,17,30,5,2,47,41,2,36,:0,1,13,14,3,5,0,11,15,0,4,9,0,6,10,2,7,0,
demand: 53:79,30,5,2,47,41,50,12,26,32,:0,5,0,1,15,6,0,9,0,0,
demand: 377:6,5,2,47,99,2,47,45,11,94,22,98,42,21,57,:0,0,15,6,3,13,5,9,2,12,14,7,1,8,0,
demand: 964:79,42,98,22,93,22,98,22,87,:0,9,12,0,3,7,13,0,0,
demand: 420:13,42,21,12,94,22,17,94,22,21,4,95,:0,2,8,4,10,12,3,15,9,7,0,0,
demand: 51:94,11,42,98,97,21,46,97,65,94,11,22,97,19,:0,8,1,5,2,6,11,10,13,9,7,4,15,0,
demand: 830:9,38,1,95,:0,10,0,0,
demand: 644:7,94,11,42,46,97,:0,5,9,3,4,15,
demand: 9:17,53,41,47,90,26,12,:0,7,8,4,1,0,0,
demand: 14:40,46,14,90,26,32,:0,15,2,5,0,0,
demand: 164:96,46,14,90,43,:0,13,14,4,0,
demand: 710:60,90,14,46,38,56,90,65,94,38,54,:0,15,6,9,12,1,11,13,3,8,0,
demand: 405:39,65,41,53,70,56,38,53,41,47,56,70,63,11,28,20,2,76,:0,13,10,11,15,12,4,2,3,5,1,7,14,9,8,6,0,0,
demand: 646:13,42,53,70,56,92,29,:0,4,5,15,9,7,0,
demand: 168:34,94,38,16,46,28,20,70,63,65,16,4,63,28,20,24,:0,3,15,12,4,11,10,5,7,9,1,8,13,6,2,0,
demand: 722:2,20,41,4,16,6,44,97,79,:0,13,4,1,10,8,7,3,6,
demand: 945:67,4,70,84,44,6,79,65,92,25,79,6,14,49,:0,6,3,2,14,1,11,4,12,15,13,8,5,0,
demand: 737:35,84,44,6,92,25,14,60,44,84,70,25,14,98,:0,11,2,8,13,12,3,7,0,14,0,1,4,0,
demand: 73:37,63,70,53,60,96,18,45,12,:0,9,3,0,2,7,11,0,0,
demand: 302:14,60,16,4,96,60,79,81,:0,15,8,9,2,4,10,0,
demand: 881:29,92,4,28,96,18,87,72,:0,4,9,10,6,1,8,0,
demand: 543:83,68,87,18,87,33,37,25,56,70,53,70,85,:0,0,7,8,15,11,2,5,4,0,3,0,0,
demand: 319:60,44,84,7,44,54,37,65,77,92,40,81,79,74,:0,0,10,0,5,2,11,3,7,4,8,1,0,0,
demand: 310:66,60,44,54,37,33,96,40,81,53,:0,5,3,11,12,13,9,2,15,0,
demand: 801:88,37,6,5,:0,2,0,0,
demand: 811:7,33,37,54,11,77,81,63,37,88,96,81,40,57,77,81,40,81,25,:0,13,6,11,3,12,7,4,8,0,9,1,5,14,2,10,15,0,0,
demand: 200:6,92,65,:0,4,0,
demand: 316:9,37,54,28,77,81,54,42,:0,11,2,3,5,7,1,0,
demand: 849:90,26,37,24,:0,12,5,0,
demand: 436:16,33,78,:0,12,0,
demand: 192:34,33,37,57,39,:0,13,14,5,0,
demand: 325:8,25,4,54,81,63,37,33,54,81,96,40,57,77,90,:0,3,4,6,13,0,15,10,9,14,0,12,1,7,0,
demand: 792:56,40,28,54,38,:0,5,3,0,0,
demand: 217:36,77,81,16,33,22,:0,4,0,3,15,0,
demand: 140:94,77,27,:0,4,0,
demand: 875:32,40,57,77,57,40,96,81,63,37,57,72,:0,14,8,12,0,2,0,11,0,1,5,0,
demand: 233:61,40,32,26,37,57,37,94,:0,11,5,1,9,12,0,0,
demand: 779:79,57,2,20,33,:0,12,0,3,0,
demand: 712:39,6,37,54,81,96,40,92,29,:0,3,1,4,5,0,10,0,0,
demand: 432:37,26,63,:0,14,0,
demand: 47:100,100,100,100,100,100,100,100,100,100,100,100,100,21,:0,8,12,15,5,14,10,7,1,4,9,11,13,0,
demand: 457:39,33,54,57,88,37,26,54,33,40,32,57,79,62,:0,14,4,11,0,9,7,13,5,6,15,2,0,0,
demand: 629:19,37,6,5,:0,12,0,0,
demand: 564:38,54,33,77,76,64,33,54,57,79,35,:0,2,15,5,11,10,14,9,4,0,0,
demand: 238:40,32,26,54,57,32,76,64,57,54,26,77,49,:0,12,5,4,13,9,11,6,15,14,3,7,0,
demand: 181:72,77,76,64,26,54,:0,6,11,2,0,7,
demand: 210:45,48,77,72,:0,7,12,0,
demand: 443:70,63,81,96,40,33,54,33,43,:0,0,0,0,2,0,7,0,0,
demand: 304:34,76,64,26,77,76,32,76,56,:0,11,2,5,1,15,7,0,0,
demand: 463:84,76,77,48,35,79,57,32,48,35,52,33,64,26,40,:0,12,0,4,1,0,9,8,5,11,13,2,15,3,0,
demand: 102:81,56,76,89,54,73,:0,0,11,4,9,0,
demand: 866:91,76,32,48,32,76,89,54,26,64,10,76,100,:0,8,12,14,0,2,1,0,7,3,11,5,0,
demand: 528:5,76,89,48,35,52,76,2,57,32,48,35,52,64,10,3,41,:0,4,10,11,3,9,13,0,6,2,8,12,15,7,14,0,0,
demand: 41:22,48,32,52,64,10,64,52,64,10,26,35,99,:0,8,14,12,9,5,0,7,6,15,13,10,0,
demand: 129:90,10,14,:0,10,0,
demand: 82:60,10,52,32,35,26,10,52,32,35,89,90,:0,3,11,15,6,2,7,14,12,8,5,0,
demand: 963:19,35,52,64,52,35,32,48,32,52,32,48,100,:0,7,5,8,0,15,13,14,0,10,0,0,0,
demand: 934:97,35,32,52,32,35,26,64,26,10,52,76,89,48,64,15,:0,14,7,2,0,11,0,1,0,15,8,0,9,6,13,0,
demand: 896:73,48,89,35,32,3,10,26,89,48,64,90,:0,9,1,0,12,0,8,0,5,15,6,0,
demand: 13:45,48,64,89,80,64,48,58,:0,14,11,10,5,9,4,0,
demand: 147:28,52,10,26,89,80,8,66,89,35,8,10,13,66,64,80,8,47,41,:0,1,4,0,8,12,14,10,7,2,3,13,5,15,6,9,11,0,0,
demand: 790:62,80,8,66,13,25,8,80,64,43,:0,7,4,13,15,0,3,14,0,0,
demand: 344:42,13,66,8,25,13,66,8,80,25,13,72,77,66,75,3,68,:0,4,1,12,0,11,9,0,8,0,14,5,0,2,13,0,0,
demand: 560:53,75,66,75,10,13,72,55,3,75,71,72,55,3,75,71,72,55,5,75,60,66,55,5,75,8,:0,0,13,12,0,4,8,11,0,6,0,10,14,0,3,0,7,15,0,1,0,2,5,0,9,0,
demand: 448:52,10,75,5,55,74,5,19,73,34,82,31,49,19,73,34,33,18,:0,0,5,7,1,8,2,4,13,3,9,12,6,11,10,15,0,0,
demand: 517:34,33,1,95,51,49,31,82,74,5,19,73,34,82,27,1,93,:0,0,1,10,6,2,5,15,13,8,11,14,3,4,7,12,0,
demand: 503:87,95,1,42,:0,0,1,0,
demand: 3:96,4,1,27,82,44,7,:0,0,14,2,4,0,0,
demand: 968:79,42,1,27,78,29,59,91,43,23,74,43,51,25,:0,0,14,9,6,11,5,2,12,13,10,7,4,0,
demand: 12:69,7,44,1,74,43,:0,0,0,12,3,0,
demand: 68:25,1,73,34,78,29,59,91,43,23,74,43,:0,9,5,4,8,13,10,2,11,7,15,0,
demand: 706:61,9,91,59,29,78,34,74,95,51,49,31,59,24,62,:0,7,3,15,5,1,11,9,2,8,6,12,10,13,0,
demand: 141:70,1,49,51,18,:0,15,9,0,0,
demand: 389:64,80,1,62,24,59,32,:0,0,15,7,12,3,0,
demand: 183:20,9,91,95,51,23,62,24,9,91,86,78,34,15,91,:0,9,3,4,1,10,11,6,12,15,2,13,0,7,0,
demand: 736:55,15,34,86,85,86,85,51,15,85,78,6,:0,6,0,10,5,13,4,14,12,7,3,0,
demand: 173:19,62,1,8,:0,10,15,0,
demand: 821:13,5,9,31,:0,15,8,0,
demand: 201:82,19,85,78,27,10,:0,15,6,9,0,0,
demand: 63:60,24,9,:0,15,0,
demand: 228:23,85,9,:0,7,0,
demand: 835:42,85,78,34,90,:0,5,0,14,0,
demand: 750:26,1,85,78,27,78,85,84,44,:0,1,4,0,14,0,5,0,0,
demand: 66:37,86,85,91,85,86,85,15,68,:0,0,5,9,6,15,2,1,0,
Average Delay: 9.813186813186814
Runtime (mS): 12956Acceptation rate: 0.5352941176470588