demand: 62:48,48,48,48,48,24,:5,1,7,4,2,6,
demand: 522:31,31,31,31,29,:3,4,6,2,5,
demand: 6:3,3,3,36,36,96,28,:1,7,2,6,5,0,0,
demand: 292:39,39,39,39,39,14,14,:1,7,6,3,5,4,2,
demand: 752:55,55,103,103,39,39,29,14,110,62,:2,4,5,1,3,7,0,0,0,0,
demand: 729:46,46,76,48,5,81,1,:5,6,2,0,0,0,0,
demand: 302:55,55,55,103,103,39,39,66,5,37,:7,2,3,5,6,1,4,0,0,0,
demand: 507:28,28,28,96,96,32,112,64,:5,2,6,7,3,0,0,0,
demand: 633:29,29,29,66,66,66,5,58,:1,2,4,5,7,3,6,0,
demand: 972:52,52,14,110,62,:5,7,1,0,0,
demand: 865:64,64,112,112,48,6,66,14,:3,6,4,7,0,0,0,0,
demand: 452:11,11,83,15,111,47,:3,5,0,0,0,0,
Average Delay: 4.9
Runtime (mS): 48Acceptation rate: 1.0