demand: 62:48,48,48,48,48,24,:5,1,7,4,2,6,
demand: 522:31,31,31,31,29,:3,4,6,2,5,
demand: 6:3,3,3,36,36,96,28,:1,7,2,6,5,0,0,
demand: 292:39,39,39,39,39,14,14,:1,7,6,3,5,4,2,
demand: 752:55,55,103,103,39,39,29,14,110,62,:2,4,5,1,3,7,0,0,0,0,
demand: 729:46,46,76,48,5,81,1,:5,6,2,0,0,0,0,
demand: 302:55,55,55,103,103,39,39,66,5,37,:7,2,3,5,6,1,4,0,0,0,
demand: 507:28,28,28,96,96,32,112,64,:5,2,6,7,3,0,0,0,
demand: 633:29,29,29,66,66,66,5,58,:1,2,4,5,7,3,6,0,
demand: 972:52,52,14,110,62,:5,7,1,0,0,
demand: 865:64,64,112,112,48,6,66,14,:3,6,4,7,0,0,0,0,
demand: 452:11,11,83,15,111,47,:3,5,0,0,0,0,
demand: 290:38,38,38,74,74,74,39,52,:6,3,7,5,4,1,0,0,
demand: 78:1,1,1,81,81,5,:7,1,3,2,5,0,
demand: 818:35,73,33,97,17,:3,0,0,0,0,
demand: 482:62,110,46,:4,0,0,
demand: 156:44,108,12,88,16,:3,0,0,0,0,
demand: 662:46,110,14,68,15,:4,0,0,0,0,
demand: 657:41,105,9,81,5,48,:4,0,0,0,0,0,
demand: 855:56,104,24,6,82,10,:7,0,0,0,0,0,
demand: 870:6,6,6,6,37,:6,3,5,2,0,
demand: 251:17,17,85,9,:5,2,0,0,
demand: 798:23,23,23,70,70,24,5,:3,1,7,6,2,0,0,
demand: 450:56,56,104,24,58,79,57,:6,1,0,0,0,0,0,
demand: 731:53,53,101,101,5,66,39,29,14,110,30,:3,1,6,5,0,0,0,0,0,0,0,
demand: 605:58,58,58,5,5,5,66,39,103,55,:2,3,6,4,7,5,0,0,0,0,
demand: 303:27,27,27,91,91,91,31,66,5,101,53,:1,6,4,5,3,7,2,0,0,0,0,
demand: 753:16,16,112,48,37,:7,2,0,0,0,
demand: 306:20,20,20,100,100,100,52,14,110,62,:6,1,4,3,2,5,0,0,0,0,
demand: 436:12,12,88,24,98,2,:2,3,0,0,0,0,
demand: 987:26,26,106,106,58,58,24,5,66,60,14,:7,1,3,4,2,5,6,0,0,0,0,
demand: 851:63,111,31,60,79,57,105,41,:5,0,0,0,0,0,0,0,
Average Delay: 5.133333333333334
Runtime (mS): 80Acceptation rate: 1.0