demand: 62:48,48,48,48,48,24,:5,1,7,4,2,6,
demand: 522:31,31,31,31,29,:3,4,6,2,5,
demand: 6:3,3,3,36,36,96,28,:1,7,2,6,5,0,0,
demand: 292:39,39,39,39,39,14,14,:1,7,6,3,5,4,2,
demand: 752:55,55,103,103,39,39,29,14,110,62,:2,4,5,1,3,7,0,0,0,0,
demand: 729:46,46,76,48,5,81,1,:5,6,2,0,0,0,0,
demand: 302:55,55,55,103,103,39,39,66,5,37,:7,2,3,5,6,1,4,0,0,0,
demand: 507:28,28,28,96,96,32,112,64,:5,2,6,7,3,0,0,0,
demand: 633:29,29,29,66,66,66,5,58,:1,2,4,5,7,3,6,0,
demand: 972:52,52,14,110,62,:5,7,1,0,0,
demand: 865:64,64,112,112,48,6,66,14,:3,6,4,7,0,0,0,0,
demand: 452:11,11,83,15,111,47,:3,5,0,0,0,0,
demand: 290:38,38,38,74,74,74,39,52,:6,3,7,5,4,1,0,0,
demand: 78:1,1,1,81,81,5,:7,1,3,2,5,0,
demand: 818:35,73,33,97,17,:3,0,0,0,0,
demand: 482:62,110,46,:4,0,0,
demand: 156:44,108,12,88,16,:3,0,0,0,0,
demand: 662:46,110,14,68,15,:4,0,0,0,0,
demand: 657:41,105,9,81,5,48,:4,0,0,0,0,0,
demand: 855:56,104,24,6,82,10,:7,0,0,0,0,0,
demand: 870:6,6,6,6,37,:6,3,5,2,0,
demand: 251:17,17,85,9,:5,2,0,0,
demand: 798:23,23,23,70,70,24,5,:3,1,7,6,2,0,0,
demand: 450:56,56,104,24,58,79,57,:6,1,0,0,0,0,0,
demand: 731:53,53,101,101,5,66,39,29,14,110,30,:3,1,6,5,0,0,0,0,0,0,0,
demand: 605:58,58,58,5,5,5,66,39,103,55,:2,3,6,4,7,5,0,0,0,0,
demand: 303:27,27,27,91,91,91,31,66,5,101,53,:1,6,4,5,3,7,2,0,0,0,0,
demand: 753:16,16,112,48,37,:7,2,0,0,0,
demand: 306:20,20,20,100,100,100,52,14,110,62,:6,1,4,3,2,5,0,0,0,0,
demand: 436:12,12,88,24,98,2,:2,3,0,0,0,0,
demand: 987:26,26,106,106,58,58,24,5,66,60,14,:7,1,3,4,2,5,6,0,0,0,0,
demand: 851:63,111,31,60,79,57,105,41,:5,0,0,0,0,0,0,0,
demand: 704:49,49,77,52,60,14,110,62,:4,6,0,0,0,0,0,0,
demand: 602:60,60,60,39,31,31,31,14,:1,4,5,6,2,7,3,0,
demand: 429:7,7,7,55,:1,5,6,3,
demand: 132:3,3,5,66,29,:4,1,3,0,0,
demand: 454:26,26,106,106,58,3,5,81,1,:5,1,4,7,6,0,0,0,0,
demand: 120:14,14,14,82,82,82,6,58,79,57,:1,7,6,5,2,4,3,0,0,0,
demand: 525:33,33,93,29,:5,3,0,0,
demand: 51:22,22,70,24,3,:2,7,0,0,0,
demand: 551:35,35,73,36,5,81,13,:2,3,0,0,0,0,0,
demand: 246:5,98,34,:7,0,0,
demand: 478:51,51,99,99,3,6,102,54,:4,6,2,5,7,0,0,0,
demand: 656:7,7,66,66,5,37,98,34,:4,3,6,5,0,0,0,0,
demand: 697:55,55,7,66,66,52,29,109,13,:1,4,2,5,3,6,0,0,0,
demand: 351:8,8,37,37,6,6,82,14,:1,3,5,2,7,6,0,0,
demand: 158:13,13,109,109,60,52,39,103,55,:5,7,3,6,1,4,0,0,0,
demand: 770:35,35,35,35,73,73,34,:6,2,7,4,3,1,0,
demand: 475:40,40,40,104,24,6,:7,1,2,6,0,0,
demand: 325:20,20,92,28,:2,1,0,0,
demand: 147:47,47,76,45,109,29,:5,4,7,0,0,0,
demand: 349:39,74,38,94,30,:1,6,0,0,0,
demand: 299:60,79,79,58,58,37,74,39,103,55,:3,7,6,2,1,0,0,0,0,0,
demand: 896:56,56,104,24,98,58,79,59,107,43,:7,4,0,0,0,0,0,0,0,0,
demand: 876:27,71,25,105,41,:1,0,0,0,0,
demand: 765:34,34,98,98,48,76,47,:2,6,4,1,0,0,0,
demand: 707:53,53,53,101,101,101,36,58,:7,5,3,1,6,2,4,0,
demand: 653:46,46,46,76,76,76,48,58,79,59,:4,5,6,7,2,1,3,0,0,0,
demand: 46:2,2,98,98,5,5,91,27,:4,5,6,7,3,2,1,0,
demand: 89:7,66,37,37,37,36,36,36,48,:0,6,4,2,7,5,3,1,0,
demand: 88:24,24,24,88,12,:5,3,7,0,0,
demand: 532:47,47,76,48,98,34,:6,5,3,0,0,0,
demand: 954:38,38,38,94,34,:4,6,7,5,0,
demand: 136:55,52,52,31,29,93,93,33,:2,6,4,7,5,3,1,0,
demand: 422:8,8,6,98,50,77,49,:6,3,2,4,0,0,0,
demand: 92:36,3,58,:1,0,0,
demand: 186:17,17,17,69,19,:3,7,2,0,0,
demand: 417:44,44,108,108,12,88,24,37,3,48,76,47,:1,4,5,7,0,0,0,0,0,0,0,0,
demand: 999:57,79,58,24,70,22,:3,0,0,0,0,0,
demand: 104:18,18,36,73,35,:5,1,7,0,0,
demand: 31:42,42,42,75,75,75,44,108,12,88,16,:5,4,6,3,7,2,1,0,0,0,0,
demand: 655:1,1,81,5,66,60,108,44,:4,7,5,0,0,0,0,0,
demand: 714:41,41,105,57,79,60,29,109,45,:6,7,0,0,0,0,0,0,0,
demand: 365:11,11,83,7,103,55,:7,2,4,0,0,0,
demand: 908:24,88,88,88,16,:3,1,6,5,0,
demand: 20:29,93,93,93,33,33,73,34,:0,6,1,4,2,3,0,0,
demand: 245:4,4,65,3,5,101,21,:7,2,0,0,0,0,0,
demand: 811:46,46,46,45,45,45,109,13,:4,7,2,3,6,1,5,0,
demand: 758:55,78,78,54,102,38,:7,5,6,4,0,0,
demand: 322:50,50,3,6,82,10,:6,2,7,0,0,0,
demand: 510:44,108,108,12,88,24,6,36,73,35,:0,4,1,0,0,0,0,0,0,0,
demand: 781:63,63,111,15,:7,1,0,0,
demand: 409:19,19,99,35,73,36,24,:1,5,7,0,0,0,0,
demand: 640:43,107,11,83,7,66,6,:5,0,0,0,0,0,0,
demand: 831:64,112,16,88,12,108,44,:7,0,0,0,0,0,0,
demand: 404:19,99,99,35,73,36,:1,5,2,0,0,0,
demand: 537:28,28,92,92,24,3,3,83,7,66,5,:6,2,5,1,4,3,7,0,0,0,0,
demand: 29:9,67,12,108,44,:6,0,0,0,0,
demand: 980:57,57,57,79,79,79,58,98,18,:6,2,5,4,7,3,1,0,0,
demand: 797:52,31,111,63,:2,0,0,0,
demand: 60:2,2,2,2,82,82,14,:2,5,1,6,3,4,0,
demand: 812:45,110,110,110,14,14,14,86,18,:1,6,5,7,3,2,4,0,0,
demand: 924:60,79,58,37,3,48,76,47,:0,6,4,0,0,0,0,0,
demand: 319:9,9,9,9,105,105,105,57,:7,1,2,4,3,5,6,0,
demand: 732:46,110,110,14,82,10,106,58,79,59,:0,3,1,0,0,0,0,0,0,0,
demand: 763:3,3,99,19,69,17,:3,5,0,0,0,0,
demand: 198:5,81,81,97,97,17,:0,1,3,6,7,0,
demand: 512:27,23,:6,5,
demand: 545:38,94,94,34,34,98,3,99,19,:0,7,4,1,6,0,0,0,0,
demand: 692:53,101,101,81,81,13,109,45,76,47,:0,7,6,5,3,0,0,0,0,0,
demand: 397:20,69,19,:3,2,0,
demand: 220:41,105,25,71,27,91,23,:6,0,0,0,0,0,0,
Average Delay: 5.25
Runtime (mS): 129Acceptation rate: 1.0