83, 7, 66, 6, 102, 38, 94, 26, 71, 28, 
103, 7, 83, 15, 68, 16, 84, 8, 66, 7, 66, 6, 82, 14, 
103, 7, 83, 7, 66, 7, 83, 7, 66, 6, 82, 14, 110, 62, 
110, 14, 68, 16, 84, 4, 65, 1, 
103, 7, 83, 7, 66, 6, 102, 38, 102, 6, 66, 5, 101, 37, 
71, 27, 107, 59, 79, 60, 108, 44, 108, 12, 84, 16, 112, 64, 
109, 13, 68, 16, 84, 8, 66, 6, 82, 10, 106, 58, 
100, 4, 84, 16, 68, 14, 110, 62, 
112, 16, 68, 13, 109, 13, 68, 14, 
83, 15, 68, 15, 111, 47, 
demand: 6:3,83,7,66,6,102,38,94,26,71,28,:0,1,7,2,6,5,0,0,0,0,0,
demand: 292:39,103,7,83,15,68,16,84,8,66,7,66,6,82,14,:0,0,1,7,0,6,3,0,5,4,2,0,0,0,0,
demand: 752:55,103,7,83,7,66,7,83,7,66,6,82,14,110,62,:0,0,2,4,0,5,1,3,0,7,0,0,0,0,0,
demand: 729:46,110,14,68,16,84,4,65,1,:0,5,0,6,2,0,0,0,0,
demand: 302:55,103,7,83,7,66,6,102,38,102,6,66,5,101,37,:0,0,0,7,2,3,5,6,1,0,4,0,0,0,0,
demand: 507:28,71,27,107,59,79,60,108,44,108,12,84,16,112,64,:0,0,5,2,0,6,7,0,3,0,0,0,0,0,0,
demand: 633:29,109,13,68,16,84,8,66,6,82,10,106,58,:0,1,2,4,5,0,7,3,6,0,0,0,0,
demand: 972:52,100,4,84,16,68,14,110,62,:0,5,7,0,1,0,0,0,0,
demand: 865:64,112,16,68,13,109,13,68,14,:0,0,3,6,4,7,0,0,0,
demand: 452:11,83,15,68,15,111,47,:0,3,0,5,0,0,0,
Average Delay: 11.8
Runtime (mS): 202Acceptation rate: 1.0