112, 16, 68, 13, 109, 13, 68, 16, 88, 24, 
6, 5, 48, 6, 5, 36, 96, 28, 
103, 7, 83, 15, 68, 16, 68, 13, 68, 16, 68, 14, 
103, 7, 83, 3, 5, 3, 48, 24, 6, 24, 5, 24, 48, 112, 64, 80, 62, 
110, 14, 68, 16, 68, 13, 81, 1, 
103, 7, 83, 3, 6, 48, 5, 48, 6, 3, 48, 37, 
71, 27, 107, 11, 83, 7, 66, 8, 84, 16, 112, 64, 
109, 13, 68, 16, 112, 48, 36, 6, 37, 5, 58, 48, 58, 
demand: 62:48,112,16,68,13,109,13,68,16,88,24,:0,0,5,1,7,4,0,2,6,0,0,
demand: 6:3,6,5,48,6,5,36,96,28,:0,1,7,2,6,5,0,0,0,
demand: 292:39,103,7,83,15,68,16,68,13,68,16,68,14,:0,0,1,7,0,6,3,0,5,4,2,0,0,
demand: 752:55,103,7,83,3,5,3,48,24,6,24,5,24,48,112,64,80,62,:0,0,2,4,0,5,0,1,0,3,0,7,0,0,0,0,0,0,
demand: 729:46,110,14,68,16,68,13,81,1,:0,5,0,6,2,0,0,0,0,
demand: 302:55,103,7,83,3,6,48,5,48,6,3,48,37,:0,0,7,2,0,3,5,6,0,1,0,4,0,
demand: 507:28,71,27,107,11,83,7,66,8,84,16,112,64,:0,0,5,2,0,6,7,3,0,0,0,0,0,
demand: 633:29,109,13,68,16,112,48,36,6,37,5,58,48,58,:0,1,2,0,4,0,5,0,7,0,3,0,6,0,
Average Delay: 12.714285714285714
Runtime (mS): 277Acceptation rate: 1.0