112, 16, 68, 13, 109, 13, 68, 16, 88, 24, 
6, 5, 48, 6, 5, 36, 96, 28, 
103, 7, 83, 15, 68, 16, 68, 13, 68, 16, 68, 14, 
103, 7, 83, 3, 5, 3, 48, 24, 6, 24, 5, 24, 48, 112, 64, 80, 62, 
110, 14, 68, 16, 68, 13, 81, 1, 
103, 7, 83, 3, 6, 48, 5, 48, 6, 3, 48, 37, 
71, 27, 107, 11, 83, 7, 66, 8, 84, 16, 112, 64, 
109, 13, 68, 16, 112, 48, 36, 6, 37, 5, 58, 48, 58, 
100, 4, 84, 8, 84, 16, 68, 14, 110, 62, 
112, 16, 68, 13, 109, 13, 68, 14, 
83, 3, 58, 6, 98, 48, 76, 47, 
102, 6, 98, 5, 98, 37, 101, 21, 70, 24, 36, 100, 52, 
95, 27, 71, 25, 89, 17, 
110, 46, 
75, 42, 106, 58, 24, 88, 16, 
110, 14, 68, 15, 
105, 9, 67, 11, 83, 3, 98, 48, 
104, 8, 84, 12, 67, 10, 
102, 38, 94, 34, 98, 24, 37, 
69, 20, 88, 12, 67, 9, 
70, 21, 101, 5, 36, 98, 36, 5, 
104, 8, 66, 6, 58, 79, 57, 
101, 21, 70, 24, 3, 58, 98, 34, 94, 30, 
98, 37, 48, 37, 101, 37, 98, 3, 83, 3, 24, 70, 23, 103, 55, 
107, 59, 79, 60, 108, 44, 75, 42, 106, 10, 67, 9, 85, 21, 101, 53, 
84, 8, 66, 7, 83, 3, 37, 
69, 20, 100, 4, 84, 8, 66, 6, 102, 38, 94, 30, 110, 62, 
84, 8, 66, 6, 82, 2, 
106, 10, 67, 9, 85, 21, 101, 5, 66, 8, 84, 16, 68, 14, 
80, 64, 112, 32, 96, 36, 58, 106, 42, 75, 41, 
97, 1, 81, 9, 85, 13, 68, 14, 110, 62, 
79, 59, 107, 27, 95, 35, 73, 34, 94, 38, 102, 6, 82, 14, 
66, 6, 102, 38, 94, 34, 73, 36, 3, 83, 7, 103, 55, 
65, 1, 81, 9, 85, 21, 89, 29, 
106, 10, 106, 42, 75, 44, 108, 60, 79, 57, 105, 9, 81, 1, 
82, 10, 106, 42, 75, 44, 108, 60, 79, 59, 107, 27, 107, 59, 79, 57, 
93, 37, 101, 21, 89, 29, 
70, 21, 85, 13, 68, 15, 83, 3, 
95, 27, 107, 11, 83, 15, 68, 13, 
81, 1, 97, 33, 73, 34, 
99, 35, 95, 27, 107, 59, 79, 58, 36, 24, 70, 21, 89, 21, 101, 53, 78, 54, 
66, 8, 84, 4, 100, 20, 69, 18, 98, 34, 
103, 7, 66, 6, 102, 38, 102, 38, 94, 34, 98, 50, 98, 2, 82, 14, 68, 13, 
84, 4, 100, 4, 100, 20, 69, 20, 100, 4, 84, 16, 68, 14, 
109, 29, 89, 29, 109, 13, 68, 16, 112, 32, 92, 20, 88, 24, 70, 23, 103, 55, 
95, 27, 107, 59, 79, 58, 37, 93, 29, 89, 21, 101, 37, 58, 79, 58, 37, 36, 73, 34, 
96, 32, 92, 20, 69, 20, 100, 36, 98, 2, 82, 6, 
69, 18, 98, 34, 73, 36, 96, 28, 
111, 63, 111, 31, 95, 35, 73, 33, 93, 29, 
95, 35, 95, 27, 95, 31, 72, 30, 
79, 60, 108, 44, 75, 42, 106, 58, 79, 57, 105, 25, 93, 37, 101, 53, 78, 55, 
78, 54, 102, 38, 94, 34, 98, 50, 98, 34, 73, 35, 95, 27, 107, 43, 
107, 43, 75, 42, 75, 41, 
94, 38, 102, 38, 94, 34, 98, 50, 77, 51, 99, 35, 95, 31, 111, 47, 
78, 56, 104, 40, 96, 32, 112, 16, 68, 15, 111, 63, 111, 15, 68, 16, 84, 8, 84, 12, 108, 60, 79, 58, 
76, 47, 111, 63, 111, 31, 95, 35, 73, 34, 98, 50, 98, 2, 65, 1, 81, 9, 105, 57, 79, 59, 
66, 6, 102, 54, 78, 53, 101, 21, 89, 25, 105, 41, 75, 42, 106, 26, 94, 34, 73, 35, 95, 31, 111, 63, 111, 47, 76, 48, 
104, 8, 66, 8, 84, 12, 
76, 46, 110, 14, 68, 13, 68, 14, 82, 2, 98, 34, 
74, 37, 101, 21, 85, 9, 81, 1, 65, 2, 98, 34, 
78, 55, 103, 7, 83, 3, 99, 51, 77, 50, 98, 2, 98, 34, 73, 33, 
84, 4, 100, 4, 84, 12, 108, 60, 108, 12, 67, 9, 81, 1, 97, 49, 
96, 28, 108, 60, 79, 58, 
89, 25, 105, 41, 75, 44, 75, 43, 107, 27, 91, 19, 
108, 12, 84, 8, 104, 8, 84, 16, 68, 15, 111, 47, 
79, 60, 79, 58, 106, 10, 86, 22, 
86, 14, 82, 2, 98, 34, 73, 35, 
106, 26, 90, 18, 98, 34, 98, 50, 77, 52, 100, 36, 100, 4, 84, 16, 
81, 9, 85, 9, 67, 12, 108, 44, 
75, 42, 106, 26, 71, 25, 89, 29, 109, 45, 
67, 12, 84, 8, 66, 7, 103, 55, 
70, 21, 85, 9, 81, 13, 68, 16, 
109, 61, 80, 64, 112, 112, 32, 96, 36, 73, 34, 
84, 12, 67, 9, 85, 21, 
110, 14, 82, 2, 98, 50, 98, 2, 82, 10, 82, 14, 68, 13, 
78, 54, 78, 53, 101, 37, 93, 37, 36, 37, 74, 38, 
77, 52, 100, 36, 73, 34, 98, 2, 82, 10, 
108, 12, 67, 11, 107, 27, 95, 35, 
111, 47, 111, 15, 
99, 3, 83, 15, 68, 16, 88, 24, 
107, 11, 83, 7, 66, 6, 
112, 16, 84, 12, 108, 44, 
99, 3, 83, 15, 68, 16, 84, 4, 100, 36, 
96, 36, 96, 28, 96, 36, 73, 35, 99, 3, 83, 7, 66, 5, 
85, 9, 67, 12, 108, 44, 
79, 58, 106, 26, 90, 18, 86, 10, 82, 2, 98, 18, 
77, 51, 99, 35, 95, 31, 111, 63, 
76, 47, 111, 15, 68, 14, 68, 13, 85, 9, 81, 13, 68, 14, 86, 18, 
108, 12, 84, 16, 68, 15, 111, 47, 
85, 9, 81, 9, 67, 12, 108, 60, 108, 12, 108, 60, 79, 57, 
110, 30, 94, 38, 74, 39, 95, 27, 107, 59, 
83, 15, 68, 13, 85, 17, 
81, 9, 85, 9, 81, 9, 85, 17, 
107, 11, 67, 11, 87, 23, 
74, 39, 103, 55, 78, 55, 103, 23, 87, 19, 
78, 55, 103, 39, 95, 35, 95, 31, 111, 47, 
92, 32, 112, 16, 68, 15, 87, 19, 
105, 25, 89, 21, 70, 23, 
demand: 62:48,112,16,68,13,109,13,68,16,88,24,:0,0,5,1,7,4,0,2,6,0,0,
demand: 6:3,6,5,48,6,5,36,96,28,:0,1,7,2,6,5,0,0,0,
demand: 292:39,103,7,83,15,68,16,68,13,68,16,68,14,:0,0,1,7,0,6,3,0,5,4,2,0,0,
demand: 752:55,103,7,83,3,5,3,48,24,6,24,5,24,48,112,64,80,62,:0,0,2,4,0,5,0,1,0,3,0,7,0,0,0,0,0,0,
demand: 729:46,110,14,68,16,68,13,81,1,:0,5,0,6,2,0,0,0,0,
demand: 302:55,103,7,83,3,6,48,5,48,6,3,48,37,:0,0,7,2,0,3,5,6,0,1,0,4,0,
demand: 507:28,71,27,107,11,83,7,66,8,84,16,112,64,:0,0,5,2,0,6,7,3,0,0,0,0,0,
demand: 633:29,109,13,68,16,112,48,36,6,37,5,58,48,58,:0,1,2,0,4,0,5,0,7,0,3,0,6,0,
demand: 972:52,100,4,84,8,84,16,68,14,110,62,:0,5,7,0,1,0,0,0,0,0,0,
demand: 865:64,112,16,68,13,109,13,68,14,:0,0,3,6,4,7,0,0,0,
demand: 452:11,83,3,58,6,98,48,76,47,:0,3,0,0,5,0,0,0,0,
demand: 290:38,102,6,98,5,98,37,101,21,70,24,36,100,52,:0,6,0,0,3,7,0,5,4,1,0,0,0,0,
demand: 818:35,95,27,71,25,89,17,:0,0,3,0,0,0,0,
demand: 482:62,110,46,:0,4,0,
demand: 156:44,75,42,106,58,24,88,16,:0,0,3,0,0,0,0,0,
demand: 662:46,110,14,68,15,:0,4,0,0,0,
demand: 657:41,105,9,67,11,83,3,98,48,:0,0,4,0,0,0,0,0,0,
demand: 855:56,104,8,84,12,67,10,:0,0,7,0,0,0,0,
demand: 870:6,102,38,94,34,98,24,37,:0,6,3,0,5,2,0,0,
demand: 251:17,69,20,88,12,67,9,:0,5,2,0,0,0,0,
demand: 798:23,70,21,101,5,36,98,36,5,:0,3,1,7,6,0,2,0,0,
demand: 450:56,104,8,66,6,58,79,57,:0,0,6,1,0,0,0,0,
demand: 731:53,101,21,70,24,3,58,98,34,94,30,:0,3,1,6,0,0,0,5,0,0,0,
demand: 605:58,98,37,48,37,101,37,98,3,83,3,24,70,23,103,55,:0,2,0,3,0,6,0,4,0,7,0,0,5,0,0,0,
demand: 303:27,107,59,79,60,108,44,75,42,106,10,67,9,85,21,101,53,:0,1,0,6,4,0,5,0,3,0,7,0,2,0,0,0,0,
demand: 753:16,84,8,66,7,83,3,37,:0,0,7,2,0,0,0,0,
demand: 306:20,69,20,100,4,84,8,66,6,102,38,94,30,110,62,:0,6,0,1,4,0,3,2,0,5,0,0,0,0,0,
demand: 436:12,84,8,66,6,82,2,:0,0,2,3,0,0,0,
demand: 987:26,106,10,67,9,85,21,101,5,66,8,84,16,68,14,:0,0,7,0,1,0,3,4,2,5,6,0,0,0,0,
demand: 851:63,80,64,112,32,96,36,58,106,42,75,41,:0,0,0,0,5,0,0,0,0,0,0,0,
demand: 704:49,97,1,81,9,85,13,68,14,110,62,:0,0,4,0,6,0,0,0,0,0,0,
demand: 602:60,79,59,107,27,95,35,73,34,94,38,102,6,82,14,:0,1,0,4,5,0,6,0,2,0,7,3,0,0,0,
demand: 429:7,66,6,102,38,94,34,73,36,3,83,7,103,55,:0,1,0,5,6,0,3,0,0,0,0,0,0,0,
demand: 132:3,65,1,81,9,85,21,89,29,:0,0,4,0,1,0,3,0,0,
demand: 454:26,106,10,106,42,75,44,108,60,79,57,105,9,81,1,:0,0,5,0,1,0,4,0,7,6,0,0,0,0,0,
demand: 120:14,82,10,106,42,75,44,108,60,79,59,107,27,107,59,79,57,:0,0,1,0,7,0,6,0,5,2,0,4,3,0,0,0,0,
demand: 525:33,93,37,101,21,89,29,:0,5,0,3,0,0,0,
demand: 51:22,70,21,85,13,68,15,83,3,:0,2,7,0,0,0,0,0,0,
demand: 551:35,95,27,107,11,83,15,68,13,:0,0,2,3,0,0,0,0,0,
demand: 246:5,81,1,97,33,73,34,:0,0,7,0,0,0,0,
demand: 478:51,99,35,95,27,107,59,79,58,36,24,70,21,89,21,101,53,78,54,:0,0,4,0,6,0,0,2,0,0,0,5,0,7,0,0,0,0,0,
demand: 656:7,66,8,84,4,100,20,69,18,98,34,:0,0,0,0,4,3,6,5,0,0,0,
demand: 697:55,103,7,66,6,102,38,102,38,94,34,98,50,98,2,82,14,68,13,:0,0,1,0,0,0,4,2,0,0,5,3,6,0,0,0,0,0,0,
demand: 351:8,84,4,100,4,100,20,69,20,100,4,84,16,68,14,:0,0,0,1,3,0,5,2,0,7,6,0,0,0,0,
demand: 158:13,109,29,89,29,109,13,68,16,112,32,92,20,88,24,70,23,103,55,:0,0,0,5,0,7,3,6,0,0,1,0,4,0,0,0,0,0,0,
demand: 770:35,95,27,107,59,79,58,37,93,29,89,21,101,37,58,79,58,37,36,73,34,:0,0,6,0,0,2,0,0,7,0,4,3,0,0,0,1,0,0,0,0,0,
demand: 475:40,96,32,92,20,69,20,100,36,98,2,82,6,:0,0,7,0,1,2,0,6,0,0,0,0,0,
demand: 325:20,69,18,98,34,73,36,96,28,:0,2,0,0,1,0,0,0,0,
demand: 147:47,111,63,111,31,95,35,73,33,93,29,:0,0,5,0,0,0,4,0,0,7,0,
demand: 349:39,95,35,95,27,95,31,72,30,:0,0,1,0,6,0,0,0,0,
demand: 299:60,79,60,108,44,75,42,106,58,79,57,105,25,93,37,101,53,78,55,:0,3,0,0,7,0,6,0,0,2,0,0,0,1,0,0,0,0,0,
demand: 896:56,78,54,102,38,94,34,98,50,98,34,73,35,95,27,107,43,:0,0,0,0,7,0,0,0,4,0,0,0,0,0,0,0,0,
demand: 876:27,107,43,75,42,75,41,:0,0,0,0,1,0,0,
demand: 765:34,94,38,102,38,94,34,98,50,77,51,99,35,95,31,111,47,:0,0,2,6,0,0,0,0,4,1,0,0,0,0,0,0,0,
demand: 707:53,78,56,104,40,96,32,112,16,68,15,111,63,111,15,68,16,84,8,84,12,108,60,79,58,:0,7,0,0,0,0,5,0,3,0,0,0,1,0,0,6,0,0,2,4,0,0,0,0,0,
demand: 653:46,76,47,111,63,111,31,95,35,73,34,98,50,98,2,65,1,81,9,105,57,79,59,:0,0,0,0,4,5,0,0,6,0,0,0,7,0,0,0,2,1,3,0,0,0,0,
demand: 89:7,66,6,102,54,78,53,101,21,89,25,105,41,75,42,106,26,94,34,73,35,95,31,111,63,111,47,76,48,:0,0,0,6,4,0,0,0,0,2,0,0,0,0,7,0,5,0,3,0,0,0,0,0,1,0,0,0,0,
demand: 88:24,104,8,66,8,84,12,:0,5,0,3,0,7,0,
demand: 532:47,76,46,110,14,68,13,68,14,82,2,98,34,:0,0,0,6,5,0,3,0,0,0,0,0,0,
demand: 954:38,74,37,101,21,85,9,81,1,65,2,98,34,:0,4,0,6,0,7,0,5,0,0,0,0,0,
demand: 136:55,78,55,103,7,83,3,99,51,77,50,98,2,98,34,73,33,:0,2,0,0,6,0,4,7,0,5,3,0,1,0,0,0,0,
demand: 422:8,84,4,100,4,84,12,108,60,108,12,67,9,81,1,97,49,:0,0,6,3,0,0,0,0,2,4,0,0,0,0,0,0,0,
demand: 92:36,96,28,108,60,79,58,:0,1,0,0,0,0,0,
demand: 186:17,89,25,105,41,75,44,75,43,107,27,91,19,:0,3,7,0,0,0,2,0,0,0,0,0,0,
demand: 417:44,108,12,84,8,104,8,84,16,68,15,111,47,:0,1,4,5,0,7,0,0,0,0,0,0,0,
demand: 999:57,79,60,79,58,106,10,86,22,:0,0,3,0,0,0,0,0,0,
demand: 104:18,86,14,82,2,98,34,73,35,:0,5,1,7,0,0,0,0,0,
demand: 31:42,106,26,90,18,98,34,98,50,77,52,100,36,100,4,84,16,:0,0,5,4,0,0,6,0,3,7,2,0,1,0,0,0,0,
demand: 655:1,81,9,85,9,67,12,108,44,:0,4,0,7,0,5,0,0,0,
demand: 714:41,75,42,106,26,71,25,89,29,109,45,:0,0,6,0,7,0,0,0,0,0,0,
demand: 365:11,67,12,84,8,66,7,103,55,:0,7,2,4,0,0,0,0,0,
demand: 908:24,70,21,85,9,81,13,68,16,:0,3,0,1,6,5,0,0,0,
demand: 20:29,109,61,80,64,112,112,32,96,36,73,34,:0,6,1,0,4,2,3,0,0,0,0,0,
demand: 245:4,84,12,67,9,85,21,:0,7,2,0,0,0,0,
demand: 811:46,110,14,82,2,98,50,98,2,82,10,82,14,68,13,:0,0,4,7,2,0,3,0,0,0,6,1,5,0,0,
demand: 758:55,78,54,78,53,101,37,93,37,36,37,74,38,:0,7,5,0,0,0,0,6,0,4,0,0,0,
demand: 322:50,77,52,100,36,73,34,98,2,82,10,:0,6,2,0,7,0,0,0,0,0,0,
demand: 510:44,108,12,67,11,107,27,95,35,:0,4,1,0,0,0,0,0,0,
demand: 781:63,111,47,111,15,:0,7,1,0,0,
demand: 409:19,99,3,83,15,68,16,88,24,:0,1,5,0,7,0,0,0,0,
demand: 640:43,107,11,83,7,66,6,:0,0,5,0,0,0,0,
demand: 831:64,112,16,84,12,108,44,:0,7,0,0,0,0,0,
demand: 404:19,99,3,83,15,68,16,84,4,100,36,:0,1,5,0,2,0,0,0,0,0,0,
demand: 537:28,96,36,96,28,96,36,73,35,99,3,83,7,66,5,:0,6,2,0,5,1,4,0,3,7,0,0,0,0,0,
demand: 29:9,85,9,67,12,108,44,:0,6,0,0,0,0,0,
demand: 980:57,79,58,106,26,90,18,86,10,82,2,98,18,:0,0,6,0,2,5,4,7,3,1,0,0,0,
demand: 797:52,77,51,99,35,95,31,111,63,:0,2,0,0,0,0,0,0,0,
demand: 812:45,76,47,111,15,68,14,68,13,85,9,81,13,68,14,86,18,:0,0,1,6,5,0,7,0,3,2,0,4,0,0,0,0,0,
demand: 924:60,108,12,84,16,68,15,111,47,:0,6,4,0,0,0,0,0,0,
demand: 319:9,85,9,81,9,67,12,108,60,108,12,108,60,79,57,:0,7,0,1,0,2,4,0,3,5,6,0,0,0,0,
demand: 732:46,110,30,94,38,74,39,95,27,107,59,:0,0,0,0,3,1,0,0,0,0,0,
demand: 763:3,83,15,68,13,85,17,:0,3,5,0,0,0,0,
demand: 198:5,81,9,85,9,81,9,85,17,:0,1,3,6,0,7,0,0,0,
demand: 512:27,107,11,67,11,87,23,:0,0,6,5,0,0,0,
demand: 545:38,74,39,103,55,78,55,103,23,87,19,:0,7,4,0,1,6,0,0,0,0,0,
demand: 692:53,78,55,103,39,95,35,95,31,111,47,:0,7,6,0,5,0,3,0,0,0,0,
demand: 397:20,92,32,112,16,68,15,87,19,:0,0,3,2,0,0,0,0,0,
demand: 220:41,105,25,89,21,70,23,:0,0,6,0,0,0,0,
Average Delay: 11.70103092783505
Runtime (mS): 1368Acceptation rate: 0.97