112, 16, 68, 13, 109, 13, 68, 16, 88, 24, 
6, 5, 48, 6, 5, 36, 96, 28, 
103, 7, 83, 15, 68, 16, 68, 13, 68, 16, 68, 14, 
103, 7, 83, 3, 5, 3, 48, 24, 6, 24, 5, 24, 48, 112, 64, 80, 62, 
110, 14, 68, 16, 68, 13, 81, 1, 
103, 7, 83, 3, 6, 48, 5, 48, 6, 3, 48, 37, 
71, 27, 107, 11, 83, 7, 66, 8, 84, 16, 112, 64, 
109, 13, 68, 16, 112, 48, 36, 6, 37, 5, 58, 48, 58, 
100, 4, 84, 8, 84, 16, 68, 14, 110, 62, 
112, 16, 68, 13, 109, 13, 68, 14, 
83, 3, 58, 6, 98, 48, 76, 47, 
102, 6, 98, 5, 98, 37, 101, 21, 70, 24, 36, 100, 52, 
95, 27, 71, 25, 89, 17, 
110, 46, 
75, 42, 106, 58, 24, 88, 16, 
110, 14, 68, 15, 
105, 9, 67, 11, 83, 3, 98, 48, 
104, 8, 84, 12, 67, 10, 
102, 38, 94, 34, 98, 24, 37, 
69, 20, 88, 12, 67, 9, 
70, 21, 101, 5, 36, 98, 36, 5, 
104, 8, 66, 6, 58, 79, 57, 
101, 21, 70, 24, 3, 58, 98, 34, 94, 30, 
98, 37, 48, 37, 101, 37, 98, 3, 83, 3, 24, 70, 23, 103, 55, 
107, 59, 79, 60, 108, 44, 75, 42, 106, 10, 67, 9, 85, 21, 101, 53, 
84, 8, 66, 7, 83, 3, 37, 
69, 20, 100, 4, 84, 8, 66, 6, 102, 38, 94, 30, 110, 62, 
84, 8, 66, 6, 82, 2, 
106, 10, 67, 9, 85, 21, 101, 5, 66, 8, 84, 16, 68, 14, 
80, 64, 112, 32, 96, 36, 58, 106, 42, 75, 41, 
demand: 62:48,112,16,68,13,109,13,68,16,88,24,:0,0,5,1,7,4,0,2,6,0,0,
demand: 6:3,6,5,48,6,5,36,96,28,:0,1,7,2,6,5,0,0,0,
demand: 292:39,103,7,83,15,68,16,68,13,68,16,68,14,:0,0,1,7,0,6,3,0,5,4,2,0,0,
demand: 752:55,103,7,83,3,5,3,48,24,6,24,5,24,48,112,64,80,62,:0,0,2,4,0,5,0,1,0,3,0,7,0,0,0,0,0,0,
demand: 729:46,110,14,68,16,68,13,81,1,:0,5,0,6,2,0,0,0,0,
demand: 302:55,103,7,83,3,6,48,5,48,6,3,48,37,:0,0,7,2,0,3,5,6,0,1,0,4,0,
demand: 507:28,71,27,107,11,83,7,66,8,84,16,112,64,:0,0,5,2,0,6,7,3,0,0,0,0,0,
demand: 633:29,109,13,68,16,112,48,36,6,37,5,58,48,58,:0,1,2,0,4,0,5,0,7,0,3,0,6,0,
demand: 972:52,100,4,84,8,84,16,68,14,110,62,:0,5,7,0,1,0,0,0,0,0,0,
demand: 865:64,112,16,68,13,109,13,68,14,:0,0,3,6,4,7,0,0,0,
demand: 452:11,83,3,58,6,98,48,76,47,:0,3,0,0,5,0,0,0,0,
demand: 290:38,102,6,98,5,98,37,101,21,70,24,36,100,52,:0,6,0,0,3,7,0,5,4,1,0,0,0,0,
demand: 818:35,95,27,71,25,89,17,:0,0,3,0,0,0,0,
demand: 482:62,110,46,:0,4,0,
demand: 156:44,75,42,106,58,24,88,16,:0,0,3,0,0,0,0,0,
demand: 662:46,110,14,68,15,:0,4,0,0,0,
demand: 657:41,105,9,67,11,83,3,98,48,:0,0,4,0,0,0,0,0,0,
demand: 855:56,104,8,84,12,67,10,:0,0,7,0,0,0,0,
demand: 870:6,102,38,94,34,98,24,37,:0,6,3,0,5,2,0,0,
demand: 251:17,69,20,88,12,67,9,:0,5,2,0,0,0,0,
demand: 798:23,70,21,101,5,36,98,36,5,:0,3,1,7,6,0,2,0,0,
demand: 450:56,104,8,66,6,58,79,57,:0,0,6,1,0,0,0,0,
demand: 731:53,101,21,70,24,3,58,98,34,94,30,:0,3,1,6,0,0,0,5,0,0,0,
demand: 605:58,98,37,48,37,101,37,98,3,83,3,24,70,23,103,55,:0,2,0,3,0,6,0,4,0,7,0,0,5,0,0,0,
demand: 303:27,107,59,79,60,108,44,75,42,106,10,67,9,85,21,101,53,:0,1,0,6,4,0,5,0,3,0,7,0,2,0,0,0,0,
demand: 753:16,84,8,66,7,83,3,37,:0,0,7,2,0,0,0,0,
demand: 306:20,69,20,100,4,84,8,66,6,102,38,94,30,110,62,:0,6,0,1,4,0,3,2,0,5,0,0,0,0,0,
demand: 436:12,84,8,66,6,82,2,:0,0,2,3,0,0,0,
demand: 987:26,106,10,67,9,85,21,101,5,66,8,84,16,68,14,:0,0,7,0,1,0,3,4,2,5,6,0,0,0,0,
demand: 851:63,80,64,112,32,96,36,58,106,42,75,41,:0,0,0,0,5,0,0,0,0,0,0,0,
Average Delay: 10.482758620689655
Runtime (mS): 520Acceptation rate: 0.9666666666666667