demand: 6:3,3,83,83,11,67,12,108,28,:1,7,2,6,5,0,0,0,0,
demand: 292:39,39,39,74,74,74,38,102,6,82,14,:1,7,6,3,5,4,2,0,0,0,0,
demand: 752:55,55,78,78,54,54,102,6,82,14,110,62,:2,4,5,1,3,7,0,0,0,0,0,0,
demand: 729:46,46,110,14,82,2,65,1,:5,6,2,0,0,0,0,0,
demand: 302:55,55,55,103,103,103,39,74,37,:7,2,3,5,6,1,4,0,0,
demand: 507:28,28,28,92,92,32,112,64,:5,2,6,7,3,0,0,0,
demand: 633:29,29,29,89,89,89,25,71,26,106,58,:1,2,4,5,7,3,6,0,0,0,0,
demand: 972:52,52,100,4,65,2,82,14,110,62,:5,7,1,0,0,0,0,0,0,0,
demand: 865:64,64,80,80,62,110,14,:3,6,4,7,0,0,0,
demand: 452:11,11,83,15,111,47,:3,5,0,0,0,0,
demand: 290:38,38,74,74,40,40,96,36,100,52,:6,3,7,5,4,1,0,0,0,0,
demand: 78:1,1,1,81,81,5,:7,1,3,2,5,0,
demand: 818:35,73,33,97,17,:3,0,0,0,0,
demand: 482:62,110,46,:4,0,0,
demand: 156:44,108,12,84,16,:3,0,0,0,0,
demand: 662:46,110,14,68,15,:4,0,0,0,0,
demand: 657:41,75,44,108,28,92,32,112,48,:4,0,0,0,0,0,0,0,0,
demand: 855:56,78,54,102,6,82,10,:7,0,0,0,0,0,0,
demand: 870:6,6,102,102,38,74,37,:6,3,5,2,0,0,0,
demand: 251:17,17,85,9,:5,2,0,0,
demand: 798:23,23,23,103,103,7,66,5,:3,1,7,6,2,0,0,0,
demand: 450:56,56,104,24,92,28,108,60,79,57,:6,1,0,0,0,0,0,0,0,0,
demand: 731:53,53,78,78,54,102,38,94,30,:3,1,6,5,0,0,0,0,0,
demand: 605:58,58,106,106,10,10,82,6,102,54,78,55,:2,3,6,4,7,5,0,0,0,0,0,0,
demand: 303:27,27,27,95,95,95,39,74,37,101,53,:1,6,4,5,3,7,2,0,0,0,0,
demand: 753:16,16,112,32,96,40,74,37,:7,2,0,0,0,0,0,0,
demand: 306:20,20,92,92,32,32,112,64,80,62,:6,1,4,3,2,5,0,0,0,0,
demand: 436:12,12,84,4,65,2,:2,3,0,0,0,0,
demand: 987:26,26,26,106,106,106,10,82,14,:7,1,3,4,2,5,6,0,0,
demand: 851:63,111,15,83,11,67,9,105,41,:5,0,0,0,0,0,0,0,0,
demand: 704:49,49,97,1,65,2,82,14,110,62,:4,6,0,0,0,0,0,0,0,0,
demand: 602:60,60,60,108,108,108,12,67,10,82,14,:1,4,5,6,2,7,3,0,0,0,0,
demand: 429:7,7,7,55,:1,5,6,3,
demand: 132:3,3,65,1,97,17,89,29,:4,1,3,0,0,0,0,0,
demand: 454:26,26,106,106,10,82,2,65,1,:5,1,4,7,6,0,0,0,0,
demand: 120:14,14,14,82,82,82,10,106,58,79,57,:1,7,6,5,2,4,3,0,0,0,0,
demand: 525:33,33,93,29,:5,3,0,0,
demand: 51:22,22,86,14,82,2,65,3,:2,7,0,0,0,0,0,0,
demand: 551:35,35,73,33,97,1,81,13,:2,3,0,0,0,0,0,0,
demand: 246:5,81,1,97,33,73,34,:7,0,0,0,0,0,0,
demand: 478:51,51,99,99,3,65,2,82,6,102,54,:4,6,2,5,7,0,0,0,0,0,0,
demand: 656:7,7,39,39,74,38,94,34,:4,3,6,5,0,0,0,0,
demand: 697:55,55,7,66,66,5,81,13,:1,4,2,5,3,6,0,0,
demand: 351:8,8,8,66,66,66,6,82,14,:1,3,5,2,7,6,0,0,0,
demand: 158:13,13,81,81,5,5,66,7,103,55,:5,7,3,6,1,4,0,0,0,0,
demand: 770:35,35,35,35,73,73,34,:6,2,7,4,3,1,0,
demand: 475:40,40,74,74,38,102,6,:7,1,2,6,0,0,0,
demand: 325:20,20,92,28,:2,1,0,0,
demand: 147:47,47,111,31,72,29,:5,4,7,0,0,0,
demand: 349:39,39,74,38,94,30,:1,6,0,0,0,0,
Average Delay: 6.1
Runtime (mS): 124Acceptation rate: 1.0