83, 7, 66, 6, 102, 38, 94, 26, 71, 28, 
103, 7, 83, 15, 68, 16, 84, 8, 66, 7, 66, 6, 82, 14, 
103, 7, 83, 7, 66, 7, 83, 7, 66, 6, 82, 14, 110, 62, 
110, 14, 68, 16, 84, 4, 65, 1, 
103, 7, 83, 7, 66, 6, 102, 38, 102, 6, 66, 5, 101, 37, 
71, 27, 107, 59, 79, 60, 108, 44, 108, 12, 84, 16, 112, 64, 
109, 13, 68, 16, 84, 8, 66, 6, 82, 10, 106, 58, 
100, 4, 84, 16, 68, 14, 110, 62, 
112, 16, 68, 13, 109, 13, 68, 14, 
83, 15, 68, 15, 111, 47, 
102, 6, 66, 8, 84, 16, 68, 13, 68, 16, 84, 4, 100, 52, 
95, 27, 71, 25, 89, 17, 
110, 46, 
108, 60, 108, 12, 84, 16, 
110, 14, 68, 15, 
105, 9, 81, 13, 68, 16, 112, 48, 
104, 8, 66, 6, 82, 10, 
102, 38, 94, 34, 98, 34, 94, 38, 74, 37, 
69, 20, 69, 17, 85, 9, 
70, 21, 101, 5, 66, 6, 66, 5, 
104, 8, 66, 5, 81, 9, 105, 57, 
101, 5, 66, 6, 102, 38, 94, 30, 
79, 60, 108, 44, 75, 42, 106, 10, 67, 9, 81, 5, 66, 7, 103, 55, 
107, 59, 79, 60, 108, 44, 75, 42, 106, 10, 67, 9, 81, 5, 101, 53, 
68, 13, 109, 29, 93, 37, 
69, 20, 100, 4, 84, 16, 112, 48, 112, 32, 112, 64, 80, 62, 
108, 44, 108, 60, 108, 12, 84, 4, 65, 2, 
106, 10, 67, 9, 81, 5, 101, 21, 70, 21, 101, 5, 66, 6, 82, 14, 
80, 61, 109, 13, 81, 9, 105, 41, 
demand: 6:3,83,7,66,6,102,38,94,26,71,28,:0,1,7,2,6,5,0,0,0,0,0,
demand: 292:39,103,7,83,15,68,16,84,8,66,7,66,6,82,14,:0,0,1,7,0,6,3,0,5,4,2,0,0,0,0,
demand: 752:55,103,7,83,7,66,7,83,7,66,6,82,14,110,62,:0,0,2,4,0,5,1,3,0,7,0,0,0,0,0,
demand: 729:46,110,14,68,16,84,4,65,1,:0,5,0,6,2,0,0,0,0,
demand: 302:55,103,7,83,7,66,6,102,38,102,6,66,5,101,37,:0,0,0,7,2,3,5,6,1,0,4,0,0,0,0,
demand: 507:28,71,27,107,59,79,60,108,44,108,12,84,16,112,64,:0,0,5,2,0,6,7,0,3,0,0,0,0,0,0,
demand: 633:29,109,13,68,16,84,8,66,6,82,10,106,58,:0,1,2,4,5,0,7,3,6,0,0,0,0,
demand: 972:52,100,4,84,16,68,14,110,62,:0,5,7,0,1,0,0,0,0,
demand: 865:64,112,16,68,13,109,13,68,14,:0,0,3,6,4,7,0,0,0,
demand: 452:11,83,15,68,15,111,47,:0,3,0,5,0,0,0,
demand: 290:38,102,6,66,8,84,16,68,13,68,16,84,4,100,52,:0,6,3,0,7,0,5,0,4,1,0,0,0,0,0,
demand: 818:35,95,27,71,25,89,17,:0,0,3,0,0,0,0,
demand: 482:62,110,46,:0,4,0,
demand: 156:44,108,60,108,12,84,16,:0,0,3,0,0,0,0,
demand: 662:46,110,14,68,15,:0,4,0,0,0,
demand: 657:41,105,9,81,13,68,16,112,48,:0,0,4,0,0,0,0,0,0,
demand: 855:56,104,8,66,6,82,10,:0,0,7,0,0,0,0,
demand: 870:6,102,38,94,34,98,34,94,38,74,37,:0,6,3,0,5,2,0,0,0,0,0,
demand: 251:17,69,20,69,17,85,9,:0,5,2,0,0,0,0,
demand: 798:23,70,21,101,5,66,6,66,5,:0,3,1,7,6,0,2,0,0,
demand: 450:56,104,8,66,5,81,9,105,57,:0,0,6,0,1,0,0,0,0,
demand: 731:53,101,5,66,6,102,38,94,30,:0,3,1,0,6,5,0,0,0,
demand: 605:58,79,60,108,44,75,42,106,10,67,9,81,5,66,7,103,55,:0,2,3,0,6,0,4,0,7,0,5,0,0,0,0,0,0,
demand: 303:27,107,59,79,60,108,44,75,42,106,10,67,9,81,5,101,53,:0,1,0,6,4,0,5,0,3,0,7,0,2,0,0,0,0,
demand: 753:16,68,13,109,29,93,37,:0,0,7,2,0,0,0,
demand: 306:20,69,20,100,4,84,16,112,48,112,32,112,64,80,62,:0,6,0,1,4,0,3,0,2,0,5,0,0,0,0,
demand: 436:12,108,44,108,60,108,12,84,4,65,2,:0,0,2,0,3,0,0,0,0,0,0,
demand: 987:26,106,10,67,9,81,5,101,21,70,21,101,5,66,6,82,14,:0,0,7,0,1,0,3,4,2,5,0,6,0,0,0,0,0,
demand: 851:63,80,61,109,13,81,9,105,41,:0,0,0,5,0,0,0,0,0,
Average Delay: 10.655172413793103
Runtime (mS): 473Acceptation rate: 0.9666666666666667