demand: 543:11,11,11,2,2,60,:4,10,6,5,3,0,
demand: 218:48,48,48,17,17,17,92,4,:5,1,6,8,3,2,4,0,
demand: 893:26,26,26,26,31,:8,6,7,10,0,
demand: 385:22,22,22,22,87,87,87,15,:9,1,3,10,5,6,4,0,
demand: 330:22,46,46,46,46,69,69,69,69,59,:0,6,5,9,3,8,2,4,10,0,
demand: 676:74,74,74,94,63,:1,3,8,0,0,
demand: 836:79,79,79,79,7,7,7,7,87,:6,3,8,5,2,4,10,7,0,
demand: 120:45,52,53,:7,0,0,
demand: 272:93,93,93,93,21,:10,7,3,8,5,
demand: 646:68,68,69,:5,2,0,
demand: 31:45,45,45,52,52,61,:6,10,5,8,9,0,
demand: 879:5,86,:8,0,
demand: 776:56,56,56,56,56,56,56,93,93,93,:1,10,2,5,7,6,8,4,3,9,
demand: 759:12,12,1,90,:4,5,0,0,
demand: 871:83,83,95,95,95,49,49,49,:8,5,9,7,10,1,2,3,
demand: 454:63,63,63,63,63,88,:6,1,7,4,8,10,
demand: 608:57,57,57,57,57,78,78,:10,9,1,6,8,2,7,
demand: 832:6,3,3,3,3,8,8,8,:5,7,4,2,8,1,10,3,
demand: 673:78,78,78,7,31,:9,5,8,2,0,
demand: 912:48,49,95,95,95,83,:8,4,10,6,2,0,
demand: 717:81,81,84,:5,2,0,
demand: 379:93,5,:9,0,
demand: 696:84,84,84,84,11,11,11,98,:7,5,2,8,10,9,3,0,
demand: 27:2,2,2,21,21,21,63,48,:9,5,8,4,6,1,0,0,
demand: 753:65,65,65,3,3,89,:8,10,7,5,3,0,
demand: 352:45,45,45,54,54,36,36,36,36,22,:3,4,7,10,2,1,8,6,9,0,
demand: 674:53,53,53,52,92,:8,5,7,0,0,
demand: 211:50,88,:1,0,
demand: 410:46,46,46,46,99,99,99,99,95,:6,9,2,10,5,7,4,8,0,
demand: 735:94,94,60,64,:10,1,0,0,
demand: 356:56,79,79,79,67,67,:0,5,2,8,7,3,
demand: 806:4,4,98,11,:4,2,0,0,
demand: 885:51,51,51,51,92,92,68,68,68,:8,3,4,5,10,2,1,6,9,
demand: 807:40,40,40,40,40,82,82,82,76,76,:6,10,4,9,7,3,5,1,8,2,
demand: 663:9,9,52,:8,7,0,
demand: 233:30,30,30,30,43,43,43,43,60,:9,8,4,6,3,1,7,5,0,
demand: 180:90,90,90,14,:4,8,6,5,
demand: 826:88,88,88,21,:8,5,10,0,
demand: 57:12,12,12,12,84,84,84,83,:1,10,7,6,3,5,9,0,
demand: 757:73,73,73,73,75,:4,8,5,1,0,
demand: 575:34,34,34,34,13,13,13,13,6,:9,10,6,2,1,7,5,4,0,
demand: 259:43,19,19,:0,3,7,
demand: 322:99,4,4,4,4,19,:10,5,4,1,7,3,
demand: 567:40,52,53,:9,0,0,
demand: 437:53,53,53,72,72,97,97,97,97,4,:6,2,7,10,5,9,1,3,4,0,
demand: 907:2,31,31,31,31,7,7,7,:10,1,3,7,5,4,2,9,
demand: 140:63,63,63,63,63,76,76,76,76,76,72,:2,4,8,7,6,1,9,10,5,3,0,
demand: 498:73,98,98,98,98,44,44,44,44,:0,3,1,7,2,4,10,5,6,
demand: 424:1,1,1,36,22,:4,10,6,9,0,
demand: 503:80,80,15,19,:1,4,0,0,
demand: 746:1,12,12,12,97,72,:1,8,5,9,2,0,
demand: 494:35,35,35,35,94,94,94,94,71,:2,6,5,8,10,3,7,9,0,
demand: 238:53,86,86,86,86,86,81,81,81,81,81,:0,7,8,5,10,1,2,4,6,9,3,
demand: 719:81,86,86,86,39,39,:0,9,3,2,5,10,
demand: 381:33,33,33,27,27,:2,8,6,4,1,
demand: 411:23,23,23,23,23,23,41,41,:2,5,10,7,1,3,8,6,
demand: 297:96,96,96,96,96,25,25,25,25,10,:4,6,8,9,1,7,10,3,2,0,
demand: 71:59,62,62,62,62,88,88,88,88,50,50,:0,1,7,6,2,5,3,9,10,8,4,
demand: 793:52,52,53,23,:1,10,0,0,
demand: 727:15,15,15,59,:9,2,5,0,
demand: 860:20,20,20,20,28,28,28,28,9,:9,4,7,6,10,8,1,2,0,
demand: 310:10,10,10,10,10,79,79,:8,6,9,7,3,1,4,
demand: 827:53,71,71,94,10,:0,3,9,0,0,
demand: 209:16,16,16,16,94,:8,3,4,7,9,
demand: 350:9,30,30,30,30,17,17,:4,7,6,2,10,5,9,
demand: 400:16,53,:4,9,
demand: 754:7,7,78,:4,2,0,
demand: 468:23,23,36,36,46,81,:2,6,3,4,0,0,
demand: 257:14,14,14,14,14,24,24,:10,4,2,8,6,9,3,
demand: 972:47,22,:7,0,
demand: 992:23,27,27,27,27,42,42,42,42,36,36,:0,3,4,10,1,8,2,6,9,5,7,
demand: 962:57,57,38,:8,10,0,
demand: 772:1,61,61,61,30,30,:0,5,2,9,8,10,
demand: 15:32,32,37,37,37,:9,10,3,6,2,
demand: 505:48,17,17,23,:0,7,10,0,
demand: 333:62,62,62,62,69,51,:8,6,9,3,1,4,
demand: 499:35,94,94,94,94,14,14,14,:0,8,2,5,6,7,10,3,
demand: 984:18,4,8,:4,0,0,
demand: 342:29,58,58,58,16,:0,4,9,3,0,
demand: 956:36,65,65,65,65,19,19,:2,9,3,7,8,6,5,
demand: 661:79,88,88,91,91,91,74,74,:10,4,9,1,5,8,2,3,
demand: 911:53,58,58,58,57,:0,5,9,3,10,
demand: 761:53,64,64,64,64,100,100,87,87,87,:0,2,10,9,1,8,3,5,4,6,
demand: 687:35,70,70,70,70,46,46,5,5,5,:0,7,10,6,4,1,9,5,2,3,
demand: 92:29,68,:9,0,
demand: 557:1,75,75,75,41,41,:0,3,8,5,4,1,
demand: 997:68,68,70,70,70,70,18,18,18,18,:6,5,1,3,4,10,9,8,7,2,
demand: 307:65,65,65,65,65,71,71,71,71,71,22,:6,4,1,3,7,2,5,10,9,8,0,
demand: 677:70,70,70,70,70,77,77,:4,1,8,7,3,5,10,
demand: 536:56,93,93,82,:0,1,5,0,
demand: 689:17,17,17,13,34,:4,7,2,0,0,
Average Delay: 2.823529411764706
Runtime (mS): 3858Acceptation rate: 0.85