demand: 122:164,164,164,164,122,122,122,122,17,17,147,:1,8,10,3,7,2,4,5,6,9,0,
demand: 395:116,116,116,126,126,126,21,21,21,208,17,:3,10,9,6,4,2,1,8,7,0,0,
demand: 461:21,21,21,21,202,202,202,26,:8,10,9,5,2,4,3,0,
demand: 246:250,250,250,7,7,83,83,83,83,86,:5,2,3,9,10,4,6,7,1,0,
demand: 899:27,27,27,27,27,231,231,231,231,231,67,:10,7,4,1,8,2,6,5,3,9,0,
demand: 412:2,2,2,2,171,:3,5,4,1,0,
demand: 614:72,72,72,72,72,17,17,12,12,:5,1,2,6,4,7,10,3,9,
demand: 911:210,210,210,210,241,241,241,241,77,27,:3,2,6,5,4,10,8,7,1,0,
demand: 488:233,233,233,233,87,87,87,87,34,223,:1,6,4,7,10,3,9,8,0,0,
demand: 878:127,127,127,127,150,150,150,150,142,142,80,:4,5,1,6,10,9,2,7,3,8,0,
demand: 764:167,167,167,17,243,:10,9,8,0,0,
demand: 556:181,181,3,3,3,145,145,:7,3,4,2,9,5,6,
demand: 13:213,213,213,213,213,237,237,237,224,224,:4,8,5,10,1,6,7,3,2,9,
demand: 843:86,86,86,86,86,100,:2,5,10,1,9,8,
demand: 482:75,75,75,75,75,234,234,234,234,234,77,:6,5,1,9,8,10,3,2,4,7,0,
demand: 537:181,84,84,84,:8,5,6,4,
demand: 185:2,2,2,2,36,36,18,:2,9,4,5,10,8,7,
demand: 596:147,147,1,242,:8,4,0,0,
demand: 692:172,172,172,172,56,:5,10,2,4,9,
demand: 161:115,115,115,115,202,202,202,222,:5,1,10,3,9,6,7,0,
demand: 402:171,171,171,140,:2,10,3,0,
demand: 115:90,90,90,19,19,193,193,193,:5,3,2,1,8,7,9,4,
demand: 40:83,21,21,21,21,21,24,24,24,24,:0,7,9,1,3,6,2,5,8,4,
demand: 885:53,53,53,53,53,8,:9,10,5,2,1,6,
demand: 270:88,88,88,21,241,241,77,11,:3,4,10,2,5,1,0,0,
demand: 931:92,92,92,92,172,172,13,:3,5,4,6,2,1,0,
demand: 158:5,5,99,:9,2,0,
demand: 962:164,164,164,8,8,179,:6,10,7,3,2,5,
demand: 985:32,1,124,:10,0,0,
demand: 418:97,97,97,97,199,199,199,:7,5,4,2,3,10,1,
demand: 906:137,137,137,137,25,25,25,101,:5,2,3,8,10,6,1,0,
demand: 86:52,52,72,72,72,11,11,11,:3,7,8,6,4,9,2,1,
demand: 575:158,158,3,227,:5,6,0,0,
demand: 788:78,78,78,78,247,247,247,247,209,209,:6,5,7,9,2,4,3,10,8,1,
demand: 376:238,243,243,243,134,134,21,:9,6,10,3,4,5,0,
demand: 625:234,115,115,115,57,57,57,67,:0,9,7,4,5,1,10,6,
demand: 467:188,188,188,115,115,144,:6,10,3,2,7,0,
demand: 10:102,102,102,104,:4,1,6,0,
demand: 79:197,197,197,197,57,57,192,:7,4,6,8,5,10,0,
demand: 63:133,133,133,133,225,225,225,225,215,:5,9,10,6,1,3,4,7,0,
demand: 323:139,139,139,139,1,1,1,158,:5,4,10,6,1,3,8,7,
demand: 517:159,159,159,159,159,4,4,4,4,4,49,:3,1,6,4,7,2,9,8,10,5,0,
demand: 683:4,4,4,4,4,4,14,14,14,:2,1,10,4,3,8,5,9,6,
demand: 743:92,92,92,182,182,182,176,176,176,176,:9,7,2,3,10,5,1,4,8,6,
demand: 491:218,218,218,57,:2,5,6,0,
demand: 186:217,13,99,:10,0,0,
demand: 41:141,141,173,173,27,144,122,:3,8,9,2,1,0,0,
demand: 356:170,170,84,:7,4,0,
demand: 734:192,192,59,:6,7,0,
demand: 216:236,236,236,236,5,5,5,132,:3,8,7,6,10,2,4,0,
demand: 747:148,148,148,148,153,153,27,:9,4,10,3,6,2,0,
demand: 967:95,95,236,236,236,229,229,:3,5,7,1,10,4,9,
demand: 542:129,129,129,129,129,129,180,180,180,:3,10,7,6,5,8,4,1,2,
demand: 644:184,184,184,184,184,210,210,210,210,183,:6,9,7,1,5,3,4,10,8,2,
demand: 826:171,171,174,174,174,174,116,116,116,:8,4,6,1,7,9,2,10,3,
demand: 629:149,149,149,149,154,154,48,48,:9,1,4,3,10,7,5,8,
demand: 895:145,145,159,159,159,187,187,187,187,166,:4,8,9,7,2,1,10,6,5,3,
demand: 601:95,182,180,:2,7,0,
demand: 166:133,138,138,138,138,50,:7,9,2,5,8,1,
demand: 405:208,208,235,:10,8,0,
demand: 112:88,217,:5,0,
demand: 256:29,29,29,158,158,1,:6,3,5,4,2,0,
demand: 846:158,207,207,207,207,240,240,240,240,18,:0,6,3,10,4,1,9,5,7,2,
demand: 419:135,135,135,198,198,197,197,197,:1,9,2,6,4,5,10,8,
demand: 332:162,162,109,:5,6,0,
demand: 671:62,128,:2,0,
demand: 959:143,143,143,143,3,3,:10,6,8,1,3,5,
demand: 677:45,45,45,45,32,32,22,:8,10,5,9,3,4,0,
demand: 673:58,58,58,58,2,2,49,49,49,49,:9,6,7,4,5,3,10,8,1,2,
demand: 368:150,30,30,30,83,:6,7,8,2,9,
demand: 303:23,23,23,102,102,90,:1,2,10,6,7,0,
demand: 14:81,81,81,2,114,:10,8,3,0,0,
demand: 259:23,99,99,99,99,222,222,222,222,209,:5,7,6,2,8,4,9,10,3,1,
demand: 444:230,230,230,230,242,242,242,242,77,12,:6,2,3,1,8,4,7,10,9,0,
demand: 670:228,235,164,:2,6,0,
demand: 821:79,79,79,4,:8,9,5,0,
demand: 189:6,6,123,:4,10,0,
demand: 30:29,29,69,69,69,67,67,:8,7,6,4,2,9,1,
demand: 606:16,16,16,16,15,15,15,145,:5,1,4,6,10,3,9,0,
demand: 524:69,69,102,90,:9,1,7,0,
demand: 302:21,87,87,87,:0,10,6,1,
demand: 942:182,182,189,189,189,106,106,106,:3,5,10,6,1,4,8,9,
demand: 236:114,114,114,114,114,241,:4,5,3,9,8,10,
demand: 623:12,115,115,115,115,196,196,196,196,:0,8,6,9,5,3,10,4,7,
demand: 250:179,179,179,187,187,187,125,125,125,:2,4,1,8,5,3,6,7,10,
demand: 888:91,189,106,:7,0,0,
demand: 436:114,236,236,236,236,229,229,229,229,133,:1,8,5,7,4,6,2,9,3,0,
demand: 187:17,136,136,158,158,1,:0,10,2,4,3,0,
demand: 279:214,214,214,214,221,221,25,25,25,:10,3,6,8,7,5,1,9,4,
Average Delay: 2.8875
Runtime (mS): 34451Acceptation rate: 1.0