demand: 543:11,11,11,2,2,60,:4,10,6,5,3,0,
demand: 218:48,48,48,17,17,17,92,4,:5,1,6,8,3,2,4,0,
demand: 893:26,26,26,26,31,:8,6,7,10,0,
demand: 385:22,22,22,22,87,87,87,15,:9,1,3,10,5,6,4,0,
demand: 330:22,46,46,46,46,69,69,69,69,59,:0,6,5,9,3,8,2,4,10,0,
demand: 676:74,74,74,94,63,:1,3,8,0,0,
demand: 785:87,87,87,78,78,:6,4,3,1,5,
demand: 117:3,3,3,3,3,3,96,96,:4,6,5,7,8,2,1,3,
demand: 604:89,70,70,:5,2,6,
demand: 551:47,69,:4,0,
demand: 932:32,32,65,65,65,65,63,63,63,:6,3,10,7,4,5,8,1,9,
demand: 562:19,19,19,70,:7,5,4,0,
demand: 421:74,91,91,91,91,4,4,:5,10,6,7,3,2,4,
demand: 848:25,25,25,25,12,12,83,:10,5,7,8,2,3,0,
demand: 78:95,95,95,95,30,:4,7,10,3,0,
demand: 485:54,54,54,54,54,54,24,24,24,:10,6,9,2,1,4,7,3,5,
demand: 823:54,54,46,99,:8,2,1,0,
demand: 628:8,73,:9,0,
demand: 184:39,39,97,:10,1,3,
demand: 614:79,79,79,65,:4,7,1,0,
demand: 16:26,26,43,:9,2,0,
demand: 645:77,77,81,:7,1,0,
demand: 706:59,98,98,98,95,:0,1,7,2,0,
demand: 171:7,7,7,7,98,:5,4,9,10,0,
demand: 675:22,48,48,17,17,17,13,13,13,:0,9,2,8,10,7,5,3,1,
demand: 290:12,12,74,:7,10,0,
demand: 264:60,60,60,60,60,60,8,8,8,:4,6,2,3,9,8,5,1,10,
demand: 333:27,27,27,27,27,1,1,1,1,1,33,:10,1,6,7,8,9,2,4,3,5,0,
demand: 693:74,93,93,93,93,82,82,82,:2,6,10,9,7,8,1,5,
demand: 875:39,39,39,93,:8,9,4,0,
demand: 558:93,93,93,93,43,:9,3,6,1,0,
demand: 355:43,43,60,57,:4,8,0,0,
demand: 860:5,5,5,5,59,:4,9,7,8,10,
demand: 445:45,45,45,45,45,94,94,94,94,94,87,:9,5,2,8,1,6,4,10,3,7,0,
demand: 669:19,19,44,44,44,2,2,:4,8,5,1,6,7,9,
demand: 620:36,75,:6,0,
Average Delay: 2.4
Runtime (mS): 639Acceptation rate: 1.0