demand: 122:164,164,164,164,122,122,122,122,17,17,147,:1,8,10,3,7,2,4,5,6,9,0,
demand: 395:116,116,116,126,126,126,21,21,21,208,17,:3,10,9,6,4,2,1,8,7,0,0,
demand: 461:21,21,21,21,202,202,202,26,:8,10,9,5,2,4,3,0,
demand: 246:250,250,250,7,7,83,83,83,83,86,:5,2,3,9,10,4,6,7,1,0,
demand: 899:27,27,27,27,27,231,231,231,231,231,67,:10,7,4,1,8,2,6,5,3,9,0,
demand: 412:2,2,2,2,171,:3,5,4,1,0,
demand: 614:72,72,72,72,72,17,17,12,12,:5,1,2,6,4,7,10,3,9,
demand: 911:210,210,210,210,241,241,241,241,77,27,:3,2,6,5,4,10,8,7,1,0,
demand: 488:233,233,233,233,87,87,87,87,34,223,:1,6,4,7,10,3,9,8,0,0,
demand: 71:5,5,5,11,11,139,:4,1,10,8,3,0,
demand: 587:33,33,33,245,:1,6,8,0,
demand: 50:211,211,211,211,211,11,11,11,11,244,:2,9,7,8,10,4,5,1,3,6,
demand: 574:129,129,129,129,129,129,215,215,:5,9,10,2,4,8,6,1,
demand: 13:118,118,118,118,118,144,144,144,144,144,115,:8,6,1,9,7,5,4,10,2,3,0,
demand: 425:141,141,13,13,13,13,81,81,81,:10,1,9,7,6,5,8,2,4,
demand: 161:137,137,137,137,137,26,:5,7,10,4,9,1,
demand: 835:171,171,171,75,107,:7,8,2,4,0,
demand: 671:34,34,34,34,34,34,217,217,:5,3,9,4,6,8,7,10,
demand: 190:247,247,247,247,38,:3,1,4,6,8,
demand: 445:142,142,142,137,:6,3,8,0,
demand: 25:187,187,187,187,62,:4,3,2,10,0,
demand: 333:213,213,213,213,224,:8,5,1,4,0,
demand: 787:70,161,:7,0,
demand: 360:49,49,49,49,49,233,233,212,212,212,:7,1,8,10,6,3,5,9,4,2,
demand: 607:222,222,222,177,:9,1,2,0,
demand: 206:175,175,175,43,:2,10,1,0,
demand: 104:159,159,159,10,:2,1,4,0,
demand: 483:17,242,242,242,242,239,239,239,239,:0,4,1,6,10,2,3,9,8,
demand: 303:64,64,69,69,69,248,248,248,239,:3,8,6,5,2,1,7,10,0,
demand: 322:34,127,127,127,15,15,15,233,119,:6,3,9,1,2,5,10,0,0,
demand: 200:34,21,21,21,88,88,:0,8,6,4,7,10,
demand: 169:59,15,170,:8,0,0,
demand: 456:71,71,71,248,:8,4,10,0,
demand: 400:153,153,153,15,59,:1,9,8,0,0,
demand: 478:125,125,125,125,2,2,66,:9,6,2,10,1,7,0,
demand: 946:163,163,163,164,164,146,146,146,:1,10,4,5,8,2,3,7,
demand: 632:24,24,24,24,3,3,3,3,148,:6,4,1,7,5,9,2,10,0,
demand: 949:42,42,42,42,42,44,44,44,44,44,36,:6,3,4,1,7,9,8,10,2,5,0,
demand: 401:17,243,243,:0,3,10,
demand: 268:40,40,7,7,7,7,227,227,227,227,:9,1,7,6,2,8,3,10,4,5,
demand: 205:96,96,96,96,96,67,:10,9,1,7,4,8,
demand: 338:75,75,75,75,74,74,:7,10,6,4,1,5,
demand: 387:193,193,193,193,234,234,234,17,:5,1,9,6,7,4,8,0,
demand: 476:90,90,189,189,189,180,180,:1,2,6,8,10,5,9,
demand: 114:99,99,99,197,197,197,112,112,112,:3,5,4,10,8,9,7,6,2,
demand: 215:110,110,110,110,6,6,6,141,:5,3,4,2,1,7,10,0,
demand: 386:31,31,31,31,31,33,33,10,10,10,:2,1,4,6,9,10,8,5,3,7,
demand: 704:152,152,152,174,174,249,249,249,249,212,:4,2,5,10,7,9,8,1,6,0,
demand: 97:36,18,:2,0,
demand: 257:238,243,243,243,71,:6,9,3,7,2,
demand: 214:189,189,189,11,11,113,:9,8,4,1,7,10,
demand: 525:133,133,133,133,133,133,232,232,:3,1,6,2,7,5,4,8,
demand: 19:179,178,:3,0,
demand: 782:43,43,43,55,55,42,:7,10,2,4,6,0,
demand: 961:90,117,:8,10,
demand: 365:33,156,156,156,156,:0,4,6,8,10,
demand: 856:158,158,158,158,15,15,151,:9,8,2,4,5,6,0,
demand: 861:28,28,245,:9,8,0,
demand: 743:38,38,38,38,124,124,82,82,82,:8,4,10,7,1,3,6,9,2,
demand: 249:242,242,244,244,244,182,182,182,:2,7,6,4,10,5,3,8,
demand: 744:181,181,181,181,63,:6,3,4,1,0,
demand: 357:76,76,76,76,178,:2,6,10,9,5,
demand: 355:38,30,250,94,233,:3,9,0,0,0,
demand: 81:134,134,21,69,:8,3,0,0,
demand: 762:234,234,234,7,227,:4,1,2,0,0,
demand: 908:233,237,237,237,237,237,106,106,106,106,:0,6,3,1,2,9,10,5,8,7,
demand: 745:234,164,164,164,150,150,150,24,24,:0,7,1,4,6,3,5,9,2,
demand: 884:29,29,29,29,56,56,56,46,:9,1,2,3,6,7,10,0,
demand: 479:78,78,78,83,:9,2,1,0,
demand: 165:103,103,103,158,158,122,:9,6,3,1,4,0,
demand: 862:38,236,236,236,236,229,229,229,:2,5,7,9,1,6,10,8,
demand: 921:195,195,199,199,199,32,32,:1,3,4,6,7,8,5,
demand: 411:150,1,92,:6,0,0,
demand: 553:139,139,139,16,16,52,:4,3,10,5,2,0,
demand: 590:45,45,45,45,10,:5,3,6,4,8,
demand: 421:150,1,1,1,1,209,209,209,:8,9,6,3,4,7,1,5,
demand: 494:137,137,137,137,26,26,26,8,:2,9,8,6,7,3,1,0,
demand: 529:115,115,115,115,144,144,236,:8,1,2,5,7,10,0,
demand: 235:197,197,78,:10,6,0,
demand: 177:220,220,220,220,27,:2,3,1,10,0,
demand: 593:41,41,4,50,:10,3,0,0,
demand: 523:151,151,151,134,21,21,108,108,108,:7,5,8,3,4,9,10,1,2,
demand: 917:85,85,85,174,174,174,132,169,:2,7,8,1,9,10,0,0,
demand: 49:5,55,43,:5,4,0,
demand: 600:65,196,196,196,196,178,178,178,:5,8,2,4,7,6,10,3,
demand: 492:245,245,246,246,246,246,91,91,91,:6,5,9,2,8,1,10,4,7,
demand: 802:130,130,130,130,130,183,183,:6,2,8,9,1,3,5,
demand: 682:49,173,173,173,173,98,98,98,98,12,:0,9,3,7,6,8,10,1,2,5,
demand: 988:62,62,62,187,249,:3,9,10,0,0,
demand: 838:47,47,47,47,39,:4,2,5,8,3,
demand: 837:63,63,63,63,114,114,:7,4,3,10,2,8,
demand: 718:126,126,126,13,21,128,:4,5,6,1,0,0,
demand: 269:137,137,137,144,201,:2,5,4,0,0,
demand: 409:45,10,10,190,190,:0,9,8,10,6,
demand: 199:203,203,203,203,235,235,235,235,67,:6,10,9,5,3,8,4,1,0,
demand: 320:138,138,138,157,157,157,156,156,156,156,:7,8,5,3,4,2,6,10,9,1,
demand: 334:36,36,74,74,74,74,41,41,41,41,:5,1,4,7,8,10,2,9,3,6,
demand: 101:139,139,139,139,16,52,52,52,:5,7,10,4,3,8,1,9,
demand: 446:149,149,149,169,169,:10,4,3,7,9,
demand: 976:102,102,102,102,102,4,4,4,4,4,119,:5,2,1,8,9,4,3,10,7,6,0,
demand: 742:193,193,193,193,193,193,129,129,129,:7,2,1,8,9,10,3,4,5,
demand: 914:150,142,210,210,210,115,115,115,57,:0,10,7,1,4,5,8,2,0,
demand: 817:78,78,78,110,110,23,23,23,:9,8,2,4,1,6,10,7,
demand: 203:49,202,202,202,202,172,172,172,172,133,:0,7,6,2,1,10,9,4,8,3,
demand: 846:146,146,146,201,201,67,67,67,67,29,:5,8,4,7,10,9,3,6,1,2,
demand: 890:210,233,94,94,94,24,24,24,127,127,110,110,:0,0,7,5,3,9,10,4,6,8,1,2,
demand: 800:191,211,211,211,107,107,107,102,:4,5,10,1,7,3,8,0,
demand: 91:191,193,193,193,26,:2,5,1,6,0,
demand: 346:44,19,19,19,85,:0,1,2,9,0,
demand: 791:160,160,160,160,160,160,240,240,240,:5,7,2,8,10,9,1,6,4,
demand: 864:96,97,:6,3,
demand: 702:1,123,123,123,123,87,87,87,87,:0,7,5,10,2,8,4,6,9,
demand: 473:244,244,242,118,:7,6,0,0,
demand: 775:195,97,:0,3,
demand: 947:17,58,58,:0,7,6,
demand: 813:98,98,144,144,115,115,115,210,210,199,150,1,:5,2,4,10,7,3,1,6,8,0,0,0,
demand: 585:28,28,28,37,37,:6,2,5,10,4,
demand: 555:68,68,68,68,244,244,244,244,242,:7,3,6,4,5,2,1,9,0,
demand: 130:38,236,236,236,236,236,95,95,95,95,:0,3,1,6,8,4,5,7,10,9,
demand: 796:83,83,46,46,46,46,:8,9,6,4,5,2,
demand: 998:224,224,51,51,51,:9,10,6,3,1,
demand: 225:216,216,216,216,248,248,239,:1,4,6,7,3,5,0,
demand: 608:20,20,20,7,7,7,30,150,:8,7,1,6,5,9,0,0,
demand: 406:18,18,22,22,22,22,206,206,206,206,:4,2,1,5,6,8,9,10,7,3,
demand: 187:71,93,93,93,:8,4,7,5,
demand: 996:161,161,161,161,126,:9,6,7,5,0,
demand: 795:195,162,162,:0,10,3,
demand: 712:124,124,124,124,2,:3,4,6,7,8,
demand: 295:229,20,:9,0,
demand: 2:207,207,207,207,221,221,221,78,:9,7,5,2,4,8,3,0,
demand: 120:150,208,208,208,208,226,226,226,226,117,117,:0,2,10,6,7,4,3,1,5,9,8,
demand: 52:139,217,217,34,:9,2,6,0,
demand: 644:212,246,246,245,:10,9,3,0,
demand: 663:1,1,6,6,6,54,54,54,11,:1,9,8,3,10,4,6,5,0,
demand: 878:212,249,187,187,187,122,247,245,:0,2,3,1,8,9,5,0,
demand: 416:167,167,167,167,187,187,62,:7,6,10,3,8,5,0,
demand: 678:43,82,:0,7,
demand: 316:215,215,215,215,157,:2,9,4,3,0,
demand: 894:68,68,68,68,68,68,123,123,:4,10,8,5,1,7,9,6,
demand: 715:134,183,183,183,58,58,58,17,:1,2,4,7,8,9,6,0,
demand: 839:54,54,60,60,60,104,104,104,102,:4,3,2,7,5,8,9,10,0,
demand: 8:232,24,3,:2,0,0,
demand: 392:229,246,246,246,246,39,39,39,:0,8,2,3,1,7,6,10,
demand: 443:194,194,194,15,47,:2,7,4,0,0,
demand: 9:239,241,241,77,77,202,231,206,:0,3,5,7,9,0,0,0,
demand: 953:113,113,113,233,:8,3,5,0,
demand: 618:9,9,32,32,199,199,58,:10,4,6,2,5,7,0,
demand: 201:216,107,107,:4,6,10,
demand: 229:201,201,2,219,:2,9,0,0,
demand: 770:228,228,11,5,:2,1,0,0,
demand: 684:208,166,166,:7,10,9,
demand: 845:148,148,148,148,169,169,138,:1,3,2,10,5,4,0,
demand: 592:69,184,184,184,184,149,:9,6,1,8,3,10,
demand: 779:38,111,111,111,111,180,180,180,23,23,:0,3,4,1,8,9,7,10,2,6,
demand: 178:41,41,4,4,4,4,119,119,119,119,:7,2,4,3,1,10,5,9,6,8,
demand: 831:245,47,:8,1,
demand: 270:10,132,132,132,136,136,136,65,:0,9,6,8,10,7,5,0,
demand: 38:139,144,144,144,98,13,13,108,56,:0,1,10,4,2,5,6,7,0,
demand: 974:185,185,185,11,37,:1,2,4,0,0,
demand: 521:248,248,199,7,:2,5,3,0,
demand: 489:29,147,:5,0,
demand: 513:22,94,94,94,88,88,:0,2,6,1,4,8,
demand: 810:3,3,3,3,3,205,205,:5,2,7,10,4,9,8,
demand: 460:101,101,101,101,101,236,236,236,236,197,:6,7,9,5,3,10,8,2,1,4,
demand: 345:94,109,109,109,109,227,227,227,227,203,:1,2,9,10,8,6,7,5,3,0,
demand: 217:84,84,17,211,:5,10,0,0,
demand: 41:206,207,207,207,132,132,124,:0,5,10,7,9,8,0,
demand: 278:219,219,2,2,36,:10,8,2,6,0,
demand: 740:149,15,201,201,:0,0,6,3,
demand: 73:164,174,174,174,174,92,92,92,:0,7,10,4,9,6,3,1,
demand: 509:188,188,188,188,229,:6,9,3,1,0,
demand: 329:32,199,199,199,55,:8,5,4,7,0,
demand: 255:159,159,159,159,119,:10,7,6,4,0,
demand: 844:224,241,150,:0,3,0,
demand: 568:146,200,200,200,200,183,183,:0,3,9,10,4,1,8,
demand: 940:143,143,143,143,247,247,247,247,222,:6,1,9,5,3,4,8,2,7,
demand: 932:157,208,226,226,226,195,:0,8,1,9,5,0,
demand: 208:192,192,192,30,199,:6,2,9,8,0,
demand: 310:204,204,204,204,43,:8,3,4,10,0,
demand: 3:10,45,114,114,:0,0,4,9,
demand: 501:145,145,145,227,210,:4,8,5,6,0,
demand: 259:165,165,165,165,165,187,187,187,187,85,:5,1,10,2,6,3,7,9,8,0,
demand: 166:192,192,192,246,246,162,162,162,162,114,:8,4,2,3,5,9,1,6,7,0,
demand: 141:236,199,83,231,:0,10,0,0,
demand: 536:132,132,182,182,180,:10,7,2,8,0,
demand: 793:182,182,225,225,225,215,215,215,:1,3,6,2,10,5,9,7,
demand: 735:229,215,:0,3,
demand: 963:214,214,214,214,240,240,240,240,5,:10,2,3,9,5,4,8,1,0,
demand: 676:213,223,223,223,161,:8,7,1,3,0,
demand: 252:104,104,104,115,:2,8,1,5,
demand: 115:37,37,37,37,108,108,108,108,21,241,210,:3,10,8,2,5,6,7,1,9,4,0,
demand: 877:46,46,46,197,:8,10,3,0,
demand: 444:87,87,87,124,:5,9,3,1,
demand: 299:171,27,81,:5,4,8,
demand: 673:128,128,128,128,128,185,185,185,185,150,:1,8,2,6,7,5,3,9,10,0,
demand: 5:145,145,211,211,211,211,176,176,176,:8,7,5,1,4,9,10,2,3,
demand: 371:146,172,172,84,:0,3,2,10,
demand: 212:130,131,131,107,:0,7,9,0,
demand: 228:97,97,97,72,72,72,:7,8,2,4,9,6,
demand: 763:20,174,174,174,173,:6,7,3,1,0,
demand: 413:204,204,55,:9,5,0,
demand: 394:178,186,186,186,94,:0,7,5,1,0,
demand: 909:241,247,226,76,:0,6,9,0,
demand: 116:169,81,81,:3,6,4,
demand: 222:98,129,129,129,177,177,177,33,:0,7,8,2,9,3,1,0,
demand: 584:100,100,78,221,:5,8,0,0,
demand: 769:88,14,14,14,120,120,:0,1,4,2,10,5,
demand: 98:53,53,164,187,62,:9,6,0,0,0,
demand: 711:28,127,223,223,223,199,199,:0,0,10,3,7,9,6,
demand: 772:223,32,229,:7,0,0,
demand: 341:93,108,108,108,108,86,86,86,86,:0,4,1,2,9,3,10,7,6,
demand: 83:86,86,86,154,154,149,:7,1,2,9,3,0,
demand: 588:98,100,100,100,64,:0,4,10,3,0,
demand: 709:118,230,230,230,230,114,114,114,87,:0,2,6,5,8,9,3,4,1,
demand: 752:221,232,153,153,153,120,:4,10,5,6,1,3,
demand: 818:116,116,116,116,185,185,185,132,:1,7,3,2,8,9,5,0,
demand: 650:240,231,231,72,72,:0,10,6,4,3,
demand: 933:214,217,217,217,35,:0,3,2,5,6,
demand: 968:28,30,30,30,234,155,:0,6,4,3,9,8,
demand: 892:167,15,:0,2,
demand: 699:213,237,190,190,190,172,:0,9,6,3,7,0,
demand: 725:120,155,155,155,113,113,:0,6,1,8,9,7,
demand: 336:208,226,226,226,76,18,:0,7,8,5,4,0,
demand: 314:205,218,218,218,218,121,121,121,121,:0,6,2,1,9,10,3,4,8,
demand: 506:84,84,201,201,151,:9,1,7,3,0,
demand: 92:40,190,190,190,190,177,177,177,:1,2,3,5,8,6,9,4,
demand: 858:86,86,86,226,:6,5,1,10,
demand: 812:236,241,227,227,59,59,:0,4,8,10,3,9,
demand: 194:35,147,147,147,100,88,:0,10,8,6,1,0,
demand: 248:127,250,177,:2,0,0,
demand: 351:92,6,110,:3,0,0,
demand: 158:153,170,170,170,170,115,115,115,:0,9,1,8,10,2,5,4,
demand: 887:23,63,63,63,51,:0,3,6,1,10,
demand: 292:91,238,195,:9,8,0,
demand: 989:213,226,54,:0,9,0,
demand: 481:34,89,89,89,232,157,:0,10,4,1,2,0,
demand: 343:81,81,120,:9,4,0,
demand: 863:122,223,223,223,223,179,179,:0,1,4,5,7,8,10,
demand: 646:215,177,:1,0,
demand: 383:61,61,61,186,:7,4,2,0,
demand: 713:117,117,115,27,:4,2,5,0,
demand: 765:34,250,77,:0,8,0,
demand: 935:139,155,:0,9,
demand: 53:4,77,33,:3,7,0,
demand: 941:127,196,196,196,194,:0,1,8,2,0,
demand: 472:149,8,:0,7,
demand: 290:128,205,205,:4,8,1,
demand: 410:17,135,135,135,90,:0,9,10,1,8,
demand: 58:185,185,185,116,148,:4,1,8,7,0,
demand: 918:52,80,80,188,188,134,:5,1,6,4,7,0,
demand: 498:128,152,243,243,243,155,:0,8,4,7,2,1,
demand: 606:21,81,81,81,81,79,79,79,:0,10,4,7,8,3,9,1,
demand: 417:65,73,73,73,218,218,78,:0,10,9,7,1,8,0,
demand: 642:125,116,:0,3,
demand: 662:47,47,148,148,148,89,89,89,:2,9,8,5,6,10,7,3,
demand: 710:187,167,122,:2,0,0,
demand: 133:100,147,147,107,:8,4,2,0,
demand: 746:153,190,122,:0,5,0,
demand: 418:95,158,158,92,:0,2,3,6,
demand: 241:250,50,50,:0,8,1,
demand: 628:51,234,138,164,63,:0,0,6,1,0,
demand: 575:224,19,193,:0,5,0,
demand: 758:61,109,109,227,213,:0,10,9,0,0,
demand: 767:24,198,198,187,:0,1,5,0,
demand: 610:35,148,148,148,119,:0,8,3,1,9,
demand: 804:135,159,64,:0,6,0,
demand: 654:216,220,131,131,130,:9,10,7,4,0,
demand: 919:227,30,:0,7,
demand: 611:37,203,203,200,:7,10,8,6,
demand: 237:224,225,225,132,10,:0,9,8,0,0,
demand: 183:32,242,98,:0,3,0,
demand: 180:133,148,148,148,165,:0,6,9,1,2,
demand: 517:110,131,131,131,123,:0,9,1,2,0,
demand: 374:176,214,:10,0,
demand: 580:144,144,144,211,184,:8,5,1,3,0,
demand: 551:61,163,:0,2,
demand: 247:154,159,111,:0,3,0,
demand: 881:140,140,140,140,155,155,155,155,93,5,:1,4,10,2,8,7,3,5,0,0,
demand: 362:243,155,155,155,222,:0,8,4,10,0,
demand: 457:70,70,70,70,105,105,105,105,72,:9,4,6,8,5,7,1,3,0,
demand: 912:78,174,66,66,66,2,2,2,:0,0,5,9,8,6,4,10,
demand: 692:197,198,198,53,:0,7,8,10,
demand: 430:142,175,175,231,6,:0,7,10,0,0,
demand: 857:143,210,115,115,104,:0,0,3,8,0,
demand: 520:136,168,168,162,:0,4,1,0,
demand: 570:111,166,:0,7,
demand: 729:66,66,214,176,:10,2,4,0,
demand: 432:50,250,29,:3,0,0,
demand: 29:173,243,181,:0,3,0,
demand: 380:29,131,131,227,151,:0,10,1,0,0,
demand: 639:135,159,112,:0,2,4,
demand: 645:11,105,105,105,:7,5,2,1,
demand: 59:19,19,195,:6,8,0,
Average Delay: 2.971830985915493
Runtime (mS): 513264Acceptation rate: 0.71