demand: 122:164,164,164,164,122,122,122,122,17,17,147,:1,8,10,3,7,2,4,5,6,9,0,
demand: 395:116,116,116,126,126,126,21,21,21,208,17,:3,10,9,6,4,2,1,8,7,0,0,
demand: 461:21,21,21,21,202,202,202,26,:8,10,9,5,2,4,3,0,
demand: 246:250,250,250,7,7,83,83,83,83,86,:5,2,3,9,10,4,6,7,1,0,
demand: 899:27,27,27,27,27,231,231,231,231,231,67,:10,7,4,1,8,2,6,5,3,9,0,
demand: 412:2,2,2,2,171,:3,5,4,1,0,
demand: 614:72,72,72,72,72,17,17,12,12,:5,1,2,6,4,7,10,3,9,
demand: 911:210,210,210,210,241,241,241,241,77,27,:3,2,6,5,4,10,8,7,1,0,
demand: 488:233,233,233,233,87,87,87,87,34,223,:1,6,4,7,10,3,9,8,0,0,
demand: 165:144,144,144,224,:2,6,3,0,
demand: 99:145,145,5,7,:6,1,0,0,
demand: 988:229,229,229,229,1,1,40,:8,2,9,4,7,3,0,
demand: 72:222,222,222,99,99,99,67,201,:7,4,8,9,6,1,0,0,
demand: 786:104,104,104,167,167,167,77,12,:3,4,6,1,5,2,0,0,
demand: 372:112,112,112,112,112,135,135,:5,9,6,8,7,4,1,
demand: 965:108,13,210,:7,0,0,
demand: 725:219,219,44,44,44,44,165,165,165,:2,6,9,4,5,1,3,10,7,
demand: 160:82,82,82,82,125,:3,1,5,6,0,
demand: 862:123,123,123,123,123,131,131,:4,7,10,9,2,8,3,
demand: 840:15,15,15,15,15,15,155,155,155,:1,2,10,4,9,7,8,3,5,
demand: 504:199,199,199,199,199,199,199,171,171,171,:3,5,2,6,10,8,9,7,1,4,
demand: 706:36,36,83,61,:6,1,8,4,
demand: 506:219,231,142,142,142,150,150,150,238,238,238,:0,10,3,5,2,8,7,6,1,4,9,
demand: 582:115,115,115,115,115,202,202,202,202,35,:2,1,7,8,4,6,5,9,3,10,
demand: 992:231,243,243,243,243,179,179,:9,7,5,1,8,6,4,
demand: 715:123,123,123,231,231,77,241,233,:5,3,1,9,6,10,0,0,
demand: 208:184,184,184,31,31,:10,4,5,7,1,
demand: 877:97,97,97,97,21,:4,2,5,6,0,
demand: 866:246,246,246,246,3,3,3,209,:9,1,5,4,10,6,7,0,
demand: 33:202,234,234,234,234,115,115,115,115,80,:0,9,5,8,6,3,10,1,7,0,
demand: 291:138,138,138,138,138,214,:6,10,1,9,4,3,
demand: 734:143,143,143,143,148,148,1,:8,7,2,1,3,5,0,
demand: 204:197,202,93,:2,0,0,
demand: 590:112,205,205,205,:0,10,2,1,
demand: 475:226,56,:9,0,
demand: 103:179,177,:6,0,
demand: 820:91,91,91,132,132,100,100,100,:3,2,1,5,6,9,10,4,
demand: 145:35,223,223,223,223,127,127,127,127,15,:5,9,3,1,7,6,2,10,4,0,
demand: 661:5,178,:5,0,
demand: 708:175,175,175,19,193,:4,6,3,7,0,
demand: 439:102,102,102,102,102,102,46,46,46,:9,6,2,5,7,3,10,1,4,
demand: 279:163,1,158,:10,0,0,
demand: 601:6,6,6,6,219,:7,5,10,3,4,
demand: 818:236,236,236,155,:2,7,6,0,
demand: 985:80,80,115,115,115,77,77,26,:3,2,10,5,6,4,7,1,
demand: 675:19,19,19,164,164,164,150,150,150,30,250,127,223,:2,1,10,5,3,7,8,9,6,4,0,0,0,
demand: 505:213,234,:1,0,
demand: 793:183,183,183,183,234,234,234,234,164,19,:5,10,6,8,3,1,9,2,7,0,
demand: 134:55,199,199,199,199,:8,6,4,2,10,
demand: 524:208,208,208,208,88,88,138,:7,10,9,8,1,2,0,
demand: 276:243,244,244,244,244,244,78,78,78,:8,7,2,10,3,9,1,5,4,
demand: 193:174,174,174,132,132,53,:2,9,10,7,5,0,
demand: 364:143,189,189,:0,6,7,
demand: 792:145,145,145,145,151,151,151,129,:2,7,4,5,8,10,6,0,
demand: 295:66,66,66,68,68,4,4,4,:7,10,5,8,3,1,2,6,
demand: 441:222,132,169,169,169,169,:4,9,7,10,5,8,
demand: 47:102,107,107,107,107,107,75,75,75,75,75,:0,6,2,1,8,9,4,3,10,5,7,
demand: 102:86,86,86,86,73,73,:7,4,5,8,6,3,
demand: 280:66,4,4,4,4,:0,1,10,7,9,
demand: 469:152,152,152,193,193,119,119,119,:8,7,10,5,4,9,3,2,
demand: 98:75,76,76,76,76,181,181,181,181,99,:1,4,9,8,10,7,2,6,5,3,
demand: 799:186,186,193,193,85,85,85,174,164,:2,6,3,4,10,9,7,0,0,
demand: 890:116,116,133,133,133,37,37,:10,8,5,9,1,4,3,
demand: 432:62,62,62,62,3,3,3,186,:2,9,3,1,8,7,10,0,
demand: 272:45,45,45,45,46,46,:6,7,9,5,8,3,
demand: 948:188,188,188,48,:5,2,9,7,
demand: 270:151,151,187,187,196,196,171,:10,3,8,5,4,7,0,
demand: 712:209,209,110,110,110,110,:1,7,6,4,5,3,
demand: 624:3,21,87,:5,0,0,
demand: 951:82,15,233,:2,0,0,
demand: 198:90,90,90,13,78,:8,2,3,0,0,
demand: 37:48,48,28,:7,1,0,
demand: 748:58,58,58,1,250,:8,2,9,10,5,
demand: 586:5,5,203,203,199,:7,10,1,8,3,
demand: 467:219,230,230,230,230,173,173,173,173,141,:0,6,2,9,4,7,3,8,5,1,
demand: 182:56,56,56,56,85,:2,4,1,8,7,
demand: 824:64,64,163,163,210,210,210,176,:4,9,7,2,6,10,1,0,
demand: 41:159,159,159,159,56,:3,7,8,2,0,
demand: 780:228,237,237,237,237,237,194,194,194,:5,9,10,6,1,7,8,4,2,
demand: 132:56,10,227,:9,0,0,
demand: 695:119,243,:6,0,
demand: 735:84,84,84,177,:6,9,8,0,
demand: 827:56,159,159,159,29,29,:0,4,9,6,5,1,
demand: 214:18,18,134,134,13,13,126,56,:9,2,10,4,1,7,0,0,
demand: 975:237,5,168,:0,0,5,
demand: 3:140,140,140,140,140,42,42,42,42,42,:2,8,7,3,9,6,4,1,10,5,
demand: 500:57,76,:10,0,
demand: 595:46,46,46,46,46,174,174,174,174,171,:8,7,6,10,3,5,2,4,9,0,
demand: 963:10,10,10,10,178,178,178,:9,6,10,3,1,5,2,
demand: 774:190,190,190,190,190,190,172,172,:2,9,10,3,6,4,7,8,
demand: 192:141,227,227,227,227,248,248,248,248,91,:4,8,3,7,1,10,6,5,2,0,
demand: 960:196,196,234,77,:7,8,0,0,
demand: 397:221,221,221,221,41,:7,6,3,9,10,
demand: 378:189,189,216,:9,10,0,
demand: 215:170,170,165,:5,6,0,
demand: 537:107,177,177,177,174,174,:0,9,10,5,2,4,
demand: 445:161,161,161,161,161,223,223,223,223,223,10,:8,4,9,10,1,3,2,5,7,6,0,
demand: 945:130,11,73,:4,0,0,
demand: 314:139,139,139,139,139,159,159,159,159,159,154,:7,6,9,2,3,8,4,10,1,5,0,
demand: 375:6,6,6,247,247,247,169,36,:7,9,4,10,1,6,8,0,
demand: 288:212,225,225,225,225,172,172,:6,10,5,7,2,3,4,
demand: 251:237,32,:0,8,
demand: 740:144,144,144,201,201,67,:8,6,3,1,9,0,
demand: 557:224,224,27,172,:7,5,6,2,
demand: 931:137,137,198,:9,2,0,
demand: 249:68,68,68,68,68,24,24,24,24,24,:7,9,8,1,3,10,6,5,2,4,
demand: 174:170,170,241,241,167,167,167,40,:7,6,1,10,9,4,2,3,
demand: 765:193,193,193,193,193,158,:4,7,1,5,9,2,
demand: 687:238,244,244,244,236,236,178,:0,8,6,7,4,3,0,
demand: 547:225,111,:10,0,
demand: 385:80,220,220,220,220,211,211,:0,9,7,2,10,8,6,
demand: 699:142,142,185,185,185,185,182,182,182,182,:6,4,5,7,3,2,9,1,10,8,
demand: 507:72,72,90,:2,10,0,
demand: 530:100,100,210,210,115,27,:9,10,6,2,0,0,
demand: 274:56,118,118,118,190,190,190,100,:0,1,10,8,4,2,3,0,
demand: 825:28,28,28,28,28,204,204,204,204,204,:1,10,2,9,4,8,6,3,7,5,
demand: 647:20,20,20,20,174,174,171,:9,1,4,6,2,8,0,
demand: 544:46,63,63,63,63,4,:1,3,7,6,2,10,
demand: 490:225,249,249,249,249,30,30,30,30,28,:2,9,1,10,7,5,4,3,6,0,
demand: 681:172,226,226,226,226,34,34,34,:0,3,10,4,1,2,8,5,
demand: 108:119,16,:5,10,
demand: 929:48,48,144,144,224,161,:8,10,6,2,1,0,
demand: 306:44,1,235,:10,0,0,
demand: 241:83,23,23,23,:9,6,8,1,
demand: 905:74,243,:8,0,
demand: 631:182,182,200,200,200,200,53,53,53,53,:9,5,6,7,4,2,3,1,8,10,
demand: 472:15,15,15,20,20,246,246,246,223,:7,10,2,4,1,9,3,8,0,
demand: 389:53,193,193,181,:1,8,10,0,
demand: 112:102,215,215,215,215,215,156,156,156,156,:0,9,7,5,4,8,3,2,1,10,
demand: 2:165,165,216,216,216,216,84,84,84,:10,7,4,1,8,2,3,9,6,
demand: 977:214,214,212,:8,4,0,
demand: 453:136,136,136,139,139,244,244,196,:7,8,4,2,3,9,10,6,
demand: 508:239,239,239,239,39,:6,2,7,9,0,
demand: 371:216,216,146,146,146,146,:2,1,6,8,3,7,
demand: 410:33,33,33,231,:3,9,4,0,
demand: 710:236,236,236,240,240,207,199,:2,1,9,10,5,0,0,
demand: 489:190,28,28,28,114,:1,7,3,9,0,
demand: 525:119,109,109,:0,7,2,
demand: 872:139,139,249,249,249,92,92,92,:2,9,3,4,10,8,6,5,
demand: 283:202,207,207,207,207,240,240,240,201,201,:0,2,9,4,1,3,8,7,6,10,
demand: 271:202,207,207,76,:0,1,10,0,
demand: 8:159,246,246,246,246,180,180,:0,2,8,10,1,5,7,
demand: 958:113,234,:10,0,
demand: 366:104,108,108,108,108,108,26,26,26,26,:0,7,10,1,2,9,5,4,3,6,
demand: 437:202,67,:0,6,
demand: 932:125,125,125,125,93,93,:9,1,3,6,7,2,
demand: 260:169,8,8,8,8,157,157,157,:1,6,10,5,7,2,3,9,
demand: 528:101,101,101,101,101,246,3,3,3,3,:2,5,1,9,7,6,3,8,10,4,
demand: 999:90,148,148,148,:0,2,5,8,
demand: 737:199,227,227,227,227,41,41,41,:0,1,10,7,4,2,9,3,
demand: 89:102,128,128,128,118,:0,8,5,6,4,
demand: 760:86,86,86,161,:6,5,4,0,
demand: 383:47,47,15,42,:10,3,0,0,
demand: 407:165,197,197,197,197,57,57,57,57,:0,9,3,1,2,5,10,4,8,
demand: 638:181,185,185,185,185,89,89,89,89,:0,4,5,1,10,9,6,8,7,
demand: 543:166,166,211,211,211,94,94,94,:10,1,6,3,8,5,7,9,
demand: 30:32,32,32,32,32,233,233,216,216,:6,2,9,10,1,7,5,4,3,
demand: 602:211,211,211,211,242,242,242,239,:4,6,3,9,2,5,1,0,
demand: 940:109,211,:8,0,
demand: 863:49,49,72,167,:9,1,0,0,
demand: 446:69,69,69,69,69,9,9,176,176,176,:6,2,8,1,5,3,9,4,7,10,
demand: 835:67,67,67,99,143,:7,9,8,4,0,
demand: 894:17,21,21,21,88,88,208,136,:5,2,9,3,4,10,0,0,
demand: 362:20,33,:0,4,
demand: 454:97,97,129,129,129,129,68,68,68,68,:4,5,7,3,1,9,10,8,2,6,
demand: 140:58,13,13,:3,7,6,
demand: 211:44,70,70,70,236,236,136,:0,6,10,7,4,1,0,
demand: 43:81,81,81,7,7,:4,2,10,5,6,
demand: 200:205,47,:0,9,
demand: 868:99,247,247,247,235,235,:0,2,1,7,4,10,
demand: 573:216,106,106,106,106,:0,9,5,1,6,
demand: 36:165,130,130,130,130,:0,5,9,1,3,
demand: 518:189,232,232,232,232,219,:1,8,2,5,6,7,
demand: 327:225,95,95,95,95,:0,9,8,10,6,
demand: 34:141,185,:1,2,
demand: 368:199,203,203,203,203,51,51,51,:0,5,9,3,7,2,8,1,
demand: 268:99,149,149,149,179,179,179,150,:0,10,9,4,1,2,6,0,
demand: 5:64,247,247,247,247,247,25,25,25,25,:10,3,4,5,6,2,8,9,7,1,
demand: 617:231,217,217,217,217,:0,1,7,6,3,
demand: 632:76,76,111,111,111,215,215,215,167,:1,7,6,5,10,2,3,4,0,
demand: 456:96,96,96,51,:7,5,10,6,
demand: 762:147,147,147,7,7,7,30,30,30,249,238,:8,1,10,7,5,6,2,9,3,0,0,
demand: 18:57,79,79,79,229,229,107,:3,10,6,4,9,5,8,
demand: 387:140,140,94,94,24,24,24,127,127,13,:7,8,1,5,4,2,6,3,9,10,
demand: 123:31,31,213,213,207,:9,1,3,5,0,
demand: 668:24,37,37,37,108,108,108,61,:0,4,9,8,3,5,6,0,
demand: 255:189,34,250,:6,0,0,
demand: 719:178,90,:1,0,
demand: 187:48,28,202,231,:3,0,0,0,
demand: 352:237,241,119,:0,2,0,
demand: 494:216,218,218,218,185,185,167,:4,7,10,2,6,1,0,
demand: 697:29,29,29,29,102,102,70,:8,6,3,9,7,2,4,
Average Delay: 2.8852459016393444
Runtime (mS): 120812Acceptation rate: 0.915