demand: 122:164,164,164,164,122,122,122,122,17,17,147,:1,8,10,3,7,2,4,5,6,9,0,
demand: 395:116,116,116,126,126,126,21,21,21,208,17,:3,10,9,6,4,2,1,8,7,0,0,
demand: 461:21,21,21,21,202,202,202,26,:8,10,9,5,2,4,3,0,
demand: 246:250,250,250,7,7,83,83,83,83,86,:5,2,3,9,10,4,6,7,1,0,
demand: 899:27,27,27,27,27,231,231,231,231,231,67,:10,7,4,1,8,2,6,5,3,9,0,
demand: 412:2,2,2,2,171,:3,5,4,1,0,
demand: 614:72,72,72,72,72,17,17,12,12,:5,1,2,6,4,7,10,3,9,
demand: 911:210,210,210,210,241,241,241,241,77,27,:3,2,6,5,4,10,8,7,1,0,
demand: 488:233,233,233,233,87,87,87,87,34,223,:1,6,4,7,10,3,9,8,0,0,
demand: 593:127,127,127,127,127,127,196,196,:9,7,2,3,5,10,4,6,
demand: 754:58,58,58,58,58,198,198,196,196,:8,2,5,10,6,1,4,3,7,
demand: 515:126,126,126,13,66,:9,5,3,2,0,
demand: 863:220,220,220,119,119,:1,10,7,2,9,
demand: 681:17,132,132,132,4,:0,3,7,10,0,
demand: 419:184,184,184,5,29,:9,3,10,0,0,
demand: 500:122,131,131,131,131,37,37,37,:0,4,2,1,7,10,5,8,
demand: 473:114,114,3,:3,2,0,
demand: 683:220,220,76,76,:4,7,10,2,
demand: 743:58,185,185,185,185,185,177,177,177,177,:6,5,1,2,8,3,9,4,10,7,
demand: 73:196,233,211,211,211,:0,3,10,1,6,
demand: 242:130,130,130,30,235,:10,7,2,0,0,
demand: 749:221,221,221,1,1,61,:4,3,1,2,9,0,
demand: 698:16,16,169,132,:7,8,0,0,
demand: 729:187,187,187,187,164,164,164,164,138,191,:1,6,4,5,8,2,3,7,10,0,
demand: 4:139,139,139,139,139,139,139,43,43,43,:3,6,4,10,2,8,7,9,1,5,
demand: 13:245,245,245,247,247,247,30,30,30,30,:9,5,2,8,4,1,10,7,6,3,
demand: 409:242,242,242,242,144,144,:10,8,5,6,2,4,
demand: 985:98,98,98,98,174,:6,8,4,5,1,
demand: 723:167,167,29,:1,8,0,
demand: 802:91,91,91,96,96,46,46,46,:2,7,10,5,1,3,4,6,
demand: 885:190,170,:10,0,
demand: 979:162,200,:1,0,
demand: 790:54,54,54,11,51,:10,5,8,1,0,
demand: 771:163,163,57,57,99,:3,7,6,1,0,
demand: 898:192,192,192,192,109,:8,7,4,9,6,
demand: 49:82,82,82,82,135,:3,6,5,1,0,
demand: 478:102,102,134,:4,9,0,
demand: 446:126,126,223,223,220,:1,2,7,8,0,
demand: 632:185,185,185,185,84,:9,2,10,7,6,
demand: 995:46,46,46,46,46,127,223,223,223,223,:7,2,3,1,4,8,6,9,5,10,
demand: 392:147,147,147,147,147,1,1,1,219,219,:3,1,10,6,4,2,8,5,7,9,
demand: 340:20,20,20,9,81,:5,9,8,0,0,
demand: 150:88,88,88,19,:2,7,1,0,
demand: 796:92,92,92,92,113,113,113,113,18,:6,8,4,2,9,1,7,5,0,
demand: 128:8,8,8,8,8,157,157,157,146,146,:10,9,6,4,8,2,1,3,5,7,
demand: 559:10,25,:10,0,
demand: 113:209,209,209,232,232,232,101,101,101,101,:1,8,7,3,2,6,5,10,9,4,
demand: 533:122,187,187,187,187,187,10,10,10,10,:0,10,8,2,6,5,9,7,1,3,
demand: 243:147,152,152,152,103,103,:0,1,8,6,3,7,
demand: 346:170,170,170,170,170,8,:6,3,10,2,9,5,
demand: 36:209,123,123,123,231,:5,4,2,3,0,
demand: 996:175,175,175,175,175,80,80,:10,3,6,1,9,7,2,
demand: 709:232,241,241,241,241,237,237,237,237,212,212,:0,7,2,10,1,5,6,9,8,4,3,
demand: 176:146,146,146,231,:6,10,1,0,
demand: 414:82,108,108,108,21,21,21,241,146,:4,8,3,6,5,1,7,2,0,
demand: 706:113,113,71,71,71,:7,10,1,5,8,
demand: 817:40,40,40,194,194,194,192,192,192,:7,4,8,3,5,1,9,10,2,
demand: 924:186,186,193,193,193,:4,6,5,3,10,
demand: 690:64,64,67,67,67,29,29,:7,4,3,2,8,6,5,
demand: 629:39,39,39,39,39,16,6,6,6,:1,4,2,10,6,3,5,7,9,
demand: 669:76,76,107,:1,7,0,
demand: 548:2,2,2,2,236,236,:9,6,8,10,4,3,
demand: 989:145,145,145,9,35,:9,6,8,5,0,
demand: 22:9,9,96,96,46,:3,4,7,8,6,
demand: 233:95,95,95,95,241,237,:4,9,8,7,3,1,
demand: 513:169,169,169,169,247,247,247,178,:9,3,8,10,7,4,2,0,
demand: 109:83,199,199,199,30,224,:0,3,5,4,8,6,
demand: 518:88,173,173,173,57,57,57,46,:9,7,6,4,10,3,5,0,
demand: 813:122,126,13,13,13,108,108,82,:0,0,10,2,9,6,3,0,
demand: 394:235,235,235,235,58,:1,5,8,9,0,
demand: 765:63,2,:2,0,
demand: 545:239,239,239,239,239,248,248,248,248,248,168,:1,8,6,9,7,4,10,2,5,3,0,
demand: 381:116,116,116,116,174,174,174,174,164,:9,7,4,1,10,6,2,8,0,
demand: 92:206,206,227,227,227,227,217,217,217,217,:7,6,9,1,3,2,4,10,8,5,
demand: 864:101,82,108,:10,0,0,
demand: 643:230,230,111,:9,6,0,
demand: 423:224,240,240,240,240,240,119,119,119,119,:2,6,8,9,4,10,7,1,3,5,
demand: 98:116,202,202,202,202,99,99,99,99,92,:0,1,2,3,4,9,8,10,5,0,
demand: 510:180,180,180,180,165,:6,3,2,9,1,
demand: 595:138,138,233,:8,9,0,
demand: 421:224,234,234,234,234,234,106,106,106,106,:0,2,7,9,3,1,6,8,10,4,
demand: 382:250,42,42,42,226,226,:0,10,6,9,7,1,
demand: 610:103,244,244,244,244,169,169,:0,4,5,7,2,6,9,
demand: 601:148,148,148,148,83,:2,10,9,8,4,
demand: 821:16,243,243,243,243,243,229,229,229,229,:0,4,3,8,6,1,5,7,2,9,
demand: 480:134,134,243,:4,7,0,
demand: 639:176,176,176,176,244,244,244,244,169,96,:2,5,7,9,4,10,3,8,6,0,
demand: 780:56,56,56,56,70,70,8,:9,10,6,5,8,3,0,
demand: 711:22,22,22,22,114,:9,8,3,2,1,
demand: 53:192,201,201,201,201,158,158,158,158,:0,6,9,3,1,4,7,2,10,
demand: 126:9,210,210,210,210,210,11,11,11,11,11,:0,1,8,9,4,6,5,7,3,10,2,
demand: 609:115,77,205,:6,0,0,
demand: 369:162,162,162,162,162,34,34,34,34,34,127,:8,7,10,3,9,1,2,4,5,6,0,
demand: 268:193,193,193,193,193,50,50,50,71,:6,7,8,9,4,1,3,5,2,
demand: 251:218,218,218,109,:8,3,4,0,
demand: 424:168,168,5,5,96,:3,9,10,8,0,
demand: 10:55,216,216,216,216,210,:5,6,1,2,4,8,
demand: 714:175,156,156,156,156,:0,10,3,9,4,
demand: 700:194,230,:6,10,
demand: 427:14,220,:3,0,
demand: 105:120,120,120,148,148,148,142,142,113,:2,3,1,5,4,9,7,8,0,
demand: 386:135,135,135,229,229,:8,7,1,3,9,
demand: 197:154,154,98,:7,6,0,
demand: 961:9,57,197,197,197,175,:0,7,9,8,6,0,
demand: 751:106,106,144,144,144,115,115,115,115,210,201,:7,8,3,9,5,4,2,1,10,6,0,
demand: 170:21,21,21,83,:6,4,7,0,
demand: 829:105,105,105,105,105,187,187,187,187,187,170,:2,4,6,9,8,10,1,7,5,3,0,
demand: 50:219,219,230,230,230,13,:5,2,9,10,4,8,
demand: 740:227,227,206,66,:5,7,0,0,
demand: 254:235,250,181,181,181,146,:2,8,3,1,10,0,
demand: 149:166,38,:5,0,
demand: 837:181,129,129,:2,6,5,
demand: 560:188,188,188,188,188,189,189,189,189,82,:7,3,1,6,10,2,9,5,8,0,
demand: 921:53,53,53,53,222,222,222,222,172,172,13,:7,5,1,10,9,8,6,3,2,4,0,
demand: 195:208,208,230,:7,2,0,
demand: 283:21,77,77,33,33,163,104,104,104,:7,10,4,1,8,2,3,9,5,
demand: 331:35,193,193,193,193,191,191,:6,8,4,1,7,3,2,
demand: 239:25,150,:9,0,
demand: 794:205,205,225,225,225,165,165,165,164,:10,6,5,8,4,2,7,9,0,
demand: 838:17,52,52,52,105,105,105,64,:5,9,1,10,4,6,3,0,
demand: 101:96,115,115,115,167,167,167,39,:5,10,9,3,2,1,6,0,
demand: 562:243,246,194,:0,10,0,
demand: 375:48,48,48,48,55,55,10,:4,10,9,8,5,3,0,
demand: 79:68,68,68,68,68,68,109,109,109,:8,7,10,6,4,9,5,1,3,
demand: 486:18,172,:3,8,
demand: 464:87,87,24,24,250,150,199,210,27,61,148,:10,6,1,7,0,0,0,0,0,0,0,
demand: 528:87,87,87,24,179,:9,7,6,0,0,
demand: 889:166,166,169,169,244,244,240,:4,5,8,1,10,2,0,
demand: 259:228,247,247,247,247,60,60,60,:10,9,6,3,8,2,5,7,
demand: 232:44,44,44,44,89,:1,8,6,9,0,
demand: 953:20,129,129,129,126,:1,7,5,4,0,
demand: 845:137,137,137,137,137,137,137,49,49,49,:6,1,7,10,9,3,2,5,8,4,
demand: 715:214,214,214,214,214,212,:8,9,6,5,10,4,
demand: 24:12,86,86,86,86,142,142,142,231,198,:5,1,2,4,10,6,9,3,8,7,
demand: 884:117,117,117,201,201,144,:8,5,4,1,10,0,
demand: 422:199,199,199,138,138,196,24,:9,7,6,5,4,1,10,
demand: 178:71,200,:0,3,
demand: 460:117,117,123,123,123,167,137,137,:1,9,3,8,5,6,7,4,
demand: 102:123,123,167,77,64,163,210,51,:2,7,5,4,0,0,0,0,
demand: 277:65,3,3,129,:7,5,10,0,
demand: 431:67,203,203,203,203,:0,5,3,10,4,
demand: 537:144,144,144,144,144,115,115,115,36,:2,3,8,6,1,4,7,10,9,
demand: 75:190,190,190,190,190,213,213,213,213,213,5,:8,3,2,6,5,4,9,7,1,10,0,
demand: 214:178,178,5,161,:9,7,0,0,
demand: 179:140,140,140,140,174,174,80,:5,1,2,3,6,9,0,
demand: 200:98,172,172,172,172,94,94,:7,5,2,10,1,4,6,
demand: 371:177,73,:8,0,
demand: 960:29,29,29,29,218,218,:8,4,6,5,10,3,
demand: 516:142,6,6,216,:0,3,6,8,
demand: 655:63,63,63,63,160,160,160,160,136,:10,2,9,1,6,3,5,4,0,
demand: 724:82,108,108,108,108,26,:4,9,7,6,3,1,
Average Delay: 2.8943661971830985
Runtime (mS): 70925Acceptation rate: 0.9466666666666667