demand: 122:164,164,164,164,122,122,122,122,17,17,147,:1,8,10,3,7,2,4,5,6,9,0,
demand: 395:116,116,116,126,126,126,21,21,21,208,17,:3,10,9,6,4,2,1,8,7,0,0,
demand: 461:21,21,21,21,202,202,202,26,:8,10,9,5,2,4,3,0,
demand: 246:250,250,250,7,7,83,83,83,83,86,:5,2,3,9,10,4,6,7,1,0,
demand: 899:27,27,27,27,27,231,231,231,231,231,67,:10,7,4,1,8,2,6,5,3,9,0,
demand: 412:2,2,2,2,171,:3,5,4,1,0,
demand: 614:72,72,72,72,72,17,17,12,12,:5,1,2,6,4,7,10,3,9,
demand: 911:210,210,210,210,241,241,241,241,77,27,:3,2,6,5,4,10,8,7,1,0,
demand: 488:233,233,233,233,87,87,87,87,34,223,:1,6,4,7,10,3,9,8,0,0,
demand: 228:181,181,181,77,77,33,33,33,33,61,:5,2,7,1,9,8,3,6,10,4,
demand: 52:65,118,:1,0,
demand: 341:166,64,:5,6,
demand: 649:25,25,25,167,167,17,:8,5,7,6,2,0,
demand: 94:34,34,34,11,11,:2,4,7,1,9,
demand: 477:245,245,245,16,16,16,:8,2,3,7,4,1,
demand: 988:157,157,157,236,236,:8,4,5,3,9,
demand: 741:125,4,:4,0,
demand: 856:194,194,194,147,:9,4,3,0,
demand: 784:37,37,37,37,91,91,78,:5,2,1,6,8,10,3,
demand: 637:61,114,:7,0,
demand: 804:43,43,43,1,1,200,:7,2,10,4,3,9,
demand: 310:58,58,58,21,71,:4,6,7,0,0,
demand: 985:183,183,183,183,239,:6,2,7,5,0,
demand: 147:161,161,161,161,169,169,169,169,132,:8,3,5,6,4,10,7,2,0,
demand: 2:69,184,:5,0,
demand: 240:171,171,171,171,171,207,207,:10,7,4,1,9,2,5,
demand: 510:7,7,7,7,110,:8,6,1,9,2,
demand: 475:147,147,147,147,3,3,3,3,66,:6,7,1,5,2,4,10,9,0,
demand: 490:14,14,14,14,14,2,2,2,2,2,185,:4,8,2,9,5,3,7,10,6,1,0,
demand: 10:163,163,163,163,164,164,164,126,:10,5,7,9,1,6,2,3,
demand: 242:24,24,24,204,:6,9,3,0,
demand: 139:90,90,90,90,116,116,112,112,112,112,:1,5,4,8,7,10,2,3,9,6,
demand: 543:158,158,158,158,63,63,:6,8,1,10,3,9,
demand: 965:238,71,:6,0,
demand: 121:47,47,47,47,47,239,:7,6,8,3,5,2,
demand: 480:78,78,153,153,153,117,117,117,:4,5,2,1,6,7,9,10,
demand: 662:209,209,27,173,:8,2,0,0,
demand: 295:92,92,92,92,153,:9,1,4,10,2,
demand: 129:207,207,207,207,207,4,4,4,4,4,86,:1,2,7,8,3,9,6,10,4,5,0,
demand: 664:4,4,4,4,21,21,21,21,13,13,172,:3,5,2,4,7,8,1,9,6,10,0,
demand: 715:240,240,240,240,4,4,4,4,15,:6,4,2,3,5,8,1,7,0,
demand: 816:78,88,88,88,88,208,208,208,208,80,:6,8,5,3,10,9,2,7,4,1,
demand: 156:145,145,145,145,145,26,26,26,26,:6,8,2,7,4,10,1,5,9,
demand: 562:21,21,241,241,241,84,84,84,:6,4,9,3,2,8,7,1,
demand: 258:160,122,:3,0,
demand: 410:73,62,:8,0,
demand: 830:192,192,192,192,192,192,68,68,:2,10,1,8,3,7,9,5,
demand: 552:150,150,150,150,68,68,:5,2,3,6,4,1,
demand: 47:66,66,118,118,118,113,113,:2,7,3,5,8,4,1,
demand: 259:231,231,83,89,:4,9,0,0,
demand: 314:201,201,201,67,67,67,99,222,:6,4,1,7,9,8,0,0,
demand: 833:231,195,195,:0,1,3,
demand: 40:224,224,233,15,15,15,248,248,248,248,239,:2,9,7,6,8,5,1,3,10,4,0,
demand: 363:126,126,126,126,74,:1,5,2,4,0,
demand: 112:238,170,170,:8,10,6,
demand: 339:195,199,199,199,199,223,223,223,223,203,203,:0,1,5,4,8,3,10,7,6,9,2,
demand: 172:52,52,234,234,234,:10,3,6,1,2,
demand: 216:209,27,20,:7,2,10,
demand: 273:223,223,247,247,121,121,121,:10,8,9,6,4,5,2,
demand: 520:224,225,225,225,132,132,:0,2,6,3,1,8,
demand: 24:156,156,167,77,12,:4,9,0,0,0,
demand: 92:111,9,186,:5,0,0,
demand: 867:242,242,242,1,157,:7,9,8,4,0,
demand: 805:124,124,124,124,124,248,248,248,248,245,:2,9,1,8,10,4,5,3,7,0,
demand: 521:242,242,242,242,7,7,204,:9,1,2,7,6,10,0,
demand: 193:166,166,90,116,116,:7,10,5,2,6,
demand: 457:166,210,210,210,142,142,142,150,250,248,:0,1,2,5,9,10,7,0,0,0,
demand: 796:44,44,44,44,44,3,3,3,3,:8,5,3,10,1,4,7,9,2,
demand: 925:146,22,:3,0,
demand: 388:110,110,110,7,7,30,250,94,233,:4,9,10,1,2,7,0,0,0,
demand: 642:248,113,:2,8,
demand: 817:240,246,246,246,72,:5,10,9,8,4,
demand: 213:64,64,202,202,202,172,172,172,:5,4,10,2,1,7,8,3,
demand: 919:98,98,117,:10,5,0,
demand: 647:147,197,:3,8,
demand: 515:14,244,244,244,244,:2,6,4,5,8,
demand: 435:72,72,72,72,72,72,141,141,:2,10,5,7,6,8,3,1,
demand: 670:17,132,132,132,174,35,:8,4,6,7,10,0,
demand: 720:234,234,234,234,168,168,:5,9,6,1,4,3,
demand: 231:59,59,59,59,59,247,247,247,247,247,242,:8,9,6,10,4,5,3,7,2,1,0,
demand: 372:183,239,239,239,244,:2,6,5,10,0,
demand: 261:230,230,230,24,24,127,:2,5,7,10,3,0,
demand: 529:38,38,38,38,38,247,247,247,247,247,228,:10,6,7,2,9,4,3,8,5,1,0,
demand: 13:45,45,45,45,199,199,199,138,:3,9,4,2,8,6,10,0,
demand: 334:43,87,87,87,94,94,94,117,:0,4,6,8,9,3,2,10,
demand: 835:150,172,172,172,222,122,:0,1,10,3,5,0,
demand: 436:153,153,145,:9,2,5,
demand: 606:144,144,144,144,115,115,115,191,:6,4,9,3,8,7,10,0,
demand: 358:27,144,144,144,201,157,:0,9,5,1,2,0,
demand: 506:130,130,130,130,142,142,142,14,:8,4,7,3,10,5,9,0,
demand: 747:107,164,:6,0,
demand: 703:149,149,149,214,214,:7,4,1,5,8,
demand: 255:18,70,70,70,70,55,:9,8,4,1,5,3,
demand: 957:156,156,156,156,167,167,167,167,107,:3,2,5,8,6,9,10,4,7,
demand: 448:59,59,73,73,218,218,78,:10,6,3,9,7,4,0,
demand: 553:219,1,236,:7,0,0,
demand: 142:74,6,120,:1,0,0,
demand: 658:68,68,68,68,183,:1,3,9,8,0,
demand: 699:86,86,86,86,144,144,144,144,:10,5,1,6,7,3,8,4,
demand: 513:177,246,240,:3,0,0,
demand: 677:221,221,221,236,236,52,:2,10,8,7,9,0,
demand: 607:187,187,196,196,210,210,163,27,172,:8,5,3,1,4,9,0,0,0,
demand: 198:197,197,197,197,203,203,198,198,198,198,:7,6,2,4,10,9,8,3,1,5,
demand: 408:234,236,236,18,:5,4,10,0,
demand: 271:63,63,63,63,177,:6,2,8,3,1,
demand: 333:155,155,155,155,155,155,201,201,:3,1,4,10,8,5,2,9,
demand: 586:173,173,173,184,184,196,196,196,194,:9,4,8,10,7,1,3,6,0,
demand: 587:138,138,138,138,13,13,13,13,134,:7,2,8,9,3,4,10,6,0,
demand: 3:8,170,:7,0,
demand: 933:179,179,179,187,187,187,122,247,169,:9,3,8,1,7,2,6,5,10,
demand: 484:54,54,3,10,:8,6,0,0,
demand: 250:74,74,74,74,74,131,131,131,131,118,:3,2,7,5,1,9,8,6,4,0,
demand: 726:10,63,177,:5,0,0,
demand: 68:1,236,236,236,117,:9,8,4,5,0,
demand: 161:207,159,159,159,:0,5,7,10,
demand: 631:130,246,246,246,246,237,237,:6,10,9,8,7,3,5,
demand: 533:20,20,80,:7,8,3,
demand: 300:30,30,30,30,30,220,220,220,220,203,:7,3,8,2,10,1,5,9,6,0,
demand: 859:2,220,:4,0,
demand: 798:161,215,215,215,215,215,174,174,174,174,:0,1,9,5,6,2,8,10,4,3,
demand: 519:146,146,146,217,217,217,216,216,216,216,:4,3,9,7,6,8,5,2,10,1,
demand: 894:26,26,249,249,249,235,235,235,:3,1,7,5,8,9,10,6,
demand: 449:45,133,133,133,133,129,129,129,:0,10,7,5,1,4,6,9,
demand: 212:193,193,19,164,130,:7,10,0,0,0,
demand: 346:28,28,28,28,28,157,157,:7,9,2,10,1,4,6,
demand: 446:228,75,:2,0,
demand: 329:79,79,99,:3,4,0,
demand: 901:185,185,185,194,194,172,:2,5,3,9,8,0,
demand: 511:21,28,28,28,202,202,152,:0,3,1,9,10,2,0,
demand: 307:37,111,:5,4,
demand: 315:208,208,211,211,211,211,177,177,177,177,:6,1,8,10,7,5,2,4,9,3,
demand: 503:92,92,92,215,215,215,174,174,174,:5,2,4,10,7,6,8,9,3,
demand: 292:198,226,226,226,226,82,82,82,82,30,:0,4,10,2,1,3,5,9,8,6,
demand: 222:162,162,162,162,5,:7,2,1,6,9,
demand: 719:6,6,6,65,:3,1,2,0,
demand: 256:208,104,:0,9,
demand: 466:174,174,174,174,174,211,211,:1,10,3,7,5,6,9,
demand: 438:76,76,214,:5,2,0,
demand: 657:137,137,137,241,241,233,:4,5,1,2,10,0,
demand: 123:57,57,57,57,57,175,175,:5,2,3,1,10,9,6,
demand: 610:42,42,42,246,246,245,:8,4,2,6,10,0,
demand: 961:180,90,:3,0,
demand: 576:179,69,69,69,69,:2,3,5,1,9,
demand: 528:170,170,243,243,243,228,:9,10,8,5,3,7,
demand: 369:181,185,185,185,185,229,229,229,229,225,:0,2,10,1,4,8,5,9,3,0,
demand: 126:218,218,218,35,:10,2,5,0,
demand: 863:192,232,78,:2,8,0,
demand: 17:157,200,200,200,200,81,81,81,81,33,33,:0,6,5,9,4,7,2,8,3,1,10,
demand: 815:231,243,243,243,5,5,:0,7,1,5,4,9,
demand: 524:119,119,119,119,119,167,156,156,156,156,:2,3,5,10,9,6,7,4,8,1,
demand: 110:201,201,211,211,211,211,87,87,87,87,:2,1,6,10,5,4,9,8,3,7,
demand: 563:154,155,155,155,92,:5,8,10,9,2,
demand: 55:140,140,140,234,236,:8,5,7,0,0,
demand: 186:53,53,53,53,46,:5,1,10,3,0,
demand: 700:83,83,188,188,188,115,115,115,:6,1,2,10,7,5,3,9,
demand: 505:181,222,222,222,187,187,187,147,:9,6,2,5,7,1,10,0,
demand: 141:52,22,22,100,:0,3,8,0,
demand: 38:131,131,13,226,:5,6,0,0,
demand: 806:182,182,182,182,182,182,199,199,:4,3,1,9,2,5,8,6,
demand: 907:5,5,5,235,235,214,214,:8,5,4,10,3,7,9,
demand: 540:75,75,75,75,198,:9,5,2,8,0,
demand: 160:190,190,190,190,190,190,249,249,249,:6,10,2,5,3,8,4,9,1,
demand: 422:231,232,232,232,144,:0,3,9,1,0,
demand: 380:70,102,102,102,102,29,29,29,:0,10,6,8,7,4,3,2,
demand: 963:243,244,244,244,244,148,148,148,148,101,:0,5,4,7,1,6,3,2,8,10,
demand: 668:141,173,98,98,13,13,126,126,119,:0,3,1,6,10,8,2,7,0,
demand: 861:152,152,152,22,125,:4,2,1,0,0,
demand: 180:65,79,79,79,79,204,204,204,204,122,:4,5,3,6,1,8,7,10,9,0,
demand: 628:163,213,213,213,213,213,159,159,159,159,159,:0,10,9,2,6,5,1,7,4,3,8,
demand: 376:7,44,:10,2,
demand: 347:1,160,160,160,86,86,:0,10,5,6,7,2,
demand: 875:212,212,212,215,145,:9,2,1,8,0,
demand: 453:57,57,57,76,76,76,214,64,:3,7,10,1,8,9,6,0,
demand: 77:67,81,81,81,72,:5,1,10,8,0,
demand: 584:50,50,50,25,:1,4,7,9,
demand: 561:17,132,174,215,215,181,:0,0,0,7,2,0,
demand: 598:168,199,199,199,79,:0,4,3,10,0,
demand: 275:151,151,162,162,162,100,100,100,:4,3,7,2,10,5,6,8,
demand: 736:230,237,237,68,68,66,:0,10,6,4,2,0,
demand: 705:82,127,127,127,15,:1,5,4,2,0,
demand: 745:48,48,157,201,:9,4,0,0,
demand: 405:231,170,:0,2,
demand: 767:10,10,10,10,3,3,22,:8,9,1,6,5,4,0,
demand: 289:51,11,185,:8,0,0,
demand: 994:116,189,189,189,189,114,114,114,114,3,:0,5,4,10,1,9,7,6,2,3,
demand: 182:246,246,199,168,:10,3,1,0,
demand: 840:161,175,175,175,:6,3,7,5,
demand: 523:101,101,101,148,53,:1,5,10,9,0,
demand: 544:5,23,23,23,206,206,206,69,:0,1,9,5,8,4,7,2,
demand: 740:146,190,:0,7,
demand: 926:93,93,93,93,97,97,97,97,127,127,90,:9,4,2,3,8,10,6,7,1,5,0,
demand: 98:164,164,85,85,29,:8,5,2,9,3,
demand: 43:99,99,99,99,108,108,108,108,21,:8,1,10,7,6,3,9,4,5,
demand: 431:39,39,39,39,39,226,226,226,226,208,:10,4,3,7,1,6,8,9,5,0,
demand: 938:123,123,123,123,123,123,184,184,:5,7,3,4,2,10,8,1,
demand: 559:73,73,73,73,218,190,190,190,:2,7,1,10,4,5,6,9,
demand: 751:225,244,244,14,:3,6,1,0,
demand: 279:41,41,41,41,129,129,129,126,:7,8,3,5,4,1,9,0,
demand: 809:185,194,249,:2,0,0,
demand: 247:100,100,187,187,187,128,128,128,128,85,:3,6,8,9,4,5,2,10,7,1,
demand: 672:7,204,204,52,:0,4,10,0,
demand: 322:221,221,236,236,136,136,134,134,:2,8,10,6,4,5,9,3,
demand: 493:67,128,128,128,80,:0,7,3,5,1,
demand: 786:212,226,226,226,204,:3,6,9,1,0,
demand: 386:206,82,:4,0,
demand: 573:32,72,167,:6,0,0,
demand: 966:188,188,188,188,216,216,25,:3,4,2,8,5,7,0,
demand: 319:170,185,185,185,185,151,151,:0,1,8,4,10,9,5,
demand: 432:130,79,:0,7,
demand: 981:64,159,159,159,159,139,139,139,139,:0,8,2,9,4,7,5,1,6,
demand: 709:119,234,115,115,115,80,:0,9,8,4,2,0,
demand: 772:61,111,111,111,177,177,177,144,:7,9,6,10,4,1,2,0,
demand: 585:82,101,101,101,101,148,148,148,148,133,:7,8,9,1,5,4,6,3,10,0,
demand: 179:52,193,193,193,193,187,187,187,:0,7,8,5,6,3,1,10,
demand: 574:79,115,115,115,191,176,176,176,:0,2,4,6,10,7,5,1,
demand: 270:131,49,:10,0,
demand: 964:94,94,103,103,103,103,40,40,40,:4,6,7,10,1,9,8,2,5,
demand: 820:58,58,55,55,:6,4,1,3,
demand: 525:162,227,227,182,:7,5,1,0,
demand: 646:151,178,178,178,127,:0,10,6,9,0,
demand: 355:190,196,244,236,:0,0,3,0,
demand: 504:208,227,227,227,227,38,38,:0,7,5,1,9,2,3,
demand: 771:42,42,42,171,:3,5,9,6,
demand: 601:132,155,155,155,52,:0,5,3,7,8,
demand: 313:202,220,220,186,186,61,:0,3,5,8,1,0,
demand: 401:24,24,24,75,75,75,:1,10,7,5,3,4,
demand: 340:168,217,217,217,80,:0,4,3,1,0,
demand: 554:132,169,247,35,:9,10,0,0,
demand: 148:139,139,139,180,180,180,:4,1,7,6,8,9,
demand: 337:3,147,84,:0,3,9,
demand: 632:40,143,143,143,135,135,25,:5,10,2,6,1,3,0,
demand: 211:66,66,229,229,229,143,143,:4,6,2,7,3,9,1,
demand: 87:216,227,227,227,160,160,137,137,:0,6,10,1,3,4,2,9,
demand: 400:6,6,6,6,193,193,193,193,168,:4,5,2,10,9,7,1,6,0,
demand: 41:86,86,86,86,86,108,108,108,108,39,:9,2,3,4,8,10,5,6,1,0,
demand: 46:13,205,205,185,185,:0,6,7,8,1,
demand: 187:22,22,22,22,71,:7,8,3,5,0,
demand: 398:107,107,167,123,123,37,:6,4,5,8,3,0,
demand: 791:141,227,227,227,47,:0,8,10,9,0,
demand: 204:136,231,129,129,129,129,106,106,106,:3,9,8,10,6,7,2,4,5,
demand: 441:223,239,32,32,32,:4,10,7,3,9,
demand: 706:186,125,125,125,:0,8,10,2,
demand: 336:15,6,74,:8,0,0,
demand: 900:242,244,229,208,:7,10,0,0,
demand: 744:8,8,74,6,:5,8,10,9,
demand: 236:101,106,106,10,:0,7,6,0,
demand: 445:56,56,56,16,237,:5,3,9,0,0,
Average Delay: 2.9159663865546217
Runtime (mS): 270473Acceptation rate: 0.7933333333333333