65, 61, 18, 228, 11, 77, 167, 18, 228, 11, 77, 250, 250, 147, 
65, 77, 191, 224, 168, 12, 77, 26, 195, 141, 168, 17, 
60, 163, 154, 9, 195, 3, 191, 9, 195, 26, 
24, 163, 224, 141, 35, 163, 154, 9, 186, 35, 9, 154, 86, 
50, 9, 154, 141, 60, 245, 186, 135, 35, 198, 90, 3, 67, 
245, 135, 198, 90, 171, 
90, 135, 245, 50, 134, 209, 64, 52, 134, 12, 
64, 209, 122, 17, 208, 21, 134, 21, 64, 52, 134, 21, 208, 17, 72, 90, 198, 27, 
198, 90, 72, 17, 231, 202, 91, 17, 231, 202, 91, 134, 13, 223, 
120, 52, 212, 209, 206, 166, 1, 103, 
206, 166, 212, 91, 202, 110, 
171, 206, 166, 55, 202, 67, 57, 173, 91, 202, 63, 
166, 74, 
202, 219, 206, 173, 91, 202, 55, 202, 25, 
120, 166, 206, 36, 55, 202, 85, 108, 
75, 173, 84, 
120, 219, 49, 108, 85, 52, 
225, 120, 49, 202, 219, 206, 36, 133, 
115, 57, 173, 75, 225, 165, 29, 49, 91, 165, 23, 233, 
75, 175, 
49, 29, 173, 75, 173, 170, 
77, 202, 219, 29, 165, 225, 75, 44, 36, 
225, 75, 171, 48, 204, 165, 29, 39, 204, 48, 29, 197, 
165, 204, 48, 171, 75, 225, 165, 29, 39, 204, 48, 154, 9, 
48, 204, 39, 98, 197, 204, 39, 157, 
39, 98, 197, 225, 217, 13, 197, 98, 204, 21, 
202, 197, 13, 48, 217, 73, 
197, 57, 76, 197, 165, 217, 73, 114, 92, 141, 
76, 243, 74, 38, 217, 73, 17, 58, 
128, 42, 127, 242, 217, 73, 114, 92, 249, 76, 138, 
128, 42, 127, 242, 207, 76, 243, 74, 38, 84, 
76, 243, 74, 38, 165, 
114, 194, 
128, 42, 127, 242, 207, 189, 
249, 154, 
76, 207, 242, 127, 42, 128, 92, 114, 73, 15, 147, 
74, 243, 74, 38, 74, 152, 
74, 9, 247, 
128, 92, 114, 73, 217, 73, 114, 92, 169, 
92, 249, 15, 42, 140, 175, 249, 15, 73, 193, 
127, 15, 249, 15, 233, 198, 
42, 140, 106, 
15, 42, 30, 38, 82, 
30, 77, 241, 140, 42, 15, 124, 243, 76, 207, 44, 
207, 15, 124, 41, 127, 145, 249, 175, 64, 
243, 124, 41, 30, 28, 4, 
140, 175, 242, 207, 30, 42, 132, 
127, 41, 124, 89, 30, 38, 124, 41, 124, 15, 232, 
124, 243, 74, 38, 30, 89, 207, 157, 
116, 76, 
24, 127, 41, 243, 77, 
41, 89, 207, 188, 89, 229, 175, 145, 108, 
38, 7, 148, 
113, 41, 127, 223, 127, 145, 127, 34, 223, 34, 87, 24, 22, 
229, 89, 188, 116, 115, 
132, 17, 147, 145, 175, 229, 140, 41, 
22, 248, 116, 126, 21, 241, 21, 126, 116, 126, 21, 241, 213, 121, 32, 
229, 175, 145, 147, 6, 
116, 115, 124, 
demand: 122:164,65,61,18,228,11,77,167,18,228,11,77,250,250,147,:0,1,8,10,3,0,7,0,2,4,0,5,6,9,0,
demand: 395:116,65,77,191,224,168,12,77,26,195,141,168,17,:0,3,10,9,6,4,0,2,0,1,8,7,0,
demand: 461:21,60,163,154,9,195,3,191,9,195,26,:0,8,10,9,5,2,0,4,3,0,0,
demand: 246:250,24,163,224,141,35,163,154,9,186,35,9,154,86,:0,0,5,2,3,9,10,4,0,6,7,0,1,0,
demand: 899:27,50,9,154,141,60,245,186,135,35,198,90,3,67,:0,10,7,0,4,1,8,2,6,5,3,9,0,0,
demand: 412:2,245,135,198,90,171,:0,3,5,4,1,0,
demand: 614:72,90,135,245,50,134,209,64,52,134,12,:0,5,1,2,6,4,7,10,3,9,0,
demand: 911:210,64,209,122,17,208,21,134,21,64,52,134,21,208,17,72,90,198,27,:0,3,2,0,6,0,0,5,0,4,10,8,0,0,7,0,1,0,0,
demand: 488:233,198,90,72,17,231,202,91,17,231,202,91,134,13,223,:0,1,0,0,6,0,4,7,10,0,3,9,8,0,0,
demand: 8:84,120,52,212,209,206,166,1,103,:0,10,5,6,1,4,3,0,0,
demand: 129:171,206,166,212,91,202,110,:0,4,2,9,1,3,0,
demand: 737:75,171,206,166,55,202,67,57,173,91,202,63,:0,0,7,4,8,9,0,0,6,2,5,0,
demand: 762:161,166,74,:0,5,0,
demand: 153:168,202,219,206,173,91,202,55,202,25,:0,3,6,10,1,0,5,7,0,0,
demand: 185:105,120,166,206,36,55,202,85,108,:0,4,7,3,8,9,0,6,0,
demand: 657:44,75,173,84,:0,6,7,0,
demand: 51:66,120,219,49,108,85,52,:0,1,2,6,0,5,0,
demand: 540:227,225,120,49,202,219,206,36,133,:0,8,7,6,3,4,0,10,0,
demand: 882:167,115,57,173,75,225,165,29,49,91,165,23,233,:0,0,0,4,1,6,3,8,10,7,5,0,0,
demand: 385:163,75,175,:0,8,0,
demand: 61:189,49,29,173,75,173,170,:0,9,1,2,4,0,0,
demand: 960:73,77,202,219,29,165,225,75,44,36,:0,0,0,2,9,6,3,7,0,0,
demand: 138:227,225,75,171,48,204,165,29,39,204,48,29,197,:0,6,1,0,10,8,5,7,9,2,4,3,0,
demand: 45:29,165,204,48,171,75,225,165,29,39,204,48,154,9,:0,8,3,7,0,5,0,2,1,10,4,9,0,0,
demand: 145:133,48,204,39,98,197,204,39,157,:0,2,4,9,0,6,1,10,0,
demand: 552:30,39,98,197,225,217,13,197,98,204,21,:0,3,0,1,8,4,0,9,10,5,0,
demand: 209:115,202,197,13,48,217,73,:0,0,4,0,5,6,0,
demand: 116:132,197,57,76,197,165,217,73,114,92,141,:0,7,9,6,8,5,4,1,10,2,0,
demand: 482:108,76,243,74,38,217,73,17,58,:0,1,9,10,6,5,3,0,0,
demand: 686:246,128,42,127,242,217,73,114,92,249,76,138,:0,3,5,9,1,8,7,6,4,10,2,0,
demand: 210:208,128,42,127,242,207,76,243,74,38,84,:0,8,4,9,10,3,1,6,7,2,0,
demand: 314:80,76,243,74,38,165,:0,5,9,2,10,0,
demand: 968:224,114,194,:0,9,0,
demand: 58:107,128,42,127,242,207,189,:0,8,2,3,1,9,0,
demand: 976:44,249,154,:0,3,0,
demand: 849:129,76,207,242,127,42,128,92,114,73,15,147,:0,7,4,1,3,5,2,10,9,6,8,0,
demand: 795:199,74,243,74,38,74,152,:0,5,4,0,3,0,0,
demand: 5:151,74,9,247,:0,9,0,0,
demand: 307:107,128,92,114,73,217,73,114,92,169,:0,6,5,7,1,2,0,4,8,0,
demand: 276:165,92,249,15,42,140,175,249,15,73,193,:0,1,9,3,8,6,7,5,2,10,0,
demand: 683:4,127,15,249,15,233,198,:0,2,4,9,0,0,0,
demand: 374:221,42,140,106,:0,4,0,0,
demand: 608:152,15,42,30,38,82,:0,9,4,3,5,0,
demand: 868:237,30,77,241,140,42,15,124,243,76,207,44,:0,6,0,9,8,7,5,10,4,0,3,0,
demand: 757:136,207,15,124,41,127,145,249,175,64,:0,9,10,2,6,8,7,1,5,0,
demand: 855:134,243,124,41,30,28,4,:0,4,2,8,6,0,0,
demand: 231:106,140,175,242,207,30,42,132,:0,6,7,8,4,3,0,0,
demand: 819:181,127,41,124,89,30,38,124,41,124,15,232,:0,7,2,1,8,5,3,10,9,0,0,0,
demand: 838:190,124,243,74,38,30,89,207,157,:0,6,7,8,0,3,9,10,0,
demand: 89:149,116,76,:0,5,0,
demand: 415:94,24,127,41,243,77,:0,0,1,2,7,0,
demand: 132:237,41,89,207,188,89,229,175,145,108,:0,4,8,2,9,5,1,10,6,0,
demand: 17:12,38,7,148,:0,2,0,0,
demand: 462:183,113,41,127,223,127,145,127,34,223,34,87,24,22,:0,6,7,0,5,0,10,2,0,9,0,0,8,0,
demand: 157:225,229,89,188,116,115,:0,2,4,8,1,0,
demand: 247:174,132,17,147,145,175,229,140,41,:0,0,0,5,4,8,10,3,0,
demand: 172:196,22,248,116,126,21,241,21,126,116,126,21,241,213,121,32,:0,10,9,4,1,0,2,0,0,6,5,0,8,7,3,0,
demand: 610:70,229,175,145,147,6,:0,1,9,5,8,0,
demand: 847:84,116,115,124,:0,9,0,0,
Average Delay: 8.32
Runtime (mS): 222067Acceptation rate: 1.0