65, 61, 18, 228, 11, 77, 167, 18, 228, 11, 77, 250, 250, 147, 
65, 77, 191, 224, 168, 12, 77, 26, 195, 141, 168, 17, 
60, 163, 154, 9, 195, 3, 191, 9, 195, 26, 
24, 163, 224, 141, 35, 163, 154, 9, 186, 35, 9, 154, 86, 
50, 9, 154, 141, 60, 245, 186, 135, 35, 198, 90, 3, 67, 
245, 135, 198, 90, 171, 
90, 135, 245, 50, 134, 209, 64, 52, 134, 12, 
64, 209, 122, 17, 208, 21, 134, 21, 64, 52, 134, 21, 208, 17, 72, 90, 198, 27, 
198, 90, 72, 17, 231, 202, 91, 17, 231, 202, 91, 134, 13, 223, 
115, 202, 212, 166, 224, 
166, 209, 7, 
36, 52, 212, 202, 91, 212, 166, 40, 
202, 91, 173, 57, 67, 202, 55, 27, 173, 57, 67, 201, 
91, 202, 219, 206, 173, 219, 12, 
202, 55, 36, 206, 219, 212, 120, 135, 
36, 55, 210, 
206, 219, 120, 85, 219, 49, 187, 85, 164, 36, 39, 164, 85, 165, 
85, 75, 225, 165, 29, 85, 75, 225, 165, 29, 24, 32, 
29, 165, 225, 75, 125, 
49, 132, 174, 85, 75, 225, 165, 29, 49, 131, 
49, 29, 165, 225, 75, 49, 29, 39, 49, 29, 155, 
39, 49, 48, 204, 165, 75, 48, 204, 165, 48, 171, 
39, 29, 48, 204, 165, 61, 
206, 48, 204, 48, 29, 48, 49, 197, 98, 204, 197, 98, 238, 
57, 197, 13, 98, 76, 197, 242, 127, 39, 172, 99, 197, 76, 243, 198, 35, 
67, 202, 197, 98, 197, 76, 243, 74, 38, 217, 179, 
243, 76, 30, 77, 241, 21, 126, 116, 233, 
76, 243, 74, 38, 217, 31, 
74, 243, 76, 30, 77, 241, 21, 
128, 42, 140, 128, 42, 140, 128, 209, 
28, 30, 42, 128, 140, 42, 128, 92, 249, 80, 
42, 128, 92, 249, 76, 243, 214, 
114, 92, 249, 30, 76, 249, 1, 
242, 93, 
74, 243, 124, 11, 205, 
116, 56, 
15, 20, 177, 
242, 127, 41, 114, 92, 217, 38, 74, 100, 
114, 92, 249, 92, 114, 92, 249, 92, 114, 41, 127, 15, 
124, 178, 
114, 41, 127, 242, 127, 193, 
217, 38, 74, 38, 217, 38, 74, 41, 127, 242, 127, 46, 
242, 158, 
74, 145, 15, 87, 24, 127, 41, 127, 219, 
127, 34, 87, 233, 15, 124, 243, 155, 
217, 92, 124, 15, 207, 249, 30, 89, 26, 
127, 223, 175, 242, 217, 15, 207, 30, 89, 242, 223, 
127, 219, 234, 
73, 15, 207, 89, 242, 197, 76, 243, 229, 38, 124, 19, 
116, 22, 89, 30, 248, 199, 
217, 102, 248, 116, 22, 89, 138, 
229, 140, 175, 145, 242, 175, 145, 22, 89, 78, 
140, 229, 175, 145, 22, 53, 
188, 207, 189, 
175, 229, 116, 248, 102, 175, 145, 129, 
116, 248, 102, 216, 248, 102, 175, 229, 9, 4, 
172, 98, 113, 175, 188, 73, 183, 169, 
216, 248, 11, 216, 188, 73, 183, 113, 98, 248, 75, 
22, 102, 213, 241, 121, 213, 73, 
73, 183, 113, 213, 4, 
213, 241, 121, 213, 241, 121, 216, 102, 22, 119, 
183, 113, 147, 53, 121, 213, 113, 147, 53, 121, 99, 
241, 121, 53, 147, 113, 183, 73, 183, 113, 174, 164, 
188, 241, 213, 113, 11, 73, 188, 241, 15, 37, 
216, 11, 113, 126, 11, 210, 116, 188, 241, 186, 
147, 183, 126, 11, 14, 147, 127, 46, 
241, 126, 11, 113, 147, 53, 121, 241, 48, 
126, 11, 14, 139, 13, 126, 11, 171, 
44, 96, 133, 44, 96, 133, 110, 
24, 163, 87, 
162, 233, 
139, 14, 133, 44, 78, 
14, 139, 21, 28, 
44, 96, 133, 44, 123, 250, 
37, 24, 6, 37, 24, 199, 
177, 162, 133, 110, 139, 14, 96, 123, 44, 123, 141, 
162, 177, 158, 6, 37, 75, 85, 
24, 37, 6, 24, 37, 6, 24, 176, 
162, 177, 158, 6, 24, 56, 
14, 139, 110, 133, 96, 133, 44, 133, 110, 139, 14, 139, 194, 
162, 227, 
162, 177, 243, 
24, 6, 158, 177, 
162, 177, 57, 67, 201, 67, 231, 123, 29, 
201, 158, 177, 57, 79, 123, 56, 
158, 168, 
44, 28, 158, 6, 24, 79, 123, 63, 57, 79, 42, 
79, 197, 76, 
33, 162, 223, 123, 79, 57, 177, 28, 63, 1, 171, 
33, 63, 57, 177, 28, 63, 57, 173, 27, 178, 
37, 223, 170, 37, 223, 162, 33, 110, 172, 
123, 223, 170, 201, 33, 110, 201, 33, 162, 91, 
47, 28, 77, 
123, 160, 96, 44, 28, 47, 127, 41, 
82, 170, 216, 
201, 33, 165, 
82, 170, 201, 33, 63, 174, 
170, 82, 192, 28, 47, 82, 28, 177, 160, 28, 82, 10, 
139, 110, 133, 73, 
24, 160, 47, 82, 192, 82, 47, 160, 28, 192, 12, 136, 154, 
170, 201, 192, 28, 47, 205, 192, 12, 136, 36, 
205, 192, 12, 63, 160, 136, 238, 172, 
136, 12, 32, 
238, 40, 152, 208, 88, 21, 80, 67, 
80, 88, 227, 80, 88, 152, 213, 238, 9, 88, 139, 241, 186, 
40, 152, 247, 246, 172, 
247, 246, 198, 
4, 3, 88, 152, 247, 246, 227, 4, 3, 246, 24, 
77, 115, 246, 227, 4, 3, 246, 227, 4, 3, 246, 228, 
247, 122, 187, 246, 227, 4, 3, 246, 227, 246, 40, 
246, 115, 244, 148, 3, 227, 28, 158, 
148, 3, 246, 115, 244, 115, 27, 178, 
4, 111, 
227, 4, 199, 227, 3, 148, 211, 
3, 227, 199, 4, 174, 148, 244, 4, 199, 248, 189, 
3, 247, 137, 3, 247, 137, 115, 167, 72, 247, 174, 182, 
231, 115, 137, 3, 90, 
4, 174, 148, 227, 199, 174, 148, 115, 137, 248, 
148, 244, 148, 115, 148, 27, 
77, 115, 244, 115, 137, 115, 148, 3, 137, 247, 137, 100, 
3, 247, 174, 199, 148, 115, 199, 174, 4, 244, 4, 68, 204, 
148, 199, 115, 211, 174, 247, 171, 
244, 199, 131, 244, 199, 148, 4, 
4, 244, 199, 115, 211, 174, 246, 193, 244, 199, 28, 
13, 21, 131, 174, 211, 236, 244, 199, 34, 
199, 244, 199, 174, 199, 16, 
174, 211, 236, 174, 131, 227, 174, 131, 21, 10, 
174, 131, 21, 215, 174, 161, 
131, 5, 235, 
131, 137, 144, 131, 23, 
131, 21, 131, 174, 211, 174, 131, 137, 144, 211, 236, 137, 3, 243, 
137, 74, 243, 
2, 155, 144, 137, 236, 211, 144, 137, 236, 211, 121, 53, 
72, 137, 144, 211, 137, 236, 21, 215, 223, 
2, 155, 144, 181, 
215, 21, 236, 144, 211, 144, 155, 2, 72, 155, 2, 156, 
215, 226, 68, 215, 226, 68, 215, 226, 68, 84, 
137, 236, 21, 202, 212, 
2, 72, 155, 144, 236, 68, 215, 193, 244, 196, 
215, 193, 68, 236, 39, 
11, 72, 2, 155, 72, 2, 155, 2, 146, 
201, 144, 236, 68, 231, 
21, 236, 144, 236, 211, 236, 68, 215, 199, 
72, 193, 68, 211, 2, 187, 144, 131, 137, 72, 193, 141, 
21, 108, 13, 126, 11, 72, 2, 72, 155, 114, 
72, 155, 109, 
21, 88, 68, 226, 215, 226, 68, 226, 215, 193, 19, 85, 92, 
155, 193, 72, 193, 68, 236, 68, 193, 155, 226, 137, 72, 21, 201, 
155, 193, 244, 4, 76, 
226, 144, 187, 2, 21, 193, 180, 
226, 115, 234, 
215, 193, 244, 2, 187, 144, 226, 2, 187, 144, 226, 2, 187, 164, 26, 
155, 226, 67, 
187, 15, 72, 208, 187, 119, 208, 217, 93, 
187, 208, 112, 137, 187, 208, 112, 74, 187, 157, 
208, 187, 119, 21, 146, 208, 112, 220, 172, 
220, 203, 164, 220, 203, 164, 220, 203, 67, 202, 
203, 193, 119, 112, 203, 164, 146, 21, 119, 112, 3, 
240, 4, 68, 220, 148, 
119, 10, 240, 119, 10, 240, 164, 114, 41, 
94, 182, 146, 164, 118, 
182, 94, 164, 118, 161, 
10, 240, 42, 
10, 182, 94, 164, 146, 164, 94, 182, 146, 99, 57, 
10, 240, 164, 94, 24, 182, 54, 94, 164, 94, 233, 94, 89, 
94, 240, 54, 69, 102, 94, 119, 10, 101, 125, 94, 
54, 69, 101, 125, 94, 101, 182, 54, 69, 216, 
100, 69, 101, 172, 97, 101, 172, 239, 
101, 125, 211, 
233, 100, 17, 167, 
100, 233, 218, 97, 172, 101, 125, 97, 172, 101, 125, 97, 172, 222, 176, 
231, 27, 172, 97, 125, 98, 172, 143, 
234, 51, 100, 233, 218, 156, 196, 47, 136, 
196, 33, 
218, 233, 100, 51, 218, 233, 107, 172, 218, 156, 88, 68, 
107, 218, 156, 13, 
115, 210, 51, 218, 156, 218, 97, 172, 107, 196, 156, 130, 107, 196, 156, 181, 
196, 156, 130, 107, 51, 234, 12, 136, 
51, 11, 130, 11, 51, 69, 130, 156, 7, 
1, 47, 
1, 125, 78, 62, 43, 1, 235, 
188, 1, 172, 107, 130, 231, 2, 106, 
107, 172, 13, 99, 222, 202, 172, 107, 130, 
188, 1, 235, 5, 156, 196, 20, 214, 219, 
173, 1, 235, 5, 235, 1, 235, 5, 178, 27, 231, 123, 167, 77, 202, 26, 
124, 5, 178, 27, 176, 222, 176, 
5, 235, 5, 178, 27, 95, 
118, 23, 185, 
115, 234, 115, 210, 115, 231, 27, 178, 27, 231, 123, 167, 17, 147, 113, 11, 51, 
222, 176, 222, 99, 13, 99, 67, 99, 150, 
181, 149, 25, 45, 180, 34, 32, 239, 180, 34, 25, 
122, 62, 43, 31, 217, 
184, 23, 118, 181, 149, 25, 45, 180, 167, 
239, 32, 237, 143, 51, 
32, 239, 180, 45, 25, 149, 181, 3, 239, 
27, 176, 23, 118, 164, 19, 164, 122, 164, 118, 23, 184, 238, 
26, 202, 99, 149, 25, 149, 181, 62, 247, 
78, 62, 43, 31, 70, 103, 231, 122, 167, 
143, 237, 32, 239, 180, 45, 179, 169, 130, 107, 
43, 31, 70, 103, 231, 122, 167, 157, 237, 143, 13, 
43, 157, 237, 143, 207, 
32, 237, 157, 167, 122, 231, 115, 61, 
237, 143, 94, 250, 
104, 90, 
171, 122, 231, 
210, 119, 
3, 181, 13, 169, 179, 153, 176, 27, 224, 
58, 13, 169, 179, 153, 176, 167, 
235, 178, 104, 153, 179, 153, 176, 153, 70, 
demand: 122:164,65,61,18,228,11,77,167,18,228,11,77,250,250,147,:0,1,8,10,3,0,7,0,2,4,0,5,6,9,0,
demand: 395:116,65,77,191,224,168,12,77,26,195,141,168,17,:0,3,10,9,6,4,0,2,0,1,8,7,0,
demand: 461:21,60,163,154,9,195,3,191,9,195,26,:0,8,10,9,5,2,0,4,3,0,0,
demand: 246:250,24,163,224,141,35,163,154,9,186,35,9,154,86,:0,0,5,2,3,9,10,4,0,6,7,0,1,0,
demand: 899:27,50,9,154,141,60,245,186,135,35,198,90,3,67,:0,10,7,0,4,1,8,2,6,5,3,9,0,0,
demand: 412:2,245,135,198,90,171,:0,3,5,4,1,0,
demand: 614:72,90,135,245,50,134,209,64,52,134,12,:0,5,1,2,6,4,7,10,3,9,0,
demand: 911:210,64,209,122,17,208,21,134,21,64,52,134,21,208,17,72,90,198,27,:0,3,2,0,6,0,0,5,0,4,10,8,0,0,7,0,1,0,0,
demand: 488:233,198,90,72,17,231,202,91,17,231,202,91,134,13,223,:0,1,0,0,6,0,4,7,10,0,3,9,8,0,0,
demand: 165:144,115,202,212,166,224,:0,0,2,6,3,0,
demand: 99:145,166,209,7,:0,6,1,0,
demand: 988:229,36,52,212,202,91,212,166,40,:0,0,8,2,9,4,7,3,0,
demand: 72:222,202,91,173,57,67,202,55,27,173,57,67,201,:0,7,4,8,0,0,9,6,0,1,0,0,0,
demand: 786:104,91,202,219,206,173,219,12,:0,3,4,6,1,5,2,0,
demand: 372:112,202,55,36,206,219,212,120,135,:0,5,9,6,8,7,4,1,0,
demand: 965:108,36,55,210,:0,7,0,0,
demand: 725:219,206,219,120,85,219,49,187,85,164,36,39,164,85,165,:0,2,0,6,9,4,5,0,1,0,3,10,0,7,0,
demand: 64:233,85,75,225,165,29,85,75,225,165,29,24,32,:0,7,4,6,9,8,2,1,3,5,10,0,0,
demand: 160:82,29,165,225,75,125,:0,3,1,5,6,0,
demand: 862:123,49,132,174,85,75,225,165,29,49,131,:0,4,0,0,7,10,9,2,8,3,0,
demand: 840:15,49,29,165,225,75,49,29,39,49,29,155,:0,1,2,10,4,9,7,8,3,5,0,0,
demand: 504:199,39,49,48,204,165,75,48,204,165,48,171,:0,3,5,2,6,10,8,9,7,1,4,0,
demand: 706:36,39,29,48,204,165,61,:0,6,1,8,4,0,0,
demand: 506:219,206,48,204,48,29,48,49,197,98,204,197,98,238,:0,0,10,3,0,5,2,8,7,6,1,4,9,0,
demand: 582:115,57,197,13,98,76,197,242,127,39,172,99,197,76,243,198,35,:0,0,2,0,1,7,8,4,6,5,0,0,9,3,10,0,0,
demand: 992:231,67,202,197,98,197,76,243,74,38,217,179,:0,0,0,9,7,0,5,1,8,6,4,0,
demand: 715:123,243,76,30,77,241,21,126,116,233,:0,5,3,1,0,9,0,6,10,0,
demand: 208:184,76,243,74,38,217,31,:0,10,4,5,7,1,0,
demand: 877:97,74,243,76,30,77,241,21,:0,4,2,5,6,0,0,0,
demand: 866:246,128,42,140,128,42,140,128,209,:0,9,1,5,4,10,6,7,0,
demand: 33:202,28,30,42,128,140,42,128,92,249,80,:0,0,9,5,8,6,3,10,1,7,0,
demand: 291:138,42,128,92,249,76,243,214,:0,6,10,1,9,4,3,0,
demand: 734:143,114,92,249,30,76,249,1,:0,8,7,2,1,3,5,0,
demand: 204:197,242,93,:0,2,0,
demand: 590:112,74,243,124,11,205,:0,10,2,1,0,0,
demand: 475:226,116,56,:0,9,0,
demand: 103:179,15,20,177,:0,6,0,0,
demand: 820:91,242,127,41,114,92,217,38,74,100,:0,3,2,1,5,6,9,10,4,0,
demand: 145:35,114,92,249,92,114,92,249,92,114,41,127,15,:0,5,9,3,0,1,7,6,0,2,10,4,0,
demand: 661:5,124,178,:0,5,0,
demand: 708:175,114,41,127,242,127,193,:0,4,6,3,7,0,0,
demand: 439:102,217,38,74,38,217,38,74,41,127,242,127,46,:0,9,6,2,0,5,7,3,10,1,4,0,0,
demand: 279:163,242,158,:0,10,0,
demand: 601:6,74,145,15,87,24,127,41,127,219,:0,7,5,10,0,0,3,4,0,0,
demand: 818:236,127,34,87,233,15,124,243,155,:0,2,0,0,0,7,6,0,0,
demand: 985:80,217,92,124,15,207,249,30,89,26,:0,3,2,10,5,6,4,7,1,0,
demand: 675:19,127,223,175,242,217,15,207,30,89,242,223,:0,2,1,10,5,3,7,8,9,6,4,0,
demand: 505:213,127,219,234,:0,1,0,0,
demand: 793:183,73,15,207,89,242,197,76,243,229,38,124,19,:0,5,10,6,8,3,0,0,1,9,2,7,0,
demand: 134:55,116,22,89,30,248,199,:0,8,6,4,2,10,0,
demand: 524:208,217,102,248,116,22,89,138,:0,7,10,9,8,1,2,0,
demand: 276:243,229,140,175,145,242,175,145,22,89,78,:0,8,7,2,10,3,9,1,5,4,0,
demand: 193:174,140,229,175,145,22,53,:0,2,9,10,7,5,0,
demand: 364:143,188,207,189,:0,6,7,0,
demand: 792:145,175,229,116,248,102,175,145,129,:0,2,7,4,5,8,10,6,0,
demand: 295:66,116,248,102,216,248,102,175,229,9,4,:0,7,10,5,8,3,1,2,6,0,0,
demand: 441:222,172,98,113,175,188,73,183,169,:0,0,4,9,7,10,5,8,0,
demand: 47:102,216,248,11,216,188,73,183,113,98,248,75,:0,6,2,1,8,9,4,3,10,5,7,0,
demand: 102:86,22,102,213,241,121,213,73,:0,7,4,5,8,6,3,0,
demand: 280:66,73,183,113,213,4,:0,1,10,7,9,0,
demand: 469:152,213,241,121,213,241,121,216,102,22,119,:0,8,7,10,5,4,9,3,2,0,0,
demand: 98:75,183,113,147,53,121,213,113,147,53,121,99,:0,1,4,9,8,10,7,2,6,5,3,0,
demand: 799:186,241,121,53,147,113,183,73,183,113,174,164,:0,2,0,6,3,4,10,9,0,7,0,0,
demand: 890:116,188,241,213,113,11,73,188,241,15,37,:0,10,8,0,5,9,1,4,3,0,0,
demand: 432:62,216,11,113,126,11,210,116,188,241,186,:0,2,9,3,1,8,0,7,0,10,0,
demand: 272:45,147,183,126,11,14,147,127,46,:0,6,7,9,5,8,3,0,0,
demand: 948:188,241,126,11,113,147,53,121,241,48,:0,0,5,2,0,0,9,0,7,0,
demand: 270:151,126,11,14,139,13,126,11,171,:0,10,3,8,5,0,4,7,0,
demand: 712:209,44,96,133,44,96,133,110,:0,1,7,6,4,5,3,0,
demand: 624:3,24,163,87,:0,5,0,0,
demand: 951:82,162,233,:0,2,0,
demand: 198:90,139,14,133,44,78,:0,8,2,3,0,0,
demand: 37:48,14,139,21,28,:0,7,1,0,0,
demand: 748:58,44,96,133,44,123,250,:0,8,2,9,10,5,0,
demand: 586:5,37,24,6,37,24,199,:0,7,10,1,8,3,0,
demand: 467:219,177,162,133,110,139,14,96,123,44,123,141,:0,6,2,9,4,7,3,8,5,1,0,0,
demand: 182:56,162,177,158,6,37,75,85,:0,2,4,1,8,7,0,0,
demand: 824:64,24,37,6,24,37,6,24,176,:0,4,9,7,2,6,10,1,0,
demand: 41:159,162,177,158,6,24,56,:0,3,7,8,2,0,0,
demand: 780:228,14,139,110,133,96,133,44,133,110,139,14,139,194,:0,5,9,10,0,6,1,7,0,8,4,2,0,0,
demand: 132:56,162,227,:0,9,0,
demand: 695:119,162,177,243,:0,6,0,0,
demand: 735:84,24,6,158,177,:0,6,9,8,0,
demand: 827:56,162,177,57,67,201,67,231,123,29,:0,4,9,6,0,5,0,0,1,0,
demand: 214:18,201,158,177,57,79,123,56,:0,9,2,10,4,1,7,0,
demand: 975:237,158,168,:0,5,0,
demand: 3:140,44,28,158,6,24,79,123,63,57,79,42,:0,2,8,7,3,9,6,4,1,10,5,0,
demand: 500:57,79,197,76,:0,10,0,0,
demand: 595:46,33,162,223,123,79,57,177,28,63,1,171,:0,8,7,6,10,3,5,2,4,9,0,0,
demand: 963:10,33,63,57,177,28,63,57,173,27,178,:0,9,6,10,3,1,5,2,0,0,0,
demand: 774:190,37,223,170,37,223,162,33,110,172,:0,2,9,10,3,6,4,7,8,0,
demand: 192:141,123,223,170,201,33,110,201,33,162,91,:0,4,8,3,7,1,10,6,5,2,0,
demand: 960:196,47,28,77,:0,7,8,0,
demand: 397:221,123,160,96,44,28,47,127,41,:0,7,6,3,0,9,10,0,0,
demand: 378:189,82,170,216,:0,9,10,0,
demand: 215:170,201,33,165,:0,5,6,0,
demand: 537:107,82,170,201,33,63,174,:0,9,10,5,2,4,0,
demand: 445:161,170,82,192,28,47,82,28,177,160,28,82,10,:0,8,4,9,0,10,1,3,2,5,7,6,0,
demand: 945:130,139,110,133,73,:0,4,0,0,0,
demand: 314:139,24,160,47,82,192,82,47,160,28,192,12,136,154,:0,7,6,9,2,3,0,8,4,0,10,1,5,0,
demand: 375:6,170,201,192,28,47,205,192,12,136,36,:0,7,0,9,0,4,10,1,6,8,0,
demand: 288:212,205,192,12,63,160,136,238,172,:0,6,10,5,7,2,3,4,0,
demand: 251:237,136,12,32,:0,8,0,0,
demand: 740:144,238,40,152,208,88,21,80,67,:0,8,6,3,0,1,0,9,0,
demand: 560:248,80,88,227,80,88,152,213,238,9,88,139,241,186,:0,10,4,6,5,1,8,0,9,0,3,7,0,0,
demand: 557:224,40,152,247,246,172,:0,7,5,6,2,0,
demand: 931:137,247,246,198,:0,9,2,0,
demand: 249:68,4,3,88,152,247,246,227,4,3,246,24,:0,7,9,8,1,3,10,6,5,2,4,0,
demand: 14:202,77,115,246,227,4,3,246,227,4,3,246,228,:0,0,6,4,10,9,5,7,8,2,1,3,0,
demand: 174:170,247,122,187,246,227,4,3,246,227,246,40,:0,7,0,6,1,10,9,4,2,3,0,0,
demand: 765:193,246,115,244,148,3,227,28,158,:0,4,7,1,5,9,2,0,0,
demand: 687:238,148,3,246,115,244,115,27,178,:0,8,6,7,4,3,0,0,0,
demand: 547:225,4,111,:0,10,0,
demand: 385:80,227,4,199,227,3,148,211,:0,9,7,2,10,8,6,0,
demand: 209:181,3,227,199,4,174,148,244,4,199,248,189,:0,5,8,4,7,1,10,2,6,3,0,0,
demand: 699:142,3,247,137,3,247,137,115,167,72,247,174,182,:0,6,4,5,7,3,2,9,0,1,10,8,0,
demand: 507:72,231,115,137,3,90,:0,0,2,10,0,0,
demand: 533:225,4,174,148,227,199,174,148,115,137,248,:0,7,5,6,8,1,9,2,10,3,0,
demand: 530:100,148,244,148,115,148,27,:0,9,10,0,6,2,0,
demand: 274:56,77,115,244,115,137,115,148,3,137,247,137,100,:0,0,1,10,0,8,4,2,0,0,3,0,0,
demand: 825:28,3,247,174,199,148,115,199,174,4,244,4,68,204,:0,1,10,2,9,4,8,6,3,0,7,5,0,0,
demand: 647:20,148,199,115,211,174,247,171,:0,9,1,4,6,2,8,0,
demand: 544:46,244,199,131,244,199,148,4,:0,1,3,7,6,2,10,0,
demand: 490:225,4,244,199,115,211,174,246,193,244,199,28,:0,0,2,9,1,10,7,5,4,3,6,0,
demand: 681:172,13,21,131,174,211,236,244,199,34,:0,0,3,10,4,1,2,8,5,0,
demand: 108:119,199,244,199,174,199,16,:0,0,5,0,10,0,0,
demand: 282:245,174,211,236,174,131,227,174,131,21,10,:0,7,10,2,1,6,5,8,3,4,0,
demand: 929:48,174,131,21,215,174,161,:0,8,10,6,2,1,0,
demand: 306:44,131,5,235,:0,10,0,0,
demand: 241:83,131,137,144,131,23,:0,9,6,8,1,0,
demand: 164:70,131,21,131,174,211,174,131,137,144,211,236,137,3,243,:0,4,7,0,0,2,0,3,1,6,8,9,5,0,0,
demand: 905:74,137,74,243,:0,8,0,0,
demand: 631:182,2,155,144,137,236,211,144,137,236,211,121,53,:0,9,5,6,7,4,2,3,1,8,10,0,0,
demand: 472:15,72,137,144,211,137,236,21,215,223,:0,7,10,2,4,1,9,3,8,0,
demand: 389:53,2,155,144,181,:0,1,8,10,0,
demand: 112:102,215,21,236,144,211,144,155,2,72,155,2,156,:0,9,7,5,4,8,0,3,2,1,10,0,0,
demand: 2:165,215,226,68,215,226,68,215,226,68,84,:0,10,7,4,1,8,2,3,9,6,0,
demand: 977:214,137,236,21,202,212,:0,8,4,0,0,0,
demand: 453:136,2,72,155,144,236,68,215,193,244,196,:0,7,8,4,2,3,9,10,6,0,0,
demand: 508:239,215,193,68,236,39,:0,6,2,7,9,0,
demand: 371:216,11,72,2,155,72,2,155,2,146,:0,0,2,1,6,8,3,7,0,0,
demand: 410:33,201,144,236,68,231,:0,0,3,9,4,0,
demand: 710:236,21,236,144,236,211,236,68,215,199,:0,2,0,1,0,9,0,10,5,0,
demand: 847:169,72,193,68,211,2,187,144,131,137,72,193,141,:0,1,6,2,10,7,4,9,5,0,3,8,0,
demand: 489:190,21,108,13,126,11,72,2,72,155,114,:0,1,0,0,0,0,7,3,0,9,0,
demand: 525:119,72,155,109,:0,7,2,0,
demand: 872:139,21,88,68,226,215,226,68,226,215,193,19,85,92,:0,2,0,9,3,4,0,10,8,6,5,0,0,0,
demand: 283:202,155,193,72,193,68,236,68,193,155,226,137,72,21,201,:0,2,9,4,0,0,1,0,3,8,7,0,6,10,0,
demand: 271:202,155,193,244,4,76,:0,1,10,0,0,0,
demand: 8:159,226,144,187,2,21,193,180,:0,2,8,10,1,5,7,0,
demand: 958:113,226,115,234,:0,10,0,0,
demand: 366:104,215,193,244,2,187,144,226,2,187,144,226,2,187,164,26,:0,0,7,0,10,1,0,2,9,5,0,4,3,6,0,0,
demand: 437:202,155,226,67,:0,0,6,0,
demand: 932:125,187,15,72,208,187,119,208,217,93,:0,9,0,1,3,6,7,2,0,0,
demand: 260:169,187,208,112,137,187,208,112,74,187,157,:0,1,6,10,5,7,2,3,0,9,0,
demand: 776:249,208,187,119,21,146,208,112,220,172,:0,10,8,9,5,2,1,7,6,0,
demand: 600:249,220,203,164,220,203,164,220,203,67,202,:0,4,2,3,6,7,1,10,9,0,0,
demand: 528:101,203,193,119,112,203,164,146,21,119,112,3,:0,2,5,1,9,7,6,3,8,10,4,0,
demand: 999:90,240,4,68,220,148,:0,2,0,5,8,0,
demand: 737:199,119,10,240,119,10,240,164,114,41,:0,1,10,7,4,2,9,3,0,0,
demand: 89:102,94,182,146,164,118,:0,8,5,6,4,0,
demand: 760:86,182,94,164,118,161,:0,6,5,4,0,0,
demand: 383:47,10,240,42,:0,10,3,0,
demand: 407:165,10,182,94,164,146,164,94,182,146,99,57,:0,9,3,1,0,2,5,10,4,8,0,0,
demand: 638:181,10,240,164,94,24,182,54,94,164,94,233,94,89,:0,4,5,0,1,0,10,9,6,8,0,7,0,0,
demand: 543:166,94,240,54,69,102,94,119,10,101,125,94,:0,10,1,6,3,0,8,0,5,7,9,0,
demand: 30:32,54,69,101,125,94,101,182,54,69,216,:0,6,2,9,10,1,7,5,4,3,0,
demand: 602:211,100,69,101,172,97,101,172,239,:0,4,6,3,9,2,5,1,0,
demand: 940:109,101,125,211,:0,8,0,0,
demand: 863:49,233,100,17,167,:0,9,1,0,0,
demand: 446:69,100,233,218,97,172,101,125,97,172,101,125,97,172,222,176,:0,6,2,8,1,5,0,3,9,4,0,7,10,0,0,0,
demand: 835:67,231,27,172,97,125,98,172,143,:0,0,0,7,9,8,0,4,0,
demand: 894:17,234,51,100,233,218,156,196,47,136,:0,0,5,2,9,3,4,10,0,0,
demand: 362:20,196,33,:0,4,0,
demand: 454:97,218,233,100,51,218,233,107,172,218,156,88,68,:0,4,5,7,3,1,9,10,8,2,6,0,0,
demand: 140:58,107,218,156,13,:0,3,7,6,0,
demand: 114:246,115,210,51,218,156,218,97,172,107,196,156,130,107,196,156,181,:0,0,0,9,0,7,0,1,0,6,8,4,2,5,3,10,0,
demand: 211:44,196,156,130,107,51,234,12,136,:0,6,10,7,4,1,0,0,0,
demand: 43:81,51,11,130,11,51,69,130,156,7,:0,4,0,2,0,10,5,6,0,0,
demand: 200:205,1,47,:0,9,0,
demand: 868:99,1,125,78,62,43,1,235,:0,2,1,7,4,10,0,0,
demand: 573:216,188,1,172,107,130,231,2,106,:0,0,9,5,0,1,6,0,0,
demand: 36:165,107,172,13,99,222,202,172,107,130,:0,5,0,9,1,3,0,0,0,0,
demand: 518:189,188,1,235,5,156,196,20,214,219,:0,0,1,8,2,0,5,6,7,0,
demand: 225:27,173,1,235,5,235,1,235,5,178,27,231,123,167,77,202,26,:0,0,5,4,2,0,8,10,9,6,3,1,0,7,0,0,0,
demand: 556:172,124,5,178,27,176,222,176,:0,0,3,5,8,6,7,0,
demand: 327:225,5,235,5,178,27,95,:0,9,8,0,10,6,0,
demand: 34:141,118,23,185,:0,1,2,0,
demand: 368:199,115,234,115,210,115,231,27,178,27,231,123,167,17,147,113,11,51,:0,0,5,0,9,0,3,7,2,0,8,0,1,0,0,0,0,0,
demand: 268:99,222,176,222,99,13,99,67,99,150,:0,10,9,0,4,1,0,2,6,0,
demand: 5:64,181,149,25,45,180,34,32,239,180,34,25,:0,10,3,4,5,6,2,8,9,7,1,0,
demand: 617:231,122,62,43,31,217,:0,1,7,6,3,0,
demand: 632:76,184,23,118,181,149,25,45,180,167,:0,1,7,6,5,10,2,3,4,0,
demand: 456:96,239,32,237,143,51,:0,7,5,10,6,0,
demand: 206:112,32,239,180,45,25,149,181,3,239,:0,6,4,5,2,3,8,9,0,0,
demand: 762:147,27,176,23,118,164,19,164,122,164,118,23,184,238,:0,8,1,10,7,0,5,0,6,0,2,9,3,0,
demand: 750:89,26,202,99,149,25,149,181,62,247,:0,4,0,5,2,6,0,10,8,0,
demand: 813:25,78,62,43,31,70,103,231,122,167,:0,3,10,2,4,7,6,8,9,0,
demand: 18:57,143,237,32,239,180,45,179,169,130,107,:0,3,10,6,4,0,9,5,8,0,0,
demand: 387:140,43,31,70,103,231,122,167,157,237,143,13,:0,7,8,1,5,4,2,6,3,9,10,0,
demand: 123:31,43,157,237,143,207,:0,9,1,3,5,0,
demand: 668:24,32,237,157,167,122,231,115,61,:0,4,9,8,3,5,6,0,0,
demand: 255:189,237,143,94,250,:0,6,0,0,0,
demand: 719:178,104,90,:0,1,0,
demand: 187:48,171,122,231,:0,3,0,0,
demand: 352:237,210,119,:0,2,0,
demand: 607:90,3,181,13,169,179,153,176,27,224,:0,0,4,10,7,6,1,8,0,0,
demand: 494:216,58,13,169,179,153,176,167,:0,4,7,10,2,6,1,0,
demand: 697:29,235,178,104,153,179,153,176,153,70,:0,8,6,3,9,7,0,2,4,0,
Average Delay: 8.855
Runtime (mS): 576621Acceptation rate: 1.0