2, 1, 10, 1, 2, 1, 12, 5, 
1, 2, 1, 12, 1, 10, 6, 4, 5, 12, 5, 13, 9, 12, 8, 
4, 5, 12, 5, 13, 9, 6, 10, 
15, 15, 15, 15, 15, 1, 
1, 12, 9, 6, 4, 5, 13, 8, 9, 8, 14, 
9, 14, 5, 13, 14, 9, 13, 3, 
14, 5, 8, 
15, 7, 
8, 15, 14, 10, 
5, 8, 5, 15, 8, 12, 9, 5, 4, 7, 
5, 7, 5, 13, 10, 
5, 14, 12, 
11, 7, 4, 6, 10, 11, 9, 12, 
11, 7, 4, 6, 10, 11, 7, 
7, 11, 9, 6, 15, 7, 
11, 9, 6, 9, 11, 
5, 7, 11, 7, 4, 6, 4, 7, 
7, 15, 6, 15, 3, 11, 9, 12, 
3, 15, 7, 3, 11, 3, 15, 6, 1, 3, 1, 12, 
1, 3, 1, 6, 15, 14, 3, 1, 3, 10, 11, 15, 6, 15, 14, 
demand: 932:9,2,1,10,1,2,1,12,5,:0,7,2,3,0,1,4,0,0,
demand: 802:10,1,2,1,12,1,10,6,4,5,12,5,13,9,12,8,:0,0,3,0,2,0,6,0,1,0,7,0,4,5,0,0,
demand: 10:5,4,5,12,5,13,9,6,10,:0,7,0,3,0,5,6,0,2,
demand: 671:3,15,15,15,15,15,1,:0,5,4,6,3,1,0,
demand: 613:10,1,12,9,6,4,5,13,8,9,8,14,:0,0,0,6,0,2,4,0,0,7,5,3,
demand: 726:5,9,14,5,13,14,9,13,3,:0,5,6,2,1,7,3,0,0,
demand: 963:15,14,5,8,:0,7,6,0,
demand: 16:8,15,7,:0,1,0,
demand: 589:5,8,15,14,10,:0,4,0,7,0,
demand: 510:8,5,8,5,15,8,12,9,5,4,7,:0,2,6,5,0,4,0,0,3,0,0,
demand: 788:8,5,7,5,13,10,:0,0,4,2,0,0,
demand: 630:14,5,14,12,:0,3,1,0,
demand: 860:13,11,7,4,6,10,11,9,12,:0,1,6,0,7,0,5,0,0,
demand: 785:3,11,7,4,6,10,11,7,:0,6,5,0,2,0,1,3,
demand: 118:15,7,11,9,6,15,7,:0,7,5,0,2,0,0,
demand: 319:10,11,9,6,9,11,:0,2,0,3,0,0,
demand: 405:8,5,7,11,7,4,6,4,7,:0,0,3,1,0,0,7,0,0,
demand: 621:11,7,15,6,15,3,11,9,12,:0,0,0,1,0,7,0,0,0,
demand: 821:15,3,15,7,3,11,3,15,6,1,3,1,12,:0,1,0,4,6,2,7,0,3,0,5,0,0,
demand: 951:6,1,3,10,11,15,6,15,14,:0,0,4,0,2,0,3,0,0,
Average Delay: 8.0
Runtime (mS): 39Acceptation rate: 0.95