22, 59, 89, 6, 59, 46, 60, 
29, 72, 89, 32, 22, 48, 59, 5, 100, 13, 4, 
32, 22, 87, 100, 29, 31, 
72, 47, 90, 59, 6, 9, 47, 90, 15, 
90, 9, 63, 22, 47, 9, 5, 35, 26, 48, 51, 22, 89, 59, 
29, 48, 17, 35, 5, 2, 21, 63, 
35, 26, 48, 2, 60, 35, 10, 11, 2, 11, 71, 
10, 9, 28, 6, 2, 48, 10, 28, 57, 27, 10, 28, 7, 42, 
10, 17, 
9, 28, 57, 23, 28, 10, 70, 
28, 57, 23, 4, 18, 86, 28, 57, 23, 4, 30, 
18, 4, 23, 57, 7, 28, 86, 10, 94, 57, 66, 5, 
18, 4, 48, 
58, 57, 66, 18, 4, 91, 18, 4, 91, 95, 
17, 84, 86, 18, 66, 22, 36, 
4, 91, 18, 86, 84, 17, 4, 23, 32, 
58, 57, 66, 18, 86, 84, 17, 4, 91, 24, 
63, 22, 17, 35, 5, 
60, 94, 86, 84, 17, 55, 
57, 66, 25, 
4, 92, 17, 84, 86, 18, 86, 84, 70, 
58, 97, 66, 21, 17, 76, 
94, 57, 58, 97, 66, 21, 17, 91, 94, 10, 8, 
57, 94, 45, 66, 97, 58, 97, 66, 21, 17, 94, 45, 52, 53, 
17, 94, 45, 17, 94, 45, 63, 21, 97, 63, 
45, 97, 21, 2, 58, 62, 
58, 2, 21, 97, 45, 68, 62, 58, 31, 13, 
97, 21, 31, 58, 1, 
62, 58, 57, 66, 21, 66, 57, 58, 62, 97, 45, 68, 4, 17, 21, 14, 
8, 3, 89, 59, 
21, 76, 45, 68, 62, 78, 68, 62, 78, 68, 26, 
56, 26, 48, 
76, 54, 36, 78, 68, 36, 54, 76, 78, 68, 76, 87, 
8, 79, 37, 
8, 
3, 8, 76, 54, 62, 68, 78, 
96, 92, 68, 78, 68, 92, 8, 3, 58, 68, 62, 54, 46, 3, 8, 76, 54, 79, 
56, 76, 97, 
3, 8, 76, 54, 76, 78, 89, 3, 89, 27, 
45, 56, 89, 3, 62, 
56, 64, 
56, 9, 85, 83, 18, 96, 
56, 9, 85, 83, 89, 56, 9, 28, 3, 13, 31, 85, 60, 
13, 83, 37, 36, 
13, 77, 
13, 65, 36, 37, 83, 85, 14, 38, 
37, 36, 46, 70, 46, 99, 
13, 65, 36, 13, 65, 36, 13, 95, 
22, 36, 46, 36, 37, 36, 65, 13, 65, 36, 22, 38, 
12, 1, 57, 
46, 13, 14, 
13, 14, 37, 12, 34, 46, 37, 14, 87, 
14, 37, 12, 34, 46, 37, 12, 34, 46, 37, 83, 74, 
13, 65, 36, 65, 13, 14, 65, 69, 46, 34, 12, 37, 46, 94, 10, 
12, 63, 77, 
65, 14, 12, 34, 65, 48, 
14, 12, 63, 94, 70, 
37, 46, 13, 14, 65, 34, 14, 65, 60, 
12, 14, 85, 31, 
13, 14, 65, 34, 14, 65, 34, 81, 46, 37, 79, 77, 
34, 65, 69, 70, 37, 79, 18, 66, 
34, 93, 83, 
34, 93, 70, 37, 79, 54, 46, 81, 14, 85, 83, 36, 93, 13, 
18, 79, 56, 
12, 78, 
34, 93, 70, 93, 34, 64, 85, 14, 
70, 93, 88, 64, 93, 88, 34, 47, 
79, 59, 
46, 64, 88, 93, 64, 88, 93, 17, 
64, 88, 93, 64, 88, 93, 64, 88, 64, 51, 
79, 70, 85, 64, 93, 79, 70, 85, 64, 18, 79, 59, 1, 
59, 79, 70, 85, 64, 59, 79, 70, 61, 
88, 34, 65, 61, 70, 85, 79, 35, 5, 85, 70, 50, 
88, 16, 70, 77, 88, 31, 
16, 64, 15, 81, 
11, 16, 70, 94, 14, 
15, 11, 16, 11, 93, 15, 11, 20, 
15, 11, 5, 15, 11, 5, 19, 
11, 5, 16, 15, 96, 20, 27, 96, 18, 59, 
44, 15, 96, 18, 78, 
20, 96, 27, 87, 15, 96, 20, 27, 52, 11, 20, 9, 
96, 20, 27, 52, 11, 20, 44, 19, 27, 52, 35, 94, 
44, 19, 27, 95, 33, 52, 95, 27, 19, 4, 
95, 33, 44, 95, 33, 40, 
33, 44, 95, 19, 67, 33, 44, 55, 44, 33, 4, 19, 24, 
19, 95, 71, 94, 25, 
11, 1, 98, 44, 25, 98, 77, 57, 
1, 98, 77, 70, 69, 70, 61, 42, 7, 40, 
11, 1, 98, 77, 70, 61, 11, 
7, 42, 61, 51, 82, 26, 51, 48, 43, 
92, 7, 42, 61, 51, 82, 26, 
24, 81, 74, 7, 92, 73, 51, 54, 
17, 24, 81, 68, 
27, 24, 81, 74, 7, 92, 73, 50, 77, 
7, 57, 55, 
82, 40, 1, 58, 31, 
25, 98, 75, 65, 69, 
28, 25, 92, 73, 50, 60, 
81, 74, 39, 51, 61, 42, 75, 41, 38, 75, 18, 
25, 92, 16, 
26, 51, 82, 40, 1, 75, 42, 88, 31, 
7, 74, 39, 67, 87, 77, 
25, 92, 73, 92, 7, 28, 9, 
26, 15, 87, 67, 39, 74, 7, 92, 63, 53, 71, 92, 49, 
26, 50, 73, 51, 26, 50, 60, 82, 40, 70, 
87, 80, 74, 60, 80, 77, 98, 69, 55, 42, 16, 
87, 63, 
1, 49, 73, 38, 41, 55, 61, 
87, 80, 60, 50, 98, 
42, 55, 69, 98, 25, 92, 
69, 55, 41, 38, 99, 74, 60, 38, 99, 
48, 51, 39, 86, 
55, 41, 69, 49, 38, 41, 31, 62, 
49, 69, 53, 71, 56, 
99, 74, 60, 71, 53, 63, 74, 99, 71, 59, 
42, 43, 31, 92, 63, 60, 71, 99, 
63, 92, 93, 
99, 38, 43, 42, 43, 31, 43, 71, 31, 21, 49, 63, 43, 85, 
9, 28, 7, 74, 99, 38, 43, 63, 92, 25, 30, 25, 92, 63, 9, 28, 3, 
43, 30, 70, 
24, 17, 50, 
40, 30, 70, 
77, 30, 40, 30, 4, 19, 
40, 30, 61, 30, 17, 
95, 71, 30, 30, 31, 30, 71, 30, 31, 92, 30, 40, 14, 
26, 30, 30, 30, 30, 30, 99, 17, 26, 9, 30, 31, 88, 91, 
30, 82, 40, 30, 40, 82, 49, 69, 55, 39, 82, 40, 30, 40, 82, 49, 69, 55, 13, 35, 26, 35, 94, 
30, 39, 30, 74, 39, 49, 82, 40, 30, 49, 69, 55, 39, 61, 30, 99, 82, 70, 30, 38, 38, 49, 30, 11, 38, 73, 
49, 30, 99, 82, 49, 74, 39, demand: 543:11,22,59,89,6,59,46,60,:0,4,10,6,5,3,0,0,
demand: 218:48,29,72,89,32,22,48,59,5,100,13,4,:0,5,1,6,8,3,0,2,0,4,0,0,
demand: 893:26,32,22,87,100,29,31,:0,8,6,0,7,10,0,
demand: 385:22,72,47,90,59,6,9,47,90,15,:0,9,1,3,0,10,5,6,4,0,
demand: 330:22,90,9,63,22,47,9,5,35,26,48,51,22,89,59,:0,6,5,0,9,3,8,0,2,0,4,0,10,0,0,
demand: 676:74,29,48,17,35,5,2,21,63,:0,0,1,0,3,0,8,0,0,
demand: 183:52,35,26,48,2,60,35,10,11,2,11,71,:0,10,0,6,3,0,4,7,0,1,0,0,
demand: 885:28,10,9,28,6,2,48,10,28,57,27,10,28,7,42,:0,5,10,1,0,6,2,3,9,4,0,7,8,0,0,
demand: 790:29,10,17,:0,8,0,
demand: 166:56,9,28,57,23,28,10,70,:0,0,4,3,5,10,0,0,
demand: 82:86,28,57,23,4,18,86,28,57,23,4,30,:0,4,8,1,9,2,3,10,5,6,7,0,
demand: 73:79,18,4,23,57,7,28,86,10,94,57,66,5,:0,7,3,1,9,0,6,5,10,4,8,2,0,
demand: 451:69,18,4,48,:0,1,6,0,
demand: 996:62,58,57,66,18,4,91,18,4,91,95,:0,3,7,2,8,9,1,10,5,4,0,
demand: 995:35,17,84,86,18,66,22,36,:0,9,6,8,5,2,0,0,
demand: 940:34,4,91,18,86,84,17,4,23,32,:0,6,1,2,4,10,7,3,9,0,
demand: 235:31,58,57,66,18,86,84,17,4,91,24,:0,8,9,3,10,5,7,1,4,0,0,
demand: 870:94,63,22,17,35,5,:0,0,0,5,0,0,
demand: 519:43,60,94,86,84,17,55,:0,0,1,10,6,0,0,
demand: 69:58,57,66,25,:0,0,6,0,
demand: 578:95,4,92,17,84,86,18,86,84,70,:0,5,0,0,1,6,9,0,4,0,
demand: 388:2,58,97,66,21,17,76,:0,5,10,4,7,3,0,
demand: 926:46,94,57,58,97,66,21,17,91,94,10,8,:0,8,0,3,6,10,5,1,9,2,0,0,
demand: 835:7,57,94,45,66,97,58,97,66,21,17,94,45,52,53,:0,0,3,7,5,9,10,0,8,1,6,2,4,0,0,
demand: 757:55,17,94,45,17,94,45,63,21,97,63,:0,9,5,3,10,6,7,0,2,1,0,
demand: 538:66,45,97,21,2,58,62,:0,5,3,2,0,10,0,
demand: 501:96,58,2,21,97,45,68,62,58,31,13,:0,3,0,7,4,8,6,1,9,0,0,
demand: 402:99,97,21,31,58,1,:0,0,5,0,2,0,
demand: 232:85,62,58,57,66,21,66,57,58,62,97,45,68,4,17,21,14,:0,0,7,0,0,6,0,0,0,4,2,10,3,0,0,5,0,
demand: 867:79,8,3,89,59,:0,4,3,0,0,
demand: 61:14,21,76,45,68,62,78,68,62,78,68,26,:0,10,3,9,5,2,7,8,4,1,6,0,
demand: 130:74,56,26,48,:0,6,0,0,
demand: 594:55,76,54,36,78,68,36,54,76,78,68,76,87,:0,5,7,0,6,3,0,4,8,2,9,1,0,
demand: 873:42,8,79,37,:0,4,0,0,
demand: 542:92,8,:0,8,
demand: 581:28,3,8,76,54,62,68,78,:0,4,5,8,1,2,6,0,
demand: 810:56,96,92,68,78,68,92,8,3,58,68,62,54,46,3,8,76,54,79,:0,0,0,0,1,9,0,7,8,10,3,0,5,0,4,0,6,2,0,
demand: 775:25,56,76,97,:0,5,2,0,
demand: 653:40,3,8,76,54,76,78,89,3,89,27,:0,9,10,0,5,0,2,0,8,0,0,
demand: 380:68,45,56,89,3,62,:0,0,4,0,2,0,
demand: 698:27,56,64,:0,8,0,
demand: 726:94,56,9,85,83,18,96,:0,10,0,3,7,0,0,
demand: 738:30,56,9,85,83,89,56,9,28,3,13,31,85,60,:0,5,0,7,4,0,8,0,0,9,1,0,6,0,
demand: 187:35,13,83,37,36,:0,1,7,9,4,
demand: 172:82,13,77,:0,1,0,
demand: 961:31,13,65,36,37,83,85,14,38,:0,7,9,3,4,0,10,6,0,
demand: 732:67,37,36,46,70,46,99,:0,10,9,5,1,0,0,
demand: 396:51,13,65,36,13,65,36,13,95,:0,5,10,2,4,6,7,1,0,
demand: 614:48,22,36,46,36,37,36,65,13,65,36,22,38,:0,0,2,9,0,10,8,6,7,0,5,0,0,
demand: 492:76,12,1,57,:0,9,0,0,
demand: 8:69,46,13,14,:0,9,2,0,
demand: 708:66,13,14,37,12,34,46,37,14,87,:0,8,9,10,2,7,1,3,4,0,
demand: 454:6,14,37,12,34,46,37,12,34,46,37,83,74,:0,4,6,8,10,2,9,5,7,3,1,0,0,
demand: 611:51,13,65,36,65,13,14,65,69,46,34,12,37,46,94,10,:0,0,3,1,0,6,4,2,0,8,7,5,9,10,0,0,
demand: 965:34,12,63,77,:0,10,0,0,
demand: 617:47,65,14,12,34,65,48,:0,6,10,1,9,7,0,
demand: 636:65,14,12,63,94,70,:0,6,4,0,0,0,
demand: 554:79,37,46,13,14,65,34,14,65,60,:0,7,3,0,2,8,4,6,10,0,
demand: 350:20,12,14,85,31,:0,2,4,0,0,
demand: 279:36,13,14,65,34,14,65,34,81,46,37,79,77,:0,0,4,8,10,7,3,6,0,9,0,1,0,
demand: 461:91,34,65,69,70,37,79,18,66,:0,2,9,0,3,6,5,0,0,
demand: 126:21,34,93,83,:0,1,7,0,
demand: 837:96,34,93,70,37,79,54,46,81,14,85,83,36,93,13,:0,7,4,9,10,3,0,8,0,6,0,0,5,1,0,
demand: 723:66,18,79,56,:0,0,10,0,
demand: 322:86,12,78,:0,6,0,
demand: 375:69,34,93,70,93,34,64,85,14,:0,7,5,4,0,6,9,0,0,
demand: 780:77,70,93,88,64,93,88,34,47,:0,9,10,7,5,2,3,6,0,
demand: 46:55,79,59,:0,8,0,
demand: 111:95,46,64,88,93,64,88,93,17,:0,10,7,5,1,8,3,4,0,
demand: 407:60,64,88,93,64,88,93,64,88,64,51,:0,7,1,2,8,9,4,10,3,0,0,
demand: 667:2,79,70,85,64,93,79,70,85,64,18,79,59,1,:0,5,6,0,9,0,8,4,0,7,0,3,0,0,
demand: 693:6,59,79,70,85,64,59,79,70,61,:0,0,6,7,0,9,0,2,0,0,
demand: 471:33,88,34,65,61,70,85,79,35,5,85,70,50,:0,4,0,10,0,3,0,7,0,5,0,6,0,
demand: 518:91,88,16,70,77,88,31,:0,8,5,4,0,7,0,
demand: 975:51,16,64,15,81,:0,8,6,1,0,
demand: 607:99,11,16,70,94,14,:0,7,3,10,0,0,
demand: 343:18,15,11,16,11,93,15,11,20,:0,7,4,2,0,10,9,1,0,
demand: 426:54,15,11,5,15,11,5,19,:0,7,1,3,2,6,5,0,
demand: 758:1,11,5,16,15,96,20,27,96,18,59,:0,5,6,10,7,3,8,1,2,0,0,
demand: 357:55,44,15,96,18,78,:0,3,10,9,0,0,
demand: 937:21,20,96,27,87,15,96,20,27,52,11,20,9,:0,3,4,1,0,10,2,7,6,9,0,8,0,
demand: 108:60,96,20,27,52,11,20,44,19,27,52,35,94,:0,10,2,8,7,0,4,3,1,6,5,0,0,
demand: 820:90,44,19,27,95,33,52,95,27,19,4,:0,4,5,7,6,8,2,10,3,0,0,
demand: 626:71,95,33,44,95,33,40,:0,4,2,10,5,3,0,
demand: 671:80,33,44,95,19,67,33,44,55,44,33,4,19,24,:0,7,3,4,1,5,10,8,9,0,2,0,6,0,
demand: 423:58,19,95,71,94,25,:0,1,8,7,0,0,
demand: 80:100,11,1,98,44,25,98,77,57,:0,0,3,1,10,8,5,7,0,
demand: 271:46,1,98,77,70,69,70,61,42,7,40,:0,6,4,3,0,5,0,10,7,1,0,
demand: 100:55,11,1,98,77,70,61,11,:0,0,1,2,3,0,9,0,
demand: 703:30,7,42,61,51,82,26,51,48,43,:0,10,1,5,3,7,9,6,0,0,
demand: 363:16,92,7,42,61,51,82,26,:0,3,9,2,8,7,1,0,
demand: 533:93,24,81,74,7,92,73,51,54,:0,3,5,6,2,4,8,9,0,
demand: 777:4,17,24,81,68,:0,0,10,3,0,
demand: 345:10,27,24,81,74,7,92,73,50,77,:0,0,5,8,2,9,7,4,10,0,
demand: 107:100,7,57,55,:0,8,0,0,
demand: 58:26,82,40,1,58,31,:0,1,3,9,0,0,
demand: 109:5,25,98,75,65,69,:0,1,8,6,0,0,
demand: 463:3,28,25,92,73,50,60,:0,0,7,4,5,9,0,
demand: 178:22,81,74,39,51,61,42,75,41,38,75,18,:0,5,6,10,9,7,2,3,4,1,8,0,
demand: 663:71,25,92,16,:0,1,0,0,
demand: 945:50,26,51,82,40,1,75,42,88,31,:0,3,2,4,1,9,6,8,0,0,
demand: 462:6,7,74,39,67,87,77,:0,2,6,8,10,1,0,
demand: 997:99,25,92,73,92,7,28,9,:0,2,8,9,0,0,0,0,
demand: 478:58,26,15,87,67,39,74,7,92,63,53,71,92,49,:0,5,0,7,10,1,9,0,4,6,3,2,8,0,
demand: 32:69,26,50,73,51,26,50,60,82,40,70,:0,10,6,3,8,4,1,5,2,9,0,
demand: 312:67,87,80,74,60,80,77,98,69,55,42,16,:0,10,1,5,4,3,8,2,6,7,9,0,
demand: 487:91,87,63,:0,8,0,
demand: 224:23,1,49,73,38,41,55,61,:0,9,5,4,8,7,10,0,
demand: 395:91,87,80,60,50,98,:0,5,6,3,0,0,
demand: 147:75,42,55,69,98,25,92,:0,2,4,9,0,0,0,
demand: 42:49,69,55,41,38,99,74,60,38,99,:0,2,7,10,9,5,8,3,1,0,
demand: 610:26,48,51,39,86,:0,0,2,8,0,
demand: 70:69,55,41,69,49,38,41,31,62,:0,6,10,3,7,8,4,5,0,
demand: 261:21,49,69,53,71,56,:0,1,4,5,8,0,
demand: 30:38,99,74,60,71,53,63,74,99,71,59,:0,7,2,8,10,5,6,4,1,3,0,
demand: 791:8,42,43,31,92,63,60,71,99,:0,7,6,3,2,9,8,4,0,
demand: 164:23,63,92,93,:0,1,0,0,
demand: 924:82,99,38,43,42,43,31,43,71,31,21,49,63,43,85,:0,2,0,3,9,0,5,10,7,1,0,8,6,4,0,
demand: 935:5,9,28,7,74,99,38,43,63,92,25,30,25,92,63,9,28,3,:0,0,0,9,0,4,0,6,8,0,0,5,0,0,10,0,0,0,
demand: 729:38,43,30,70,:0,4,5,0,
demand: 196:94,24,17,50,:0,9,0,0,
demand: 212:14,40,30,70,:0,4,1,0,
demand: 514:98,77,30,40,30,4,19,:0,0,6,2,10,0,0,
demand: 608:95,40,30,61,30,17,:0,7,5,2,3,0,
demand: 661:3,30,71,30,31,92,30,40,14,:0,3,4,10,8,9,6,0,0,
demand: 112:60,31,88,91,:0,2,0,0,
demand: 516:31,13,35,26,35,94,:0,0,0,9,0,0,
demand: 210:5,11,38,73,:0,0,9,0,
Average Delay: 8.434426229508198
Runtime (mS): 19289Acceptation rate: 0.7176470588235294