22, 59, 89, 6, 59, 46, 60, 
29, 72, 89, 32, 22, 48, 59, 5, 100, 13, 4, 
32, 22, 87, 100, 29, 31, 
72, 47, 90, 59, 6, 9, 47, 90, 15, 
90, 9, 63, 22, 47, 9, 5, 35, 26, 48, 51, 22, 89, 59, 
29, 48, 17, 35, 5, 2, 21, 63, 
48, 26, 35, 5, 2, 6, 10, 28, 1, 78, 
60, 2, 6, 10, 28, 6, 2, 6, 10, 48, 28, 10, 25, 96, 
10, 35, 28, 70, 
28, 69, 
23, 57, 90, 9, 18, 4, 23, 57, 66, 2, 12, 63, 
4, 18, 86, 13, 70, 
4, 89, 10, 94, 57, 23, 4, 18, 4, 
23, 4, 92, 17, 22, 63, 94, 57, 66, 83, 
58, 57, 66, 23, 30, 
23, 4, 91, 18, 86, 58, 57, 66, 23, 24, 
23, 66, 57, 94, 74, 99, 
4, 73, 
58, 86, 18, 91, 97, 
18, 91, 4, 65, 
58, 86, 43, 
23, 66, 81, 
91, 84, 17, 95, 
84, 91, 18, 86, 58, 57, 58, 98, 
45, 94, 63, 21, 84, 91, 97, 58, 57, 94, 13, 
58, 57, 94, 6, 74, 
94, 91, 84, 17, 57, 58, 57, 94, 45, 63, 21, 84, 17, 8, 
84, 17, 21, 84, 17, 21, 84, 97, 21, 84, 33, 
97, 84, 68, 97, 21, 17, 8, 97, 82, 
94, 45, 17, 93, 
97, 21, 17, 8, 60, 43, 
60, 94, 45, 17, 57, 
35, 45, 94, 71, 97, 21, 97, 84, 91, 59, 
94, 71, 97, 21, 97, 8, 97, 68, 45, 78, 21, 76, 54, 36, 87, 
3, 8, 97, 68, 78, 62, 68, 45, 94, 6, 2, 
54, 46, 75, 
demand: 543:11,22,59,89,6,59,46,60,:0,4,10,6,5,3,0,0,
demand: 218:48,29,72,89,32,22,48,59,5,100,13,4,:0,5,1,6,8,3,0,2,0,4,0,0,
demand: 893:26,32,22,87,100,29,31,:0,8,6,0,7,10,0,
demand: 385:22,72,47,90,59,6,9,47,90,15,:0,9,1,3,0,10,5,6,4,0,
demand: 330:22,90,9,63,22,47,9,5,35,26,48,51,22,89,59,:0,6,5,0,9,3,8,0,2,0,4,0,10,0,0,
demand: 676:74,29,48,17,35,5,2,21,63,:0,0,1,0,3,0,8,0,0,
demand: 785:87,48,26,35,5,2,6,10,28,1,78,:0,6,0,4,0,3,0,1,5,0,0,
demand: 117:3,60,2,6,10,28,6,2,6,10,48,28,10,25,96,:0,0,4,0,6,5,0,7,0,8,2,1,3,0,0,
demand: 604:89,10,35,28,70,:0,5,2,6,0,
demand: 551:47,28,69,:0,4,0,
demand: 932:32,23,57,90,9,18,4,23,57,66,2,12,63,:0,6,3,0,10,7,4,5,8,1,9,0,0,
demand: 562:19,4,18,86,13,70,:0,7,5,4,0,0,
demand: 421:74,4,89,10,94,57,23,4,18,4,:0,5,0,10,6,7,3,2,4,0,
demand: 848:25,23,4,92,17,22,63,94,57,66,83,:0,10,5,0,7,0,0,8,2,3,0,
demand: 78:95,58,57,66,23,30,:0,4,7,10,3,0,
demand: 485:54,23,4,91,18,86,58,57,66,23,24,:0,10,6,9,2,1,4,7,3,5,0,
demand: 823:54,23,66,57,94,74,99,:0,8,2,1,0,0,0,
demand: 628:8,4,73,:0,9,0,
demand: 184:39,58,86,18,91,97,:0,10,1,3,0,0,
demand: 614:79,18,91,4,65,:0,4,7,1,0,
demand: 16:26,58,86,43,:0,9,2,0,
demand: 645:77,23,66,81,:0,7,1,0,
demand: 706:59,91,84,17,95,:0,1,7,2,0,
demand: 171:7,84,91,18,86,58,57,58,98,:0,5,4,0,0,9,10,0,0,
demand: 675:22,45,94,63,21,84,91,97,58,57,94,13,:0,9,2,0,8,10,7,5,3,0,1,0,
demand: 290:12,58,57,94,6,74,:0,7,0,10,0,0,
demand: 264:60,94,91,84,17,57,58,57,94,45,63,21,84,17,8,:0,4,6,2,3,0,9,0,8,5,0,1,10,0,0,
demand: 333:27,84,17,21,84,17,21,84,97,21,84,33,:0,10,1,6,7,8,9,2,4,3,5,0,
demand: 693:74,97,84,68,97,21,17,8,97,82,:0,2,6,10,9,7,8,1,5,0,
demand: 875:39,94,45,17,93,:0,8,9,4,0,
demand: 558:93,97,21,17,8,60,43,:0,9,3,6,1,0,0,
demand: 355:43,60,94,45,17,57,:0,0,0,4,8,0,
demand: 860:5,35,45,94,71,97,21,97,84,91,59,:0,0,4,9,0,7,8,0,10,0,0,
demand: 445:45,94,71,97,21,97,8,97,68,45,78,21,76,54,36,87,:0,9,0,0,5,0,2,8,1,6,4,10,3,7,0,0,
demand: 669:19,3,8,97,68,78,62,68,45,94,6,2,:0,4,8,0,5,1,6,7,9,0,0,0,
demand: 620:36,54,46,75,:0,6,0,0,
Average Delay: 8.333333333333334
Runtime (mS): 7349Acceptation rate: 1.0