65, 61, 18, 228, 11, 77, 167, 18, 228, 11, 77, 250, 250, 147, 
65, 77, 191, 224, 168, 12, 77, 26, 195, 141, 168, 17, 
60, 163, 154, 9, 195, 3, 191, 9, 195, 26, 
24, 163, 224, 141, 35, 163, 154, 9, 186, 35, 9, 154, 86, 
50, 9, 154, 141, 60, 245, 186, 135, 35, 198, 90, 3, 67, 
245, 135, 198, 90, 171, 
90, 135, 245, 50, 134, 209, 64, 52, 134, 12, 
64, 209, 122, 17, 208, 21, 134, 21, 64, 52, 134, 21, 208, 17, 72, 90, 198, 27, 
198, 90, 72, 17, 231, 202, 91, 17, 231, 202, 91, 134, 13, 223, 
206, 209, 166, 206, 52, 212, 166, 206, 219, 202, 176, 
212, 166, 206, 219, 249, 
120, 133, 
202, 91, 212, 202, 172, 98, 173, 242, 
120, 140, 
167, 77, 202, 91, 202, 219, 45, 
173, 27, 55, 36, 202, 85, 219, 206, 173, 57, 55, 36, 178, 
55, 132, 174, 85, 75, 225, 174, 85, 19, 193, 55, 49, 29, 232, 
225, 75, 85, 75, 225, 165, 29, 49, 60, 
132, 49, 162, 
49, 29, 165, 225, 75, 68, 
75, 49, 29, 165, 204, 48, 75, 49, 29, 165, 29, 155, 
39, 29, 48, 204, 165, 48, 204, 165, 48, 197, 140, 
165, 48, 197, 29, 39, 204, 197, 138, 
202, 197, 204, 39, 98, 197, 13, 98, 39, 29, 158, 
39, 29, 197, 57, 76, 243, 74, 38, 75, 3, 
114, 92, 249, 76, 243, 74, 39, 98, 76, 197, 154, 163, 
165, 217, 243, 204, 92, 114, 79, 
242, 127, 42, 140, 76, 243, 74, 38, 74, 155, 
76, 249, 92, 114, 140, 76, 249, 92, 217, 243, 119, 
74, 243, 76, 249, 92, 249, 76, 243, 74, 38, 74, 72, 
98, 39, 74, 41, 128, 92, 217, 100, 
74, 41, 128, 217, 242, 127, 42, 140, 112, 
128, 41, 114, 140, 42, 127, 242, 217, 243, 124, 14, 
38, 217, 128, 122, 
242, 127, 42, 140, 114, 41, 128, 217, 242, 207, 172, 
42, 30, 28, 80, 
217, 38, 124, 128, 227, 
128, 124, 38, 158, 
74, 41, 128, 124, 128, 217, 242, 207, 120, 
127, 23, 12, 
13, 126, 116, 249, 30, 77, 241, 21, 171, 
30, 21, 28, 
30, 42, 15, 37, 
249, 15, 207, 242, 135, 
74, 39, 205, 
127, 41, 207, 15, 249, 207, 15, 248, 38, 41, 6, 
127, 229, 110, 
175, 145, 15, 248, 116, 15, 249, 89, 124, 15, 248, 62, 
116, 15, 248, 116, 220, 
74, 41, 127, 229, 30, 
11, 73, 15, 127, 15, 248, 116, 126, 116, 229, 92, 43, 
22, 89, 229, 140, 175, 145, 89, 216, 
213, 241, 89, 198, 
22, 89, 216, 248, 235, 
121, 213, 241, 89, 216, 188, 175, 145, 89, 216, 51, 
73, 15, 145, 175, 145, 24, 
22, 145, 147, 30, 228, 
188, 175, 113, 213, 241, 21, 126, 229, 140, 213, 241, 156, 
22, 145, 89, 216, 217, 243, 
73, 11, 113, 183, 73, 15, 207, 15, 124, 11, 163, 
121, 241, 188, 115, 210, 
175, 188, 241, 121, 123, 167, 72, 11, 73, 183, 113, 213, 121, 96, 
99, 13, 126, 229, 113, 183, 102, 216, 188, 13, 126, 11, 73, 26, 
11, 113, 213, 102, 183, 147, 53, 175, 188, 241, 126, 11, 131, 
147, 53, 121, 53, 
102, 183, 228, 
121, 53, 147, 17, 167, 123, 161, 
102, 98, 248, 22, 102, 198, 
53, 24, 22, 32, 
121, 53, 147, 53, 143, 
53, 24, 127, 223, 48, 
234, 51, 11, 98, 144, 201, 67, 57, 85, 
147, 158, 53, 24, 79, 123, 6, 37, 147, 145, 224, 
38, 158, 53, 24, 94, 
98, 96, 44, 52, 
201, 158, 6, 37, 183, 121, 123, 6, 37, 24, 53, 104, 
123, 193, 
133, 44, 96, 133, 44, 66, 
14, 139, 110, 33, 6, 158, 201, 37, 122, 
37, 24, 79, 57, 177, 162, 133, 44, 91, 
6, 158, 201, 96, 44, 133, 96, 201, 158, 
223, 162, 177, 57, 79, 192, 29, 
223, 162, 177, 26, 
44, 133, 96, 201, 170, 223, 27, 
201, 158, 122, 
57, 79, 192, 14, 139, 138, 
14, 139, 110, 33, 243, 217, 
162, 177, 57, 79, 17, 
14, 139, 110, 33, 199, 
14, 139, 231, 72, 
177, 63, 200, 
14, 96, 201, 170, 223, 162, 33, 110, 139, 195, 
96, 44, 96, 133, 110, 33, 63, 223, 170, 234, 
28, 44, 123, 79, 192, 63, 33, 201, 170, 223, 162, 151, 
110, 139, 192, 98, 
158, 201, 170, 223, 63, 28, 47, 177, 162, 10, 
28, 47, 82, 162, 235, 
28, 47, 82, 28, 47, 82, 64, 
34, 223, 201, 158, 28, 47, 82, 199, 
192, 79, 156, 
1, 160, 14, 82, 160, 20, 
32, 160, 14, 232, 
79, 160, 223, 201, 170, 160, 12, 136, 238, 138, 
96, 205, 40, 12, 136, 238, 12, 152, 128, 
80, 115, 12, 136, 33, 170, 88, 21, 205, 40, 152, 18, 
82, 40, 205, 80, 208, 88, 80, 28, 47, 88, 227, 148, 
247, 192, 91, 44, 238, 136, 152, 88, 227, 4, 9, 236, 
246, 227, 47, 246, 227, 4, 152, 199, 
148, 3, 246, 164, 
3, 246, 227, 4, 3, 246, 83, 
4, 227, 246, 3, 148, 244, 115, 77, 30, 42, 
4, 227, 246, 3, 148, 3, 66, 
247, 246, 88, 
247, 122, 231, 
227, 3, 77, 115, 144, 174, 4, 121, 
4, 227, 3, 246, 164, 174, 4, 227, 3, 246, 72, 
246, 247, 174, 4, 179, 
3, 227, 131, 3, 227, 131, 3, 4, 174, 247, 37, 
247, 174, 4, 199, 174, 247, 102, 
148, 244, 115, 144, 174, 247, 174, 199, 174, 148, 114, 
4, 64, 216, 
148, 244, 115, 214, 
131, 148, 244, 115, 27, 144, 174, 199, 148, 244, 224, 
247, 137, 115, 148, 174, 9, 
247, 137, 115, 244, 227, 131, 148, 174, 199, 148, 48, 
199, 177, 57, 
115, 137, 247, 211, 115, 51, 
199, 244, 131, 174, 144, 131, 244, 199, 148, 174, 148, 181, 
244, 115, 137, 115, 244, 199, 177, 57, 115, 167, 72, 11, 131, 244, 199, 
199, 244, 56, 
115, 57, 177, 199, 244, 131, 144, 210, 115, 57, 177, 199, 244, 131, 144, 174, 77, 
199, 148, 52, 
131, 144, 210, 190, 
247, 211, 3, 131, 21, 60, 62, 
131, 21, 215, 226, 148, 199, 155, 2, 72, 246, 
131, 21, 131, 60, 
2, 155, 190, 
174, 21, 215, 226, 137, 144, 211, 220, 
211, 247, 137, 144, 211, 247, 137, 247, 240, 
215, 70, 
215, 226, 137, 236, 211, 137, 3, 211, 144, 137, 3, 191, 
202, 21, 215, 226, 137, 236, 211, 144, 137, 226, 215, 12, 
21, 215, 68, 226, 137, 236, 39, 
236, 90, 
245, 2, 155, 72, 2, 155, 72, 2, 155, 72, 2, 36, 
21, 236, 211, 2, 72, 155, 193, 215, 223, 
236, 211, 2, 187, 215, 68, 226, 211, 2, 38, 
21, 236, 68, 193, 215, 187, 2, 211, 226, 2, 187, 56, 
21, 236, 68, 226, 2, 72, 155, 193, 55, 
2, 226, 211, 68, 215, 83, 
72, 155, 193, 215, 21, 236, 21, 215, 38, 
96, 236, 68, 193, 138, 
236, 68, 193, 215, 193, 155, 72, 155, 193, 215, 44, 
2, 215, 187, 155, 226, 90, 72, 193, 68, 187, 113, 
68, 187, 3, 
68, 220, 
155, 187, 68, 236, 72, 246, 161, 
187, 68, 187, 155, 193, 155, 187, 68, 13, 21, 85, 187, 122, 72, 204, 
187, 193, 208, 187, 193, 208, 187, 68, 187, 193, 81, 
220, 203, 164, 220, 203, 164, 220, 43, 
21, 202, 220, 203, 164, 187, 170, 
208, 112, 220, 203, 164, 208, 112, 182, 208, 187, 51, 
208, 112, 182, 184, 
15, 87, 94, 182, 112, 72, 119, 10, 240, 208, 193, 
146, 127, 60, 
112, 182, 94, 233, 220, 164, 240, 10, 119, 94, 38, 
182, 94, 95, 
75, 85, 164, 203, 164, 240, 10, 119, 94, 182, 112, 240, 10, 57, 
119, 10, 127, 146, 164, 94, 95, 146, 164, 212, 
182, 94, 95, 146, 127, 10, 101, 125, 97, 101, 215, 
101, 10, 43, 
101, 10, 127, 54, 69, 100, 233, 119, 54, 2, 146, 97, 21, 
69, 54, 247, 
69, 54, 240, 218, 94, 54, 212, 
54, 156, 218, 233, 100, 69, 51, 100, 69, 103, 
210, 51, 100, 164, 
218, 233, 200, 
172, 97, 125, 51, 69, 196, 156, 218, 233, 107, 121, 224, 
97, 125, 97, 172, 107, 233, 40, 
156, 196, 233, 107, 172, 97, 211, 
218, 97, 172, 107, 233, 196, 156, 130, 97, 172, 107, 233, 196, 202, 26, 
125, 101, 134, 
196, 156, 130, 13, 172, 107, 172, 20, 
233, 196, 156, 130, 100, 51, 63, 
130, 156, 233, 100, 51, 69, 100, 130, 156, 205, 
196, 79, 
167, 156, 167, 125, 78, 218, 130, 100, 58, 
1, 154, 
1, 143, 230, 
1, 143, 104, 157, 107, 221, 143, 1, 124, 
148, 1, 143, 104, 157, 163, 
5, 97, 118, 232, 142, 5, 178, 222, 181, 
160, 1, 235, 214, 174, 
1, 235, 214, 66, 153, 176, 25, 45, 180, 34, 3, 42, 
5, 178, 222, 125, 
124, 1, 235, 214, 66, 153, 116, 65, 
222, 99, 1, 235, 
221, 143, 104, 157, 19, 16, 237, 32, 182, 94, 
10, 5, 178, 222, 99, 13, 172, 27, 231, 67, 99, 13, 139, 
237, 32, 149, 25, 45, 188, 241, 
97, 5, 142, 5, 12, 
45, 180, 34, 32, 237, 16, 169, 149, 25, 147, 30, 
122, 231, 118, 211, 226, 
104, 150, 
103, 25, 45, 180, 34, 250, 94, 95, 157, 104, 143, 221, 97, 
151, 23, 150, 70, 103, 59, 26, 202, 99, 67, 231, 27, 215, 
151, 23, 150, 77, 
118, 232, 142, 34, 32, 149, 169, 16, 237, 200, 144, 211, 
181, 118, 231, 165, 
45, 179, 117, 
234, 115, 167, 26, 59, 103, 5, 
32, 149, 169, 16, 103, 59, 103, 85, 
167, 26, 59, 66, 153, 176, 25, 78, 195, 
19, 70, 150, 23, 151, 214, 66, 31, 23, 151, 141, 
34, 32, 237, 134, 
19, 16, 237, 200, 237, 235, 
231, 118, 97, 133, 
67, 153, 176, 34, 142, 232, 27, 179, 204, 
34, 142, 171, 234, 111, 31, 239, 208, 
181, 28, 
23, 31, 239, 237, 142, 171, 234, 111, 43, 28, 
171, 230, 228, 
43, 111, 27, 133, 
133, 111, 234, 171, 142, 171, 234, 114, 
179, 27, 
151, 31, 
239, 31, 20, 230, 171, 109, 13, 108, 21, 192, 
62, 231, 122, 70, 150, 157, 19, 13, 184, 
111, 43, 232, 27, 127, 229, 
43, 239, 39, 
176, 169, 26, 195, 141, 
171, 230, 20, 55, 
182, 184, 13, 19, 164, 122, 62, 231, 122, 62, 181, 13, 21, 202, 91, 
45, 122, 62, 181, 234, 90, 
58, 184, 84, 138, 184, 84, 67, 184, 13, 161, 
27, 232, 78, 71, 32, 95, 1, 
181, 222, 84, 138, 169, 176, 143, 
153, 210, 58, 167, 26, 138, 214, 71, 93, 171, 
26, 138, 84, 58, 210, 171, 109, 95, 62, 242, 54, 
26, 169, 132, 117, 181, 189, 117, 25, 
43, 117, 181, 189, 117, 132, 189, 71, 93, 200, 156, 
20, 63, 223, 
71, 189, 117, 132, 232, 194, 234, 67, 
210, 56, 20, 210, 58, 8, 176, 103, 
210, 56, 8, 109, 83, 246, 
8, 213, 
132, 232, 171, 
210, 58, 210, 56, 210, 190, 4, 
56, 210, 171, 109, 8, 176, 161, 61, 
58, 8, 56, 210, 56, 194, 83, 70, 150, 70, 83, 71, 93, 71, 106, 222, 202, 91, 
132, 232, 27, 25, 45, 
194, 83, 71, 106, 161, 111, 133, 106, 200, 109, 
161, 106, 161, 13, 81, 93, 129, 26, 105, 158, 
7, 190, 210, 7, 43, 230, 36, 
110, 7, 190, 87, 34, 32, 149, 169, 7, 227, 131, 
7, 190, 87, 16, 190, 7, 15, 145, 
12, 190, 7, 190, 87, 24, 110, 
7, 15, 233, 87, 16, 190, 87, 233, 196, 156, 167, 114, 
15, 7, 108, 86, 81, 236, 
7, 108, 86, 178, 108, 7, 210, 190, 237, 159, 226, 2, 
7, 185, 108, 86, 81, 13, 185, 108, 178, 110, 165, 
210, 7, 185, 108, 178, 86, 81, 105, 129, 87, 153, 67, 202, 123, 
7, 185, 13, 81, 105, 129, 151, 86, 178, 108, 46, 142, 61, 
46, 235, 87, 164, 
212, 7, 185, 105, 81, 66, 
169, 138, 46, 96, 
158, 46, 235, 87, 190, 159, 129, 105, 171, 190, 1, 
46, 86, 129, 221, 81, 190, 159, 45, 219, 
46, 86, 129, 105, 109, 190, 184, 
83, 46, 86, 129, 87, 235, 46, 108, 105, 50, 9, 
235, 46, 108, 105, 81, 105, 171, 75, 
7, 185, 181, 190, 159, 194, 46, 108, 230, 
46, 108, 143, 81, 190, 159, 129, 87, 81, 66, 145, 22, 
46, 142, 171, 105, 205, 
55, 27, 46, 194, 159, 56, 81, 87, 185, 111, 
46, 159, 190, 87, 129, 105, 129, 87, 235, 214, 66, 81, 86, 81, 13, 185, 27, 172, 
86, 161, 13, 185, 105, 87, 76, 
86, 186, 
87, 83, 204, 
26, 105, 50, 200, 
108, 132, 81, 87, 164, 
125, 108, 129, 221, 81, 66, 159, 73, 
44, 129, 26, 138, 185, 105, 45, 159, 129, 106, 5, 
78, 185, 159, 129, 108, 
129, 108, 185, 159, 185, 108, 7, 86, 178, 222, 99, 159, 170, 
159, 78, 185, 159, 185, 45, 159, 198, 78, 185, 179, 159, 125, 78, 25, 78, 186, 
159, 71, 
84, 204, 84, 105, 185, 84, 185, 185, 185, 3, 
67, 84, 226, 215, 
179, 8, 179, 179, 161, 161, 161, 118, 179, 177, 179, 179, 161, 179, 231, 161, 161, 161, 106, 161, 197, 
83, 179, 27, 179, 177, 162, 
24, 179, 179, 22, 145, 179, 221, 179, 165, 110, 179, 179, 27, 179, 117, 179, 179, 179, 26, 179, 179, 27, 46, 
221, 143, 221, 221, 130, 221, 221, 221, 221, 221, demand: 122:164,65,61,18,228,11,77,167,18,228,11,77,250,250,147,:0,1,8,10,3,0,7,0,2,4,0,5,6,9,0,
demand: 395:116,65,77,191,224,168,12,77,26,195,141,168,17,:0,3,10,9,6,4,0,2,0,1,8,7,0,
demand: 461:21,60,163,154,9,195,3,191,9,195,26,:0,8,10,9,5,2,0,4,3,0,0,
demand: 246:250,24,163,224,141,35,163,154,9,186,35,9,154,86,:0,0,5,2,3,9,10,4,0,6,7,0,1,0,
demand: 899:27,50,9,154,141,60,245,186,135,35,198,90,3,67,:0,10,7,0,4,1,8,2,6,5,3,9,0,0,
demand: 412:2,245,135,198,90,171,:0,3,5,4,1,0,
demand: 614:72,90,135,245,50,134,209,64,52,134,12,:0,5,1,2,6,4,7,10,3,9,0,
demand: 911:210,64,209,122,17,208,21,134,21,64,52,134,21,208,17,72,90,198,27,:0,3,2,0,6,0,0,5,0,4,10,8,0,0,7,0,1,0,0,
demand: 488:233,198,90,72,17,231,202,91,17,231,202,91,134,13,223,:0,1,0,0,6,0,4,7,10,0,3,9,8,0,0,
demand: 594:205,206,209,166,206,52,212,166,206,219,202,176,:0,4,8,7,2,1,3,5,9,6,10,0,
demand: 365:215,212,166,206,219,249,:0,9,5,7,3,0,
demand: 613:45,120,133,:0,8,0,
demand: 773:219,202,91,212,202,172,98,173,242,:0,1,9,5,7,0,0,6,0,
demand: 947:163,120,140,:0,5,0,
demand: 268:17,167,77,202,91,202,219,45,:0,0,0,6,3,0,7,0,
demand: 527:75,173,27,55,36,202,85,219,206,173,57,55,36,178,:0,1,0,6,8,4,10,0,3,9,0,2,5,0,
demand: 218:207,55,132,174,85,75,225,174,85,19,193,55,49,29,232,:0,2,0,0,3,6,9,0,5,0,0,7,1,10,0,
demand: 684:166,225,75,85,75,225,165,29,49,60,:0,4,0,7,3,6,5,8,2,0,
demand: 227:17,132,49,162,:0,0,2,0,
demand: 411:123,49,29,165,225,75,68,:0,4,10,5,6,9,0,
demand: 705:218,75,49,29,165,204,48,75,49,29,165,29,155,:0,7,1,9,2,6,4,5,3,8,10,0,0,
demand: 293:239,39,29,48,204,165,48,204,165,48,197,140,:0,2,3,1,9,7,6,5,10,4,8,0,
demand: 505:110,165,48,197,29,39,204,197,138,:0,8,9,10,5,3,4,6,0,
demand: 8:28,202,197,204,39,98,197,13,98,39,29,158,:0,0,8,10,4,0,7,0,6,5,0,0,
demand: 249:14,39,29,197,57,76,243,74,38,75,3,:0,6,0,10,3,4,9,7,1,5,0,
demand: 74:50,114,92,249,76,243,74,39,98,76,197,154,163,:0,10,1,2,3,6,4,5,7,9,8,0,0,
demand: 207:121,165,217,243,204,92,114,79,:0,5,7,9,8,4,0,0,
demand: 377:14,242,127,42,140,76,243,74,38,74,155,:0,3,7,10,8,2,5,6,1,0,0,
demand: 228:129,76,249,92,114,140,76,249,92,217,243,119,:0,8,2,5,6,9,3,4,10,7,0,0,
demand: 353:240,74,243,76,249,92,249,76,243,74,38,74,72,:0,4,7,8,6,5,0,0,0,9,10,0,0,
demand: 822:39,98,39,74,41,128,92,217,100,:0,6,0,7,10,5,3,9,0,
demand: 870:157,74,41,128,217,242,127,42,140,112,:0,4,3,7,6,8,1,9,5,0,
demand: 232:137,128,41,114,140,42,127,242,217,243,124,14,:0,2,7,5,1,6,8,4,9,3,10,0,
demand: 313:166,38,217,128,122,:0,1,9,0,0,
demand: 258:100,242,127,42,140,114,41,128,217,242,207,172,:0,5,2,4,7,8,9,1,0,6,3,0,
demand: 331:29,42,30,28,80,:0,1,5,0,0,
demand: 259:86,217,38,124,128,227,:0,7,3,8,4,0,
demand: 941:22,128,124,38,158,:0,8,5,4,0,
demand: 135:69,74,41,128,124,128,217,242,207,120,:0,7,5,0,10,9,0,2,8,0,
demand: 736:146,127,23,12,:0,1,0,0,
demand: 916:172,13,126,116,249,30,77,241,21,171,:0,0,1,9,5,6,0,3,0,0,
demand: 55:42,30,21,28,:0,5,0,0,
demand: 942:76,30,42,15,37,:0,6,7,4,0,
demand: 558:83,249,15,207,242,135,:0,9,3,1,0,0,
demand: 596:199,74,39,205,:0,2,0,0,
demand: 125:10,127,41,207,15,249,207,15,248,38,41,6,:0,9,4,8,6,7,1,2,5,3,10,0,
demand: 311:141,127,229,110,:0,3,5,0,
demand: 831:173,175,145,15,248,116,15,249,89,124,15,248,62,:0,5,6,9,10,8,4,7,1,2,3,0,0,
demand: 509:84,116,15,248,116,220,:0,9,3,10,8,0,
demand: 280:178,74,41,127,229,30,:0,4,0,7,8,0,
demand: 303:166,11,73,15,127,15,248,116,126,116,229,92,43,:0,10,5,4,3,0,8,0,6,9,1,2,0,
demand: 57:128,22,89,229,140,175,145,89,216,:0,9,3,10,4,6,1,5,0,
demand: 290:39,213,241,89,198,:0,8,3,10,0,
demand: 696:159,22,89,216,248,235,:0,5,1,6,3,0,
demand: 397:123,121,213,241,89,216,188,175,145,89,216,51,:0,6,1,7,3,10,5,8,2,4,9,0,
demand: 972:42,73,15,145,175,145,24,:0,8,4,1,2,0,0,
demand: 860:77,22,145,147,30,228,:0,10,3,4,2,0,
demand: 346:101,188,175,113,213,241,21,126,229,140,213,241,156,:0,10,4,1,8,5,0,7,3,2,9,6,0,
demand: 788:134,22,145,89,216,217,243,:0,8,5,0,10,0,0,
demand: 347:118,73,11,113,183,73,15,207,15,124,11,163,:0,10,4,8,9,1,0,7,0,2,6,0,
demand: 98:123,121,241,188,115,210,:0,6,5,1,0,0,
demand: 856:53,175,188,241,121,123,167,72,11,73,183,113,213,121,96,:0,7,2,10,1,6,0,0,9,4,5,8,3,0,0,
demand: 862:197,99,13,126,229,113,183,102,216,188,13,126,11,73,26,:0,0,0,5,7,10,6,8,3,4,0,9,1,2,0,
demand: 525:73,11,113,213,102,183,147,53,175,188,241,126,11,131,:0,1,3,2,10,9,6,4,0,8,7,5,0,0,
demand: 633:67,147,53,121,53,:0,6,7,2,0,
demand: 567:224,102,183,228,:0,5,7,0,
demand: 799:162,121,53,147,17,167,123,161,:0,3,7,2,0,0,8,0,
demand: 407:137,102,98,248,22,102,198,:0,5,9,7,3,4,0,
demand: 56:170,53,24,22,32,:0,1,6,4,0,
demand: 37:224,121,53,147,53,143,:0,0,5,3,0,0,
demand: 711:168,53,24,127,223,48,:0,10,6,0,9,0,
demand: 247:77,234,51,11,98,144,201,67,57,85,:0,0,0,2,7,0,3,0,8,0,
demand: 327:190,147,158,53,24,79,123,6,37,147,145,224,:0,3,1,9,4,6,8,5,10,2,0,0,
demand: 649:246,38,158,53,24,94,:0,2,3,4,10,0,
demand: 717:10,98,96,44,52,:0,4,8,10,0,
demand: 691:182,201,158,6,37,183,121,123,6,37,24,53,104,:0,4,8,10,1,7,2,3,6,5,9,0,0,
demand: 39:109,123,193,:0,2,0,
demand: 413:111,133,44,96,133,44,66,:0,8,10,3,5,4,0,
demand: 73:168,14,139,110,33,6,158,201,37,122,:0,5,7,8,10,4,3,9,6,0,
demand: 256:35,37,24,79,57,177,162,133,44,91,:0,7,5,3,6,4,10,2,0,0,
demand: 823:123,6,158,201,96,44,133,96,201,158,:0,1,8,7,2,6,5,3,0,0,
demand: 219:48,223,162,177,57,79,192,29,:0,2,10,6,1,8,9,0,
demand: 173:175,223,162,177,26,:0,8,9,7,0,
demand: 635:96,44,133,96,201,170,223,27,:0,2,5,3,6,8,4,0,
demand: 167:154,201,158,122,:0,4,3,0,
demand: 292:189,57,79,192,14,139,138,:0,9,4,1,5,3,0,
demand: 628:181,14,139,110,33,243,217,:0,4,8,7,10,0,0,
demand: 868:66,162,177,57,79,17,:0,9,8,7,2,0,
demand: 679:118,14,139,110,33,199,:0,3,6,4,10,0,
demand: 52:116,14,139,231,72,:0,4,5,0,0,
demand: 26:199,177,63,200,:0,10,6,0,
demand: 872:138,14,96,201,170,223,162,33,110,139,195,:0,8,3,9,5,2,10,1,7,4,0,
demand: 975:240,96,44,96,133,110,33,63,223,170,234,:0,6,7,0,2,8,5,1,9,3,0,
demand: 989:70,28,44,123,79,192,63,33,201,170,223,162,151,:0,10,7,2,4,3,8,5,9,1,6,0,0,
demand: 442:172,110,139,192,98,:0,8,2,6,0,
demand: 779:196,158,201,170,223,63,28,47,177,162,10,:0,2,0,9,0,5,8,10,4,0,0,
demand: 191:148,28,47,82,162,235,:0,9,8,6,7,0,
demand: 980:189,28,47,82,28,47,82,64,:0,7,4,10,9,5,3,0,
demand: 720:191,34,223,201,158,28,47,82,199,:0,0,3,2,0,1,10,8,0,
demand: 100:36,192,79,156,:0,10,2,0,
demand: 745:238,1,160,14,82,160,20,:0,0,5,3,4,10,0,
demand: 610:36,32,160,14,232,:0,0,1,0,0,
demand: 809:208,79,160,223,201,170,160,12,136,238,138,:0,3,9,4,0,2,5,1,6,8,0,
demand: 113:236,96,205,40,12,136,238,12,152,128,:0,7,4,8,3,1,6,5,10,0,
demand: 853:200,80,115,12,136,33,170,88,21,205,40,152,18,:0,10,0,5,8,7,2,6,0,9,1,4,0,
demand: 458:200,82,40,205,80,208,88,80,28,47,88,227,148,:0,2,6,8,5,0,1,3,7,0,4,9,0,
demand: 187:223,247,192,91,44,238,136,152,88,227,4,9,236,:0,6,7,0,2,1,0,5,8,3,4,0,0,
demand: 897:85,246,227,47,246,227,4,152,199,:0,1,3,7,6,2,9,5,0,
demand: 46:121,148,3,246,164,:0,2,6,9,0,
demand: 370:125,3,246,227,4,3,246,83,:0,10,9,5,1,8,4,0,
demand: 467:84,4,227,246,3,148,244,115,77,30,42,:0,8,9,10,5,4,3,1,0,0,0,
demand: 494:130,4,227,246,3,148,3,66,:0,7,10,9,1,2,0,0,
demand: 880:111,247,246,88,:0,9,1,0,
demand: 805:44,247,122,231,:0,2,0,0,
demand: 112:171,227,3,77,115,144,174,4,121,:0,8,5,0,4,6,7,1,0,
demand: 438:64,4,227,3,246,164,174,4,227,3,246,72,:0,6,1,3,4,0,10,5,9,2,8,0,
demand: 924:38,246,247,174,4,179,:0,3,9,7,5,0,
demand: 350:103,3,227,131,3,227,131,3,4,174,247,37,:0,10,4,8,3,5,2,6,7,9,1,0,
demand: 236:43,247,174,4,199,174,247,102,:0,4,7,6,2,1,9,0,
demand: 168:68,148,244,115,144,174,247,174,199,174,148,114,:0,3,8,1,2,10,4,0,6,7,9,0,
demand: 892:155,4,64,216,:0,2,0,0,
demand: 114:28,148,244,115,214,:0,1,2,0,0,
demand: 176:237,131,148,244,115,27,144,174,199,148,244,224,:0,2,3,6,1,0,4,5,10,7,8,0,
demand: 750:44,247,137,115,148,174,9,:0,8,6,4,9,2,0,
demand: 545:135,247,137,115,244,227,131,148,174,199,148,48,:0,2,4,3,6,8,7,9,5,1,10,0,
demand: 308:208,199,177,57,:0,3,0,0,
demand: 301:63,115,137,247,211,115,51,:0,6,8,5,2,4,0,
demand: 920:123,199,244,131,174,144,131,244,199,148,174,148,181,:0,4,1,2,9,6,7,3,10,5,8,0,0,
demand: 339:207,244,115,137,115,244,199,177,57,115,167,72,11,131,244,199,:0,7,6,9,0,10,8,0,0,1,0,2,0,4,5,0,
demand: 343:155,199,244,56,:0,7,8,0,
demand: 642:63,115,57,177,199,244,131,144,210,115,57,177,199,244,131,144,174,77,:0,3,0,0,1,0,8,9,0,4,0,0,7,0,10,2,0,0,
demand: 821:182,199,148,52,:0,6,0,0,
demand: 562:109,131,144,210,190,:0,4,2,0,0,
demand: 854:216,247,211,3,131,21,60,62,:0,8,2,5,7,1,0,0,
demand: 192:92,131,21,215,226,148,199,155,2,72,246,:0,1,4,2,3,0,8,9,10,5,0,
demand: 910:25,131,21,131,60,:0,5,10,0,0,
demand: 5:245,2,155,190,:0,9,2,0,
demand: 882:214,174,21,215,226,137,144,211,220,:0,5,7,1,4,8,6,10,0,
demand: 99:86,211,247,137,144,211,247,137,247,240,:0,7,0,1,3,9,0,4,0,0,
demand: 151:152,215,70,:0,8,0,
demand: 551:95,215,226,137,236,211,137,3,211,144,137,3,191,:0,9,4,3,6,1,7,5,8,2,10,0,0,
demand: 858:222,202,21,215,226,137,236,211,144,137,226,215,12,:0,0,6,4,1,9,5,2,0,8,10,7,0,
demand: 29:40,21,215,68,226,137,236,39,:0,6,8,5,3,0,2,0,
demand: 712:137,236,90,:0,1,0,
demand: 361:135,245,2,155,72,2,155,72,2,155,72,2,36,:0,0,8,10,6,4,2,1,5,9,7,3,0,
demand: 96:60,21,236,211,2,72,155,193,215,223,:0,8,9,5,10,3,2,7,1,0,
demand: 27:9,236,211,2,187,215,68,226,211,2,38,:0,1,8,2,10,4,7,6,3,5,0,
demand: 388:113,21,236,68,193,215,187,2,211,226,2,187,56,:0,6,4,1,10,2,5,3,9,7,8,0,0,
demand: 556:12,21,236,68,226,2,72,155,193,55,:0,7,2,8,10,6,5,4,9,0,
demand: 164:30,2,226,211,68,215,83,:0,9,7,1,8,0,0,
demand: 251:46,72,155,193,215,21,236,21,215,38,:0,3,1,7,5,2,6,0,10,0,
demand: 275:133,96,236,68,193,138,:0,0,2,8,5,0,
demand: 171:106,236,68,193,215,193,155,72,155,193,215,44,:0,3,4,9,8,0,7,2,0,10,0,0,
demand: 913:8,2,215,187,155,226,90,72,193,68,187,113,:0,8,4,9,3,5,0,2,10,6,7,0,
demand: 229:231,68,187,3,:0,1,9,0,
demand: 406:63,68,220,:0,7,0,
demand: 362:147,155,187,68,236,72,246,161,:0,4,10,1,0,7,0,0,
demand: 334:240,187,68,187,155,193,155,187,68,13,21,85,187,122,72,204,:0,5,9,0,0,7,0,10,3,0,1,0,6,0,8,0,
demand: 266:151,187,193,208,187,193,208,187,68,187,193,81,:0,7,6,8,10,1,9,3,5,0,4,0,
demand: 335:233,220,203,164,220,203,164,220,43,:0,4,6,2,1,7,8,3,0,
demand: 495:173,21,202,220,203,164,187,170,:0,5,0,3,9,6,0,0,
demand: 718:216,208,112,220,203,164,208,112,182,208,187,51,:0,10,6,2,4,1,7,8,3,9,5,0,
demand: 318:48,208,112,182,184,:0,4,6,1,0,
demand: 807:145,15,87,94,182,112,72,119,10,240,208,193,:0,0,0,7,4,2,5,9,10,3,8,0,
demand: 264:9,146,127,60,:0,2,0,0,
demand: 530:27,112,182,94,233,220,164,240,10,119,94,38,:0,1,10,5,0,8,7,6,2,4,3,0,
demand: 829:195,182,94,95,:0,8,2,0,
demand: 695:171,75,85,164,203,164,240,10,119,94,182,112,240,10,57,:0,0,0,3,5,0,2,1,6,10,8,0,9,4,0,
demand: 146:96,119,10,127,146,164,94,95,146,164,212,:0,9,10,0,7,5,1,0,6,4,0,
demand: 345:106,182,94,95,146,127,10,101,125,97,101,215,:0,10,4,0,9,0,8,3,6,2,7,0,
demand: 871:127,101,10,43,:0,6,5,0,
demand: 68:85,101,10,127,54,69,100,233,119,54,2,146,97,21,:0,7,5,0,3,2,6,4,8,9,0,1,10,0,
demand: 501:52,69,54,247,:0,2,4,0,
demand: 796:142,69,54,240,218,94,54,212,:0,2,10,8,7,5,4,0,
demand: 984:92,54,156,218,233,100,69,51,100,69,103,:0,5,8,7,4,6,9,10,2,1,0,
demand: 968:11,210,51,100,164,:0,0,8,3,0,
demand: 667:156,218,233,200,:0,3,4,0,
demand: 992:203,172,97,125,51,69,196,156,218,233,107,121,224,:0,7,10,2,3,5,6,1,4,8,9,0,0,
demand: 917:12,97,125,97,172,107,233,40,:0,7,10,0,1,6,3,0,
demand: 142:163,156,196,233,107,172,97,211,:0,9,8,7,5,4,3,0,
demand: 640:75,218,97,172,107,233,196,156,130,97,172,107,233,196,202,26,:0,5,0,10,8,0,3,4,2,0,9,7,0,6,0,0,
demand: 627:29,125,101,134,:0,6,5,0,
demand: 802:233,196,156,130,13,172,107,172,20,:0,0,7,10,0,4,8,0,0,
demand: 776:40,233,196,156,130,100,51,63,:0,0,0,4,2,0,7,0,
demand: 250:206,130,156,233,100,51,69,100,130,156,205,:0,7,2,5,0,6,8,0,10,9,0,
demand: 393:22,196,79,:0,8,0,
demand: 17:191,167,156,167,125,78,218,130,100,58,:0,0,10,3,5,2,1,8,0,0,
demand: 423:129,1,154,:0,8,0,
demand: 672:144,1,143,230,:0,9,4,0,
demand: 996:68,1,143,104,157,107,221,143,1,124,:0,8,3,9,2,5,6,4,1,0,
demand: 605:52,148,1,143,104,157,163,:0,0,4,0,7,6,0,
demand: 90:76,5,97,118,232,142,5,178,222,181,:0,7,5,8,2,9,6,3,1,0,
demand: 16:14,160,1,235,214,174,:0,0,9,10,0,0,
demand: 165:239,1,235,214,66,153,176,25,45,180,34,3,42,:0,9,5,10,2,4,7,6,8,3,1,0,0,
demand: 507:154,5,178,222,125,:0,10,7,1,0,
demand: 543:11,124,1,235,214,66,153,116,65,:0,0,9,3,8,1,6,0,0,
demand: 824:181,222,99,1,235,:0,7,6,0,0,
demand: 155:151,221,143,104,157,19,16,237,32,182,94,:0,7,9,4,3,1,10,6,2,0,0,
demand: 206:119,10,5,178,222,99,13,172,27,231,67,99,13,139,:0,0,8,9,6,10,7,0,4,2,3,5,1,0,
demand: 887:200,237,32,149,25,45,188,241,:0,4,10,1,2,6,0,0,
demand: 384:21,97,5,142,5,12,:0,0,10,1,0,0,
demand: 810:25,45,180,34,32,237,16,169,149,25,147,30,:0,5,8,2,4,6,10,7,1,3,0,0,
demand: 363:201,122,231,118,211,226,:0,6,7,8,0,0,
demand: 391:53,104,150,:0,9,0,
demand: 437:69,103,25,45,180,34,250,94,95,157,104,143,221,97,:0,1,2,6,3,8,0,0,10,4,5,9,7,0,
demand: 653:221,151,23,150,70,103,59,26,202,99,67,231,27,215,:0,2,8,5,1,10,3,9,0,7,4,6,0,0,
demand: 390:162,151,23,150,77,:0,6,5,4,0,
demand: 620:97,118,232,142,34,32,149,169,16,237,200,144,211,:0,5,4,7,9,6,10,2,8,3,1,0,0,
demand: 889:64,181,118,231,165,:0,6,1,10,0,
demand: 215:102,45,179,117,:0,8,9,0,
demand: 675:111,234,115,167,26,59,103,5,:0,1,0,6,9,2,3,0,
demand: 586:233,32,149,169,16,103,59,103,85,:0,6,3,7,10,2,1,0,0,
demand: 222:18,167,26,59,66,153,176,25,78,195,:0,1,8,10,5,3,2,9,7,0,
demand: 2:124,19,70,150,23,151,214,66,31,23,151,141,:0,6,3,10,5,2,7,8,1,9,0,0,
demand: 577:164,34,32,237,134,:0,10,6,0,0,
demand: 170:48,19,16,237,200,237,235,:0,1,10,0,7,9,0,
demand: 846:123,231,118,97,133,:0,4,8,0,0,
demand: 549:235,67,153,176,34,142,232,27,179,204,:0,2,1,9,3,6,8,10,7,0,
demand: 540:46,34,142,171,234,111,31,239,208,:0,8,6,10,7,9,5,3,0,
demand: 490:64,181,28,:0,9,0,
demand: 220:149,23,31,239,237,142,171,234,111,43,28,:0,4,3,10,6,2,9,8,5,1,0,
demand: 798:109,171,230,228,:0,7,5,0,
demand: 128:92,43,111,27,133,:0,10,2,7,0,
demand: 744:96,133,111,234,171,142,171,234,114,:0,0,2,4,8,6,0,1,0,
demand: 950:145,179,27,:0,3,1,
demand: 103:227,151,31,:0,3,0,
demand: 995:156,239,31,20,230,171,109,13,108,21,192,:0,7,6,3,4,2,9,1,0,0,0,
demand: 830:242,62,231,122,70,150,157,19,13,184,:0,1,2,7,5,10,9,6,8,0,
demand: 231:133,111,43,232,27,127,229,:0,6,9,2,1,0,0,
demand: 1:23,43,239,39,:0,7,0,0,
demand: 424:135,176,169,26,195,141,:0,10,6,8,0,0,
demand: 473:105,171,230,20,55,:0,9,7,2,0,
demand: 993:112,182,184,13,19,164,122,62,231,122,62,181,13,21,202,91,:0,0,8,10,7,0,6,1,9,5,2,3,4,0,0,0,
demand: 376:71,45,122,62,181,234,90,:0,2,7,1,6,10,0,
demand: 288:24,58,184,84,138,184,84,67,184,13,161,:0,4,2,7,5,10,8,9,3,0,0,
demand: 500:223,27,232,78,71,32,95,1,:0,9,6,2,1,8,3,0,
demand: 379:99,181,222,84,138,169,176,143,:0,1,6,10,7,4,0,0,
demand: 62:192,153,210,58,167,26,138,214,71,93,171,:0,9,1,3,7,6,2,5,8,10,0,
demand: 759:225,26,138,84,58,210,171,109,95,62,242,54,:0,7,0,8,1,2,6,5,3,10,0,0,
demand: 19:105,26,169,132,117,181,189,117,25,:0,3,0,4,1,6,10,5,0,
demand: 9:7,43,117,181,189,117,132,189,71,93,200,156,:0,6,10,9,3,8,7,2,5,4,1,0,
demand: 934:109,20,63,223,:0,1,0,0,
demand: 21:93,71,189,117,132,232,194,234,67,:0,5,1,8,4,9,3,6,0,
demand: 304:28,210,56,20,210,58,8,176,103,:0,4,3,10,8,9,5,6,0,
demand: 789:65,210,56,8,109,83,246,:0,2,6,10,7,1,0,
demand: 648:196,8,213,:0,4,0,
demand: 738:117,132,232,171,:0,9,0,0,
demand: 900:197,210,58,210,56,210,190,4,:0,4,6,0,1,5,0,0,
demand: 874:194,56,210,171,109,8,176,161,61,:0,2,8,0,1,10,6,4,0,
demand: 432:24,58,8,56,210,56,194,83,70,150,70,83,71,93,71,106,222,202,91,:0,9,10,0,1,0,4,7,0,8,6,2,0,3,0,5,0,0,0,
demand: 510:220,132,232,27,25,45,:0,8,9,6,0,0,
demand: 245:103,194,83,71,106,161,111,133,106,200,109,:0,5,2,6,7,1,10,0,4,8,0,
demand: 962:150,161,106,161,13,81,93,129,26,105,158,:0,5,2,4,9,7,8,1,6,3,0,
demand: 908:48,7,190,210,7,43,230,36,:0,5,2,8,7,9,6,0,
demand: 13:139,110,7,190,87,34,32,149,169,7,227,131,:0,0,5,2,8,0,0,0,9,10,0,0,
demand: 210:15,7,190,87,16,190,7,15,145,:0,7,4,1,6,5,8,0,0,
demand: 935:115,12,190,7,190,87,24,110,:0,0,0,5,3,2,0,0,
demand: 477:23,7,15,233,87,16,190,87,233,196,156,167,114,:0,2,0,0,7,9,4,5,0,0,0,6,0,
demand: 940:152,15,7,108,86,81,236,:0,0,8,3,2,4,0,
demand: 320:203,7,108,86,178,108,7,210,190,237,159,226,2,:0,8,4,10,6,3,1,0,5,9,7,0,0,
demand: 688:209,7,185,108,86,81,13,185,108,178,110,165,:0,2,1,10,3,7,6,8,5,9,0,0,
demand: 332:18,210,7,185,108,178,86,81,105,129,87,153,67,202,123,:0,0,3,5,2,0,7,4,8,10,1,9,6,0,0,
demand: 419:207,7,185,13,81,105,129,151,86,178,108,46,142,61,:0,2,3,0,5,10,7,6,1,0,8,4,9,0,
demand: 174:5,46,235,87,164,:0,7,6,4,0,
demand: 278:166,212,7,185,105,81,66,:0,0,5,1,10,2,0,
demand: 820:247,169,138,46,96,:0,0,6,2,0,
demand: 441:6,158,46,235,87,190,159,129,105,171,190,1,:0,0,8,6,5,3,2,7,1,9,10,0,
demand: 539:30,46,86,129,221,81,190,159,45,219,:0,2,7,4,9,1,5,3,0,0,
demand: 994:171,46,86,129,105,109,190,184,:0,1,4,8,3,6,7,0,
demand: 58:188,83,46,86,129,87,235,46,108,105,50,9,:0,6,10,8,1,5,0,4,7,3,0,0,
demand: 244:82,235,46,108,105,81,105,171,75,:0,0,2,4,5,3,0,0,0,
demand: 512:181,7,185,181,190,159,194,46,108,230,:0,5,7,9,3,2,6,8,1,0,
demand: 42:194,46,108,143,81,190,159,129,87,81,66,145,22,:0,8,3,9,7,5,1,4,2,10,6,0,0,
demand: 580:131,46,142,171,105,205,:0,8,9,0,3,0,
demand: 94:5,55,27,46,194,159,56,81,87,185,111,:0,0,9,2,0,5,6,4,3,10,0,
demand: 814:95,46,159,190,87,129,105,129,87,235,214,66,81,86,81,13,185,27,172,:0,4,7,0,8,5,1,0,3,0,9,0,0,2,0,0,10,0,0,
demand: 590:30,86,161,13,185,105,87,76,:0,10,9,0,1,4,5,0,
demand: 499:184,86,186,:0,3,0,
demand: 154:209,87,83,204,:0,3,9,0,
demand: 317:129,26,105,50,200,:0,0,4,0,0,
demand: 578:125,108,132,81,87,164,:0,10,6,5,1,0,
demand: 904:101,125,108,129,221,81,66,159,73,:0,0,4,3,0,5,6,10,0,
demand: 459:123,44,129,26,138,185,105,45,159,129,106,5,:0,0,7,0,0,3,5,0,1,8,6,0,
demand: 634:130,78,185,159,129,108,:0,6,4,10,0,0,
demand: 415:222,129,108,185,159,185,108,7,86,178,222,99,159,170,:0,10,0,5,1,7,0,0,8,0,0,6,4,0,
demand: 581:176,25,78,186,:0,0,9,0,
demand: 537:26,159,71,:0,5,0,
demand: 991:22,185,3,:0,8,0,
demand: 928:56,67,84,226,215,:0,0,6,0,0,
demand: 508:207,106,161,197,:0,0,9,0,
demand: 515:68,27,179,177,162,:0,0,6,0,0,
demand: 595:168,179,27,46,:0,9,0,0,
Average Delay: 8.469964664310954
Runtime (mS): 616183Acceptation rate: 0.4716666666666667