2, 1, 10, 1, 2, 1, 12, 5, 
12, 1, 10, 1, 2, 14, 4, 6, 10, 13, 8, 12, 5, 7, 
6, 4, 13, 9, 2, 
12, 9, 15, 3, 
15, 15, 15, 15, 10, 
9, 8, 14, 8, 9, 8, 14, 4, 
demand: 932:9,2,1,10,1,2,1,12,5,:0,7,2,3,0,1,4,0,0,
demand: 865:5,12,1,10,1,2,14,4,6,10,13,8,12,5,7,:0,6,0,7,0,3,0,5,0,1,4,0,2,0,0,
demand: 524:10,6,4,13,9,2,:0,0,7,6,0,0,
demand: 501:5,12,9,15,3,:0,1,2,3,0,
demand: 128:5,15,15,15,15,10,:0,7,5,4,1,0,
demand: 174:6,9,8,14,8,9,8,14,4,:0,4,2,5,0,3,0,0,0,
Average Delay: 7.6
Runtime (mS): 16Acceptation rate: 1.0