65, 61, 18, 228, 11, 77, 167, 18, 228, 11, 77, 250, 250, 147, 
65, 77, 191, 224, 168, 12, 77, 26, 195, 141, 168, 17, 
60, 163, 154, 9, 195, 3, 191, 9, 195, 26, 
24, 163, 224, 141, 35, 163, 154, 9, 186, 35, 9, 154, 86, 
50, 9, 154, 141, 60, 245, 186, 135, 35, 198, 90, 3, 67, 
245, 135, 198, 90, 171, 
90, 135, 245, 50, 134, 209, 64, 52, 134, 12, 
64, 209, 122, 17, 208, 21, 134, 21, 64, 52, 134, 21, 208, 17, 72, 90, 198, 27, 
198, 90, 72, 17, 231, 202, 91, 17, 231, 202, 91, 134, 13, 223, 
219, 202, 91, 212, 52, 120, 212, 166, 2, 196, 
209, 206, 219, 202, 212, 166, 206, 219, 202, 196, 
21, 202, 91, 202, 219, 206, 219, 202, 219, 66, 
202, 55, 36, 206, 173, 9, 119, 
206, 173, 120, 212, 4, 
55, 36, 206, 173, 29, 
27, 173, 120, 85, 57, 173, 206, 36, 85, 75, 37, 
36, 55, 3, 
202, 55, 57, 85, 75, 85, 120, 76, 
225, 75, 49, 57, 85, 165, 29, 49, 206, 36, 39, 120, 85, 120, 177, 
48, 204, 165, 29, 211, 
49, 29, 165, 29, 235, 
29, 49, 39, 204, 48, 61, 
39, 49, 132, 
49, 39, 204, 48, 204, 165, 204, 48, 204, 165, 204, 191, 
48, 75, 225, 165, 204, 39, 49, 75, 225, 165, 75, 171, 43, 
225, 165, 75, 37, 225, 197, 29, 42, 197, 76, 243, 30, 
197, 204, 92, 172, 13, 197, 98, 76, 201, 144, 
76, 197, 242, 39, 204, 197, 174, 
72, 11, 140, 29, 
242, 197, 76, 98, 243, 76, 98, 243, 74, 8, 46, 
92, 1, 170, 
42, 200, 
243, 74, 38, 217, 51, 
42, 128, 92, 249, 1, 99, 
92, 249, 15, 42, 128, 109, 
243, 74, 38, 217, 245, 135, 
249, 15, 209, 134, 
242, 217, 38, 124, 220, 
128, 42, 15, 127, 15, 249, 84, 
128, 42, 15, 249, 15, 42, 15, 217, 38, 124, 128, 185, 223, 
243, 98, 249, 30, 77, 241, 42, 140, 11, 76, 243, 219, 
114, 140, 11, 81, 
74, 243, 147, 19, 
114, 140, 42, 241, 217, 38, 124, 15, 18, 
242, 127, 24, 87, 15, 87, 24, 127, 223, 175, 114, 140, 11, 140, 42, 146, 
127, 250, 25, 
124, 41, 128, 124, 38, 30, 28, 21, 241, 41, 128, 101, 
114, 41, 128, 22, 89, 242, 217, 241, 41, 10, 
127, 242, 89, 22, 114, 103, 
89, 22, 248, 114, 22, 248, 8, 
124, 41, 241, 38, 231, 
145, 74, 213, 127, 147, 243, 30, 38, 80, 
217, 242, 207, 30, 248, 22, 116, 126, 13, 98, 243, 30, 38, 212, 
175, 145, 147, 27, 231, 
114, 248, 30, 207, 216, 116, 73, 30, 146, 
30, 207, 216, 116, 73, 15, 71, 
127, 147, 145, 175, 229, 116, 73, 188, 207, 192, 
207, 216, 116, 73, 188, 193, 
216, 207, 188, 73, 183, 113, 175, 29, 
213, 241, 89, 229, 113, 175, 229, 116, 216, 6, 
11, 207, 107, 
145, 147, 113, 229, 175, 188, 1, 236, 
53, 213, 241, 188, 35, 
229, 113, 175, 188, 73, 183, 113, 46, 
41, 241, 121, 41, 89, 188, 237, 
213, 241, 121, 53, 145, 11, 248, 30, 178, 
229, 113, 183, 73, 121, 53, 224, 
121, 241, 126, 216, 102, 116, 98, 46, 
126, 248, 102, 216, 126, 11, 82, 
98, 102, 53, 183, 58, 
73, 2, 
102, 37, 6, 102, 216, 126, 21, 202, 28, 44, 17, 147, 17, 167, 123, 167, 145, 168, 
216, 6, 102, 37, 6, 44, 28, 188, 14, 164, 
170, 37, 6, 44, 28, 98, 96, 44, 28, 158, 217, 
123, 108, 
139, 14, 111, 
162, 177, 158, 123, 6, 37, 170, 201, 67, 57, 79, 15, 119, 
14, 139, 24, 79, 57, 177, 162, 133, 92, 
177, 162, 133, 44, 6, 123, 133, 
79, 57, 67, 201, 67, 231, 123, 133, 165, 
158, 170, 37, 233, 
162, 177, 57, 79, 24, 94, 87, 34, 223, 162, 133, 123, 167, 106, 
201, 170, 158, 28, 63, 226, 
162, 133, 44, 96, 201, 170, 158, 169, 
14, 139, 24, 79, 57, 83, 
162, 177, 57, 63, 33, 162, 223, 201, 170, 223, 185, 229, 
24, 139, 24, 243, 
162, 223, 201, 96, 44, 82, 37, 24, 57, 99, 96, 
139, 110, 33, 63, 96, 201, 8, 
201, 223, 170, 33, 63, 20, 114, 
139, 14, 96, 63, 33, 110, 139, 192, 158, 
96, 47, 110, 33, 47, 110, 139, 192, 82, 37, 11, 
110, 139, 205, 
33, 110, 47, 24, 37, 170, 37, 82, 192, 158, 28, 82, 192, 139, 127, 
160, 96, 47, 82, 192, 158, 160, 96, 205, 47, 71, 
160, 33, 201, 109, 
57, 160, 12, 136, 96, 
205, 40, 12, 33, 160, 12, 115, 210, 
205, 192, 136, 238, 156, 
80, 205, 230, 
238, 136, 220, 
158, 152, 12, 136, 192, 88, 47, 80, 175, 113, 
80, 47, 96, 136, 152, 88, 229, 
79, 246, 98, 
82, 121, 88, 121, 238, 148, 175, 
127, 40, 21, 88, 227, 4, 3, 246, 227, 4, 3, 246, 223, 201, 
4, 227, 246, 83, 
247, 246, 227, 4, 3, 246, 227, 4, 3, 246, 170, 
3, 227, 131, 246, 115, 244, 5, 13, 
246, 3, 66, 
247, 246, 115, 244, 148, 146, 
148, 241, 38, 
3, 227, 131, 129, 
227, 3, 4, 199, 227, 3, 148, 244, 115, 77, 82, 
3, 148, 244, 115, 244, 148, 244, 148, 3, 148, 244, 169, 247, 169, 13, 
199, 4, 21, 230, 
202, 115, 246, 247, 122, 164, 174, 85, 57, 115, 144, 174, 164, 122, 247, 246, 115, 104, 
247, 174, 4, 199, 174, 4, 199, 191, 
247, 150, 
247, 174, 4, 21, 3, 148, 174, 199, 164, 
247, 174, 199, 227, 131, 244, 
234, 115, 27, 144, 174, 148, 4, 21, 244, 216, 64, 
247, 3, 21, 244, 131, 148, 174, 250, 
148, 131, 244, 21, 174, 144, 131, 204, 39, 
76, 197, 202, 115, 194, 
144, 115, 246, 247, 174, 144, 131, 244, 131, 148, 10, 
227, 199, 148, 131, 144, 98, 244, 167, 115, 57, 131, 250, 
148, 199, 115, 137, 131, 174, 21, 131, 199, 109, 
167, 115, 167, 244, 199, 227, 4, 174, 144, 174, 21, 13, 99, 202, 115, 199, 227, 131, 144, 98, 244, 98, 
155, 148, 172, 
2, 155, 148, 131, 144, 131, 148, 
2, 155, 144, 16, 179, 
2, 155, 144, 211, 236, 21, 3, 240, 
68, 226, 137, 144, 155, 2, 247, 211, 60, 
2, 155, 72, 137, 131, 89, 
236, 211, 144, 155, 126, 
72, 155, 2, 155, 144, 211, 236, 21, 215, 174, 21, 236, 29, 49, 
137, 72, 155, 193, 215, 21, 108, 212, 
17, 132, 174, 21, 236, 211, 236, 21, 236, 211, 236, 21, 236, 137, 72, 231, 198, 
215, 226, 137, 72, 155, 193, 215, 226, 137, 236, 1, 143, 
2, 72, 193, 215, 68, 226, 144, 
215, 226, 137, 226, 215, 226, 68, 215, 193, 24, 
226, 200, 
2, 72, 193, 155, 193, 72, 2, 187, 137, 
231, 72, 2, 72, 155, 72, 155, 51, 
2, 187, 137, 129, 
231, 72, 193, 19, 85, 187, 2, 187, 164, 203, 
211, 144, 226, 68, 215, 68, 226, 211, 68, 215, 236, 206, 36, 
215, 236, 137, 187, 215, 21, 1, 236, 137, 187, 211, 68, 193, 244, 5, 
187, 211, 68, 193, 226, 144, 137, 131, 148, 68, 193, 187, 105, 
68, 193, 161, 
2, 187, 193, 68, 187, 193, 80, 
13, 68, 193, 187, 193, 68, 211, 226, 187, 122, 94, 
215, 73, 
155, 208, 112, 2, 166, 208, 112, 218, 
202, 220, 203, 193, 220, 203, 164, 72, 42, 29, 
220, 203, 193, 187, 216, 
88, 208, 112, 203, 220, 94, 208, 112, 72, 208, 136, 
220, 94, 208, 164, 203, 146, 26, 
demand: 122:164,65,61,18,228,11,77,167,18,228,11,77,250,250,147,:0,1,8,10,3,0,7,0,2,4,0,5,6,9,0,
demand: 395:116,65,77,191,224,168,12,77,26,195,141,168,17,:0,3,10,9,6,4,0,2,0,1,8,7,0,
demand: 461:21,60,163,154,9,195,3,191,9,195,26,:0,8,10,9,5,2,0,4,3,0,0,
demand: 246:250,24,163,224,141,35,163,154,9,186,35,9,154,86,:0,0,5,2,3,9,10,4,0,6,7,0,1,0,
demand: 899:27,50,9,154,141,60,245,186,135,35,198,90,3,67,:0,10,7,0,4,1,8,2,6,5,3,9,0,0,
demand: 412:2,245,135,198,90,171,:0,3,5,4,1,0,
demand: 614:72,90,135,245,50,134,209,64,52,134,12,:0,5,1,2,6,4,7,10,3,9,0,
demand: 911:210,64,209,122,17,208,21,134,21,64,52,134,21,208,17,72,90,198,27,:0,3,2,0,6,0,0,5,0,4,10,8,0,0,7,0,1,0,0,
demand: 488:233,198,90,72,17,231,202,91,17,231,202,91,134,13,223,:0,1,0,0,6,0,4,7,10,0,3,9,8,0,0,
demand: 593:127,219,202,91,212,52,120,212,166,2,196,:0,9,7,2,3,5,10,4,6,0,0,
demand: 754:58,209,206,219,202,212,166,206,219,202,196,:0,8,2,5,10,6,1,4,3,7,0,
demand: 515:126,21,202,91,202,219,206,219,202,219,66,:0,0,9,5,0,0,3,0,2,0,0,
demand: 863:220,202,55,36,206,173,9,119,:0,1,10,7,2,9,0,0,
demand: 681:17,206,173,120,212,4,:0,3,7,10,0,0,
demand: 419:184,55,36,206,173,29,:0,9,3,0,10,0,
demand: 500:122,27,173,120,85,57,173,206,36,85,75,37,:0,0,4,2,1,0,7,0,10,5,8,0,
demand: 473:114,36,55,3,:0,3,2,0,
demand: 683:220,202,55,57,85,75,85,120,76,:0,0,4,0,7,10,0,2,0,
demand: 743:58,225,75,49,57,85,165,29,49,206,36,39,120,85,120,177,:0,6,5,1,0,2,8,3,9,0,4,10,0,7,0,0,
demand: 73:196,48,204,165,29,211,:0,3,10,1,6,0,
demand: 242:130,49,29,165,29,235,:0,10,7,2,0,0,
demand: 749:221,29,49,39,204,48,61,:0,4,3,1,2,9,0,
demand: 698:16,39,49,132,:0,7,8,0,
demand: 729:187,49,39,204,48,204,165,204,48,204,165,204,191,:0,1,6,4,5,0,8,2,3,0,7,10,0,
demand: 4:139,48,75,225,165,204,39,49,75,225,165,75,171,43,:0,3,6,4,10,0,2,8,7,9,1,5,0,0,
demand: 13:245,225,165,75,37,225,197,29,42,197,76,243,30,:0,9,5,2,0,8,4,1,10,7,6,3,0,
demand: 409:242,197,204,92,172,13,197,98,76,201,144,:0,10,8,5,0,0,6,2,4,0,0,
demand: 985:98,76,197,242,39,204,197,174,:0,6,8,4,0,5,1,0,
demand: 723:167,72,11,140,29,:0,0,1,8,0,
demand: 802:91,242,197,76,98,243,76,98,243,74,8,46,:0,2,0,7,10,5,1,3,4,6,0,0,
demand: 885:190,92,1,170,:0,10,0,0,
demand: 979:162,42,200,:0,1,0,
demand: 790:54,243,74,38,217,51,:0,10,5,8,1,0,
demand: 771:163,42,128,92,249,1,99,:0,3,7,6,1,0,0,
demand: 898:192,92,249,15,42,128,109,:0,8,7,4,9,6,0,
demand: 49:82,243,74,38,217,245,135,:0,3,6,5,1,0,0,
demand: 478:102,249,15,209,134,:0,4,9,0,0,
demand: 446:126,242,217,38,124,220,:0,1,2,7,8,0,
demand: 632:185,128,42,15,127,15,249,84,:0,9,2,10,7,0,6,0,
demand: 995:46,128,42,15,249,15,42,15,217,38,124,128,185,223,:0,7,2,3,1,0,4,8,6,9,5,10,0,0,
demand: 392:147,243,98,249,30,77,241,42,140,11,76,243,219,:0,3,1,10,6,0,4,2,8,5,7,9,0,
demand: 340:20,114,140,11,81,:0,5,9,8,0,
demand: 150:88,74,243,147,19,:0,2,7,1,0,
demand: 796:92,114,140,42,241,217,38,124,15,18,:0,6,8,4,2,9,1,7,5,0,
demand: 128:8,242,127,24,87,15,87,24,127,223,175,114,140,11,140,42,146,:0,10,9,6,0,4,0,0,8,2,1,3,0,5,0,7,0,
demand: 559:10,127,250,25,:0,10,0,0,
demand: 113:209,124,41,128,124,38,30,28,21,241,41,128,101,:0,1,8,7,3,2,6,5,0,10,9,4,0,
demand: 533:122,114,41,128,22,89,242,217,241,41,10,:0,10,8,2,6,5,9,7,1,3,0,
demand: 243:147,127,242,89,22,114,103,:0,1,8,6,3,7,0,
demand: 346:170,89,22,248,114,22,248,8,:0,6,3,10,2,9,5,0,
demand: 36:209,124,41,241,38,231,:0,5,4,2,3,0,
demand: 996:175,145,74,213,127,147,243,30,38,80,:0,10,3,6,1,9,7,2,0,0,
demand: 709:232,217,242,207,30,248,22,116,126,13,98,243,30,38,212,:0,7,2,10,1,5,6,9,8,0,4,0,3,0,0,
demand: 176:146,175,145,147,27,231,:0,6,10,1,0,0,
demand: 414:82,114,248,30,207,216,116,73,30,146,:0,4,8,3,6,5,1,7,2,0,
demand: 706:113,30,207,216,116,73,15,71,:0,7,10,1,5,8,0,0,
demand: 817:40,127,147,145,175,229,116,73,188,207,192,:0,7,4,8,3,5,1,9,10,2,0,
demand: 924:186,207,216,116,73,188,193,:0,4,6,5,3,10,0,
demand: 690:64,216,207,188,73,183,113,175,29,:0,7,4,3,2,8,6,5,0,
demand: 629:39,213,241,89,229,113,175,229,116,216,6,:0,1,4,2,10,6,3,5,7,9,0,
demand: 669:76,11,207,107,:0,1,7,0,
demand: 548:2,145,147,113,229,175,188,1,236,:0,9,6,8,10,4,3,0,0,
demand: 989:145,53,213,241,188,35,:0,9,6,8,5,0,
demand: 22:9,229,113,175,188,73,183,113,46,:0,3,4,7,0,8,6,0,0,
demand: 233:95,41,241,121,41,89,188,237,:0,4,9,8,7,3,1,0,
demand: 513:169,213,241,121,53,145,11,248,30,178,:0,9,3,8,10,7,4,2,0,0,
demand: 109:83,229,113,183,73,121,53,224,:0,3,0,5,4,8,6,0,
demand: 518:88,121,241,126,216,102,116,98,46,:0,9,7,6,4,10,3,5,0,
demand: 813:122,126,248,102,216,126,11,82,:0,10,2,9,0,6,3,0,
demand: 394:235,98,102,53,183,58,:0,1,5,8,9,0,
demand: 765:63,73,2,:0,2,0,
demand: 545:239,102,37,6,102,216,126,21,202,28,44,17,147,17,167,123,167,145,168,:0,1,8,6,9,0,7,0,0,4,10,0,2,0,0,5,0,3,0,
demand: 381:116,216,6,102,37,6,44,28,188,14,164,:0,0,9,7,4,1,10,6,2,8,0,
demand: 92:206,170,37,6,44,28,98,96,44,28,158,217,:0,7,6,9,1,3,2,4,10,8,5,0,
demand: 864:101,123,108,:0,10,0,
demand: 643:230,139,14,111,:0,9,6,0,
demand: 423:224,162,177,158,123,6,37,170,201,67,57,79,15,119,:0,2,6,8,9,4,10,7,1,0,3,5,0,0,
demand: 98:116,14,139,24,79,57,177,162,133,92,:0,1,2,3,4,9,8,10,5,0,
demand: 226:250,177,162,133,44,6,123,133,:0,6,2,9,3,4,10,0,
demand: 510:180,79,57,67,201,67,231,123,133,165,:0,6,3,0,2,0,0,9,1,0,
demand: 595:138,158,170,37,233,:0,8,9,0,0,
demand: 421:224,162,177,57,79,24,94,87,34,223,162,133,123,167,106,:0,2,7,9,3,1,0,0,0,6,8,10,4,0,0,
demand: 382:250,201,170,158,28,63,226,:0,10,6,9,7,1,0,
demand: 610:103,162,133,44,96,201,170,158,169,:0,4,5,7,2,6,9,0,0,
demand: 601:148,14,139,24,79,57,83,:0,2,10,9,8,4,0,
demand: 821:16,162,177,57,63,33,162,223,201,170,223,185,229,:0,4,0,3,8,6,1,5,7,2,9,0,0,
demand: 480:134,24,139,24,243,:0,4,7,0,0,
demand: 639:176,162,223,201,96,44,82,37,24,57,99,96,:0,2,5,7,9,4,10,3,8,6,0,0,
demand: 780:56,139,110,33,63,96,201,8,:0,9,10,6,5,8,3,0,
demand: 711:22,201,223,170,33,63,20,114,:0,9,8,3,2,1,0,0,
demand: 53:192,139,14,96,63,33,110,139,192,158,:0,6,9,3,1,4,7,2,10,0,
demand: 126:9,96,47,110,33,47,110,139,192,82,37,11,:0,1,8,9,4,6,5,7,3,10,2,0,
demand: 609:115,110,139,205,:0,6,0,0,
demand: 369:162,33,110,47,24,37,170,37,82,192,158,28,82,192,139,127,:0,8,0,7,10,0,3,0,9,1,2,4,5,6,0,0,
demand: 268:193,160,96,47,82,192,158,160,96,205,47,71,:0,6,7,8,9,4,0,1,3,5,2,0,
demand: 251:218,160,33,201,109,:0,8,3,4,0,
demand: 424:168,57,160,12,136,96,:0,3,9,10,8,0,
demand: 10:55,205,40,12,33,160,12,115,210,:0,5,6,1,2,4,8,0,0,
demand: 714:175,205,192,136,238,156,:0,10,3,9,4,0,
demand: 700:194,80,205,230,:0,6,10,0,
demand: 427:14,238,136,220,:0,3,0,0,
demand: 105:120,158,152,12,136,192,88,47,80,175,113,:0,2,3,1,5,4,9,7,8,0,0,
demand: 386:135,80,47,96,136,152,88,229,:0,8,0,7,1,3,9,0,
demand: 197:154,79,246,98,:0,7,6,0,
demand: 961:9,82,121,88,121,238,148,175,:0,7,0,9,0,8,6,0,
demand: 751:106,127,40,21,88,227,4,3,246,227,4,3,246,223,201,:0,0,7,0,8,3,9,5,4,2,1,10,6,0,0,
demand: 170:21,4,227,246,83,:0,6,4,7,0,
demand: 829:105,247,246,227,4,3,246,227,4,3,246,170,:0,2,4,6,9,8,10,1,7,5,3,0,
demand: 50:219,3,227,131,246,115,244,5,13,:0,5,2,9,10,4,8,0,0,
demand: 740:227,246,3,66,:0,5,7,0,
demand: 254:235,247,246,115,244,148,146,:0,2,8,3,1,10,0,
demand: 149:166,148,241,38,:0,5,0,0,
demand: 837:181,3,227,131,129,:0,2,6,5,0,
demand: 560:188,227,3,4,199,227,3,148,244,115,77,82,:0,7,3,1,6,10,2,9,5,8,0,0,
demand: 921:53,3,148,244,115,244,148,244,148,3,148,244,169,247,169,13,:0,7,5,1,10,0,9,8,0,6,3,2,0,4,0,0,
demand: 195:208,199,4,21,230,:0,7,2,0,0,
demand: 283:21,202,115,246,247,122,164,174,85,57,115,144,174,164,122,247,246,115,104,:0,0,7,10,4,0,0,1,0,0,8,2,3,0,0,9,0,5,0,
demand: 331:35,247,174,4,199,174,4,199,191,:0,6,8,4,1,7,3,2,0,
demand: 239:25,247,150,:0,9,0,
demand: 794:205,247,174,4,21,3,148,174,199,164,:0,10,6,5,8,4,2,7,9,0,
demand: 636:35,247,174,199,227,131,244,:0,1,6,3,5,9,0,
demand: 838:17,234,115,27,144,174,148,4,21,244,216,64,:0,0,5,0,9,1,10,4,6,3,0,0,
demand: 963:37,247,3,21,244,131,148,174,250,:0,7,1,4,6,9,5,0,0,
demand: 101:96,148,131,244,21,174,144,131,204,39,:0,5,10,9,3,2,1,6,0,0,
demand: 562:243,76,197,202,115,194,:0,0,0,0,10,0,
demand: 375:48,144,115,246,247,174,144,131,244,131,148,10,:0,0,4,0,0,10,9,8,5,0,3,0,
demand: 3:151,227,199,148,131,144,98,244,167,115,57,131,250,:0,8,3,5,4,1,0,6,0,2,0,7,0,
demand: 79:68,148,199,115,137,131,174,21,131,199,109,:0,8,7,10,6,4,9,5,1,3,0,
demand: 555:77,167,115,167,244,199,227,4,174,144,174,21,13,99,202,115,199,227,131,144,98,244,98,:0,0,7,0,1,6,0,5,0,9,0,2,0,0,0,3,8,0,0,4,0,10,0,
demand: 486:18,155,148,172,:0,3,8,0,
demand: 464:87,2,155,148,131,144,131,148,:0,10,6,0,1,7,0,0,
demand: 528:87,2,155,144,16,179,:0,9,7,6,0,0,
demand: 889:166,2,155,144,211,236,21,3,240,:0,4,5,8,1,10,2,0,0,
demand: 259:228,68,226,137,144,155,2,247,211,60,:0,10,9,6,3,8,2,5,7,0,
demand: 232:44,2,155,72,137,131,89,:0,1,8,6,9,0,0,
demand: 953:20,236,211,144,155,126,:0,1,7,5,4,0,
demand: 845:137,72,155,2,155,144,211,236,21,215,174,21,236,29,49,:0,6,1,7,0,0,10,9,3,2,5,8,4,0,0,
demand: 715:214,137,72,155,193,215,21,108,212,:0,8,9,6,5,10,4,0,0,
demand: 24:12,17,132,174,21,236,211,236,21,236,211,236,21,236,137,72,231,198,:0,0,0,0,5,1,2,0,4,10,6,0,9,3,8,7,0,0,
demand: 298:234,215,226,137,72,155,193,215,226,137,236,1,143,:0,5,6,9,10,3,2,8,4,1,7,0,0,
demand: 884:117,2,72,193,215,68,226,144,:0,8,5,4,1,10,0,0,
demand: 422:199,215,226,137,226,215,226,68,215,193,24,:0,9,7,6,0,5,4,1,10,0,0,
demand: 178:71,226,200,:0,3,0,
demand: 460:117,2,72,193,155,193,72,2,187,137,:0,1,9,3,8,0,5,6,7,4,
demand: 102:123,231,72,2,72,155,72,155,51,:0,0,2,7,0,5,4,0,0,
demand: 277:65,2,187,137,129,:0,7,5,10,0,
demand: 431:67,231,72,193,19,85,187,2,187,164,203,:0,0,5,3,0,0,10,4,0,0,0,
demand: 537:144,211,144,226,68,215,68,226,211,68,215,236,206,36,:0,2,0,3,8,6,0,1,4,7,10,9,0,0,
demand: 75:190,215,236,137,187,215,21,1,236,137,187,211,68,193,244,5,:0,8,3,0,2,6,5,0,4,0,9,7,1,10,0,0,
demand: 862:219,187,211,68,193,226,144,137,131,148,68,193,187,105,:0,7,4,10,8,3,1,5,0,0,2,6,9,0,
demand: 214:178,68,193,161,:0,9,7,0,
demand: 179:140,2,187,193,68,187,193,80,:0,5,1,2,3,6,9,0,
demand: 200:98,13,68,193,187,193,68,211,226,187,122,94,:0,0,7,5,2,0,10,1,4,6,0,0,
demand: 371:177,215,73,:0,8,0,
demand: 960:29,155,208,112,2,166,208,112,218,:0,8,4,6,5,0,10,3,0,
demand: 704:172,202,220,203,193,220,203,164,72,42,29,:0,0,3,9,1,10,2,7,8,0,0,
demand: 516:142,220,203,193,187,216,:0,3,6,0,8,0,
demand: 655:63,88,208,112,203,220,94,208,112,72,208,136,:0,0,10,2,0,9,1,6,3,5,4,0,
demand: 724:82,220,94,208,164,203,146,26,:0,4,9,7,6,3,1,0,
Average Delay: 8.946666666666667
Runtime (mS): 533192Acceptation rate: 1.0