65, 61, 18, 228, 11, 77, 167, 18, 228, 11, 77, 250, 250, 147, 
65, 77, 191, 224, 168, 12, 77, 26, 195, 141, 168, 17, 
60, 163, 154, 9, 195, 3, 191, 9, 195, 26, 
24, 163, 224, 141, 35, 163, 154, 9, 186, 35, 9, 154, 86, 
50, 9, 154, 141, 60, 245, 186, 135, 35, 198, 90, 3, 67, 
245, 135, 198, 90, 171, 
90, 135, 245, 50, 134, 209, 64, 52, 134, 12, 
64, 209, 122, 17, 208, 21, 134, 21, 64, 52, 134, 21, 208, 17, 72, 90, 198, 27, 
198, 90, 72, 17, 231, 202, 91, 17, 231, 202, 91, 134, 13, 223, 
209, 206, 52, 212, 166, 206, 219, 202, 91, 212, 227, 
91, 202, 212, 120, 166, 212, 202, 219, 1, 184, 
21, 202, 219, 206, 39, 
212, 166, 206, 173, 120, 85, 36, 55, 8, 173, 1, 122, 
2, 55, 8, 173, 206, 219, 85, 202, 36, 55, 49, 219, 29, 23, 51, 
75, 225, 2, 30, 
166, 225, 134, 91, 49, 29, 173, 1, 85, 75, 225, 2, 54, 
75, 49, 29, 165, 217, 
39, 49, 29, 165, 225, 75, 49, 29, 165, 225, 226, 
49, 75, 225, 165, 204, 48, 100, 
29, 165, 204, 48, 75, 177, 
197, 13, 75, 48, 204, 165, 127, 
197, 98, 39, 49, 48, 204, 39, 98, 197, 204, 48, 169, 
39, 204, 197, 13, 98, 39, 87, 24, 
225, 197, 204, 48, 29, 243, 76, 4, 162, 
249, 76, 184, 
128, 42, 127, 15, 105, 
98, 39, 98, 84, 
249, 92, 114, 243, 135, 
42, 128, 92, 114, 39, 134, 
243, 32, 
74, 243, 114, 92, 249, 142, 
92, 114, 243, 76, 249, 92, 114, 243, 76, 97, 
217, 243, 114, 140, 128, 56, 
242, 127, 42, 128, 140, 114, 41, 128, 92, 184, 
217, 243, 74, 38, 217, 92, 
249, 30, 42, 127, 242, 217, 38, 74, 21, 
217, 38, 98, 
114, 140, 114, 50, 
243, 74, 38, 124, 128, 41, 114, 89, 242, 
74, 243, 196, 
128, 92, 249, 30, 42, 127, 242, 89, 124, 11, 73, 
249, 30, 42, 128, 41, 114, 89, 242, 127, 34, 206, 
74, 41, 128, 42, 30, 42, 128, 41, 114, 243, 217, 38, 124, 89, 197, 
207, 15, 208, 88, 
89, 124, 15, 207, 30, 42, 140, 73, 
124, 38, 246, 
74, 129, 
207, 15, 42, 140, 175, 145, 15, 207, 15, 
207, 15, 87, 34, 223, 127, 24, 94, 87, 15, 145, 175, 229, 131, 
74, 41, 30, 77, 241, 140, 175, 145, 41, 20, 46, 
15, 145, 219, 
229, 175, 188, 116, 22, 248, 30, 73, 85, 
140, 175, 229, 116, 22, 248, 116, 22, 248, 30, 73, 56, 
89, 229, 116, 126, 21, 241, 21, 13, 98, 248, 30, 73, 30, 28, 202, 67, 
216, 127, 229, 116, 93, 
248, 116, 188, 73, 11, 213, 114, 
213, 11, 73, 231, 
188, 73, 11, 213, 241, 89, 216, 207, 188, 73, 77, 202, 
73, 11, 213, 241, 188, 29, 
188, 241, 213, 121, 216, 248, 116, 141, 
172, 98, 113, 183, 241, 213, 11, 216, 121, 241, 188, 73, 217, 
216, 121, 53, 147, 113, 183, 102, 115, 
216, 121, 53, 147, 113, 153, 
147, 144, 
113, 147, 225, 
147, 53, 121, 128, 
22, 102, 183, 113, 98, 11, 126, 113, 183, 229, 
22, 102, 183, 126, 113, 137, 
11, 210, 233, 
22, 133, 121, 241, 188, 102, 98, 126, 53, 126, 
126, 98, 113, 37, 11, 126, 98, 102, 53, 24, 134, 
183, 126, 53, 24, 53, 121, 133, 22, 242, 
139, 14, 133, 44, 96, 121, 133, 45, 
37, 22, 133, 44, 96, 53, 196, 
44, 96, 133, 44, 123, 6, 37, 24, 79, 123, 9, 
139, 14, 133, 96, 14, 139, 24, 79, 123, 172, 
139, 24, 79, 123, 31, 
133, 14, 96, 123, 6, 37, 24, 139, 110, 73, 56, 195, 
162, 177, 158, 6, 37, 24, 79, 123, 6, 44, 133, 143, 
177, 162, 73, 
44, 123, 6, 37, 24, 66, 
44, 6, 158, 177, 162, 223, 170, 201, 188, 14, 145, 
162, 177, 158, 6, 44, 28, 158, 6, 57, 67, 244, 
177, 162, 177, 158, 177, 57, 85, 
133, 14, 139, 18, 
201, 
57, 99, 202, 28, 202, 67, 201, 170, 201, 212, 
37, 79, 57, 99, 67, 201, 170, 223, 162, 33, 177, 166, 
139, 24, 139, 110, 33, 162, 95, 117, 
201, 170, 223, 63, 57, 79, 192, 63, 177, 188, 
28, 158, 177, 63, 57, 79, 24, 
63, 177, 33, 110, 30, 28, 158, 192, 79, 141, 
33, 47, 28, 158, 192, 82, 14, 147, 
33, 14, 
110, 33, 63, 223, 82, 192, 119, 
82, 223, 170, 33, 110, 47, 223, 63, 33, 165, 
79, 123, 160, 223, 82, 192, 79, 180, 
160, 246, 207, 
113, 82, 160, 123, 170, 201, 47, 33, 160, 47, 205, 95, 
160, 12, 136, 202, 
126, 192, 158, 234, 12, 136, 238, 12, 136, 208, 
82, 12, 238, 40, 205, 47, 96, 205, 141, 
40, 205, 80, 88, 152, 207, 80, 14, 160, 152, 88, 154, 86, 
80, 129, 
238, 40, 152, 88, 3, 195, 
80, 88, 3, 24, 3, 88, 3, 246, 170, 3, 246, 81, 
51, 210, 115, 27, 176, 
246, 3, 187, 
247, 122, 164, 174, 239, 
demand: 122:164,65,61,18,228,11,77,167,18,228,11,77,250,250,147,:0,1,8,10,3,0,7,0,2,4,0,5,6,9,0,
demand: 395:116,65,77,191,224,168,12,77,26,195,141,168,17,:0,3,10,9,6,4,0,2,0,1,8,7,0,
demand: 461:21,60,163,154,9,195,3,191,9,195,26,:0,8,10,9,5,2,0,4,3,0,0,
demand: 246:250,24,163,224,141,35,163,154,9,186,35,9,154,86,:0,0,5,2,3,9,10,4,0,6,7,0,1,0,
demand: 899:27,50,9,154,141,60,245,186,135,35,198,90,3,67,:0,10,7,0,4,1,8,2,6,5,3,9,0,0,
demand: 412:2,245,135,198,90,171,:0,3,5,4,1,0,
demand: 614:72,90,135,245,50,134,209,64,52,134,12,:0,5,1,2,6,4,7,10,3,9,0,
demand: 911:210,64,209,122,17,208,21,134,21,64,52,134,21,208,17,72,90,198,27,:0,3,2,0,6,0,0,5,0,4,10,8,0,0,7,0,1,0,0,
demand: 488:233,198,90,72,17,231,202,91,17,231,202,91,134,13,223,:0,1,0,0,6,0,4,7,10,0,3,9,8,0,0,
demand: 994:123,209,206,52,212,166,206,219,202,91,212,227,:0,1,9,5,3,6,10,7,8,4,2,0,
demand: 212:250,91,202,212,120,166,212,202,219,1,184,:0,3,8,7,6,4,1,9,5,0,0,
demand: 746:88,21,202,219,206,39,:0,0,2,9,0,0,
demand: 740:145,212,166,206,173,120,85,36,55,8,173,1,122,:0,2,7,4,5,1,8,6,3,0,9,0,0,
demand: 841:98,2,55,8,173,206,219,85,202,36,55,49,219,29,23,51,:0,0,6,0,5,2,0,10,4,9,3,8,7,1,0,0,
demand: 22:234,75,225,2,30,:0,8,1,0,0,
demand: 517:82,166,225,134,91,49,29,173,1,85,75,225,2,54,:0,2,9,0,4,6,1,3,0,7,10,8,0,0,
demand: 7:215,75,49,29,165,217,:0,2,9,4,6,0,
demand: 102:102,39,49,29,165,225,75,49,29,165,225,226,:0,2,4,7,5,6,10,8,3,1,9,0,
demand: 75:37,49,75,225,165,204,48,100,:0,8,1,0,10,7,3,0,
demand: 205:243,29,165,204,48,75,177,:0,1,10,2,6,7,0,
demand: 232:4,197,13,75,48,204,165,127,:0,2,0,1,9,8,4,0,
demand: 656:176,197,98,39,49,48,204,39,98,197,204,48,169,:0,4,0,10,8,1,5,7,0,9,2,0,0,
demand: 410:61,39,204,197,13,98,39,87,24,:0,3,1,6,0,0,8,0,0,
demand: 906:92,225,197,204,48,29,243,76,4,162,:0,8,3,10,1,5,7,9,0,0,
demand: 153:92,249,76,184,:0,10,6,0,
demand: 319:107,128,42,127,15,105,:0,4,6,2,0,0,
demand: 447:218,98,39,98,84,:0,0,8,0,0,
demand: 440:44,249,92,114,243,135,:0,9,2,3,7,0,
demand: 556:162,42,128,92,114,39,134,:0,7,1,10,0,5,0,
demand: 893:171,243,32,:0,7,0,
demand: 384:151,74,243,114,92,249,142,:0,8,4,3,2,0,0,
demand: 693:37,92,114,243,76,249,92,114,243,76,97,:0,8,5,3,6,2,9,7,4,1,0,
demand: 1:48,217,243,114,140,128,56,:0,6,7,2,10,4,0,
demand: 66:148,242,127,42,128,140,114,41,128,92,184,:0,8,10,7,2,6,9,3,1,5,0,
demand: 788:48,217,243,74,38,217,92,:0,2,8,9,1,5,0,
demand: 535:204,249,30,42,127,242,217,38,74,21,:0,5,2,9,1,6,10,8,3,0,
demand: 964:73,217,38,98,:0,5,8,0,
demand: 236:165,114,140,114,50,:0,3,5,0,0,
demand: 354:142,243,74,38,124,128,41,114,89,242,:0,1,4,3,7,9,6,10,8,5,
demand: 82:155,74,243,196,:0,7,3,0,
demand: 721:41,128,92,249,30,42,127,242,89,124,11,73,:0,8,2,6,7,3,9,1,5,10,0,0,
demand: 525:125,249,30,42,128,41,114,89,242,127,34,206,:0,2,8,4,0,3,7,9,0,6,0,0,
demand: 914:97,74,41,128,42,30,42,128,41,114,243,217,38,124,89,197,:0,8,3,0,0,6,2,0,4,0,7,0,5,10,9,0,
demand: 306:80,207,15,208,88,:0,8,3,0,0,
demand: 360:134,89,124,15,207,30,42,140,73,:0,2,6,8,1,4,7,3,0,
demand: 64:243,124,38,246,:0,10,0,0,
demand: 747:250,74,129,:0,7,0,
demand: 234:246,207,15,42,140,175,145,15,207,15,:0,1,3,7,2,5,9,6,8,0,
demand: 782:80,207,15,87,34,223,127,24,94,87,15,145,175,229,131,:0,3,4,0,0,0,2,7,0,0,10,8,1,5,0,
demand: 245:103,74,41,30,77,241,140,175,145,41,20,46,:0,2,3,9,0,4,7,5,6,8,0,0,
demand: 725:16,15,145,219,:0,2,10,0,
demand: 369:133,229,175,188,116,22,248,30,73,85,:0,7,1,6,8,9,5,4,10,0,
demand: 527:48,140,175,229,116,22,248,116,22,248,30,73,56,:0,7,10,5,6,4,9,8,3,1,2,0,0,
demand: 947:184,89,229,116,126,21,241,21,13,98,248,30,73,30,28,202,67,:0,4,8,1,6,0,9,0,0,3,5,2,7,0,0,0,0,
demand: 927:55,216,127,229,116,93,:0,9,4,8,0,0,
demand: 427:4,248,116,188,73,11,213,114,:0,1,2,4,3,8,5,0,
demand: 990:149,213,11,73,231,:0,9,7,4,0,
demand: 18:138,188,73,11,213,241,89,216,207,188,73,77,202,:0,3,8,1,6,4,7,9,2,10,5,0,0,
demand: 305:20,73,11,213,241,188,29,:0,3,1,5,6,4,0,
demand: 187:240,188,241,213,121,216,248,116,141,:0,4,7,3,10,1,2,0,0,
demand: 437:202,172,98,113,183,241,213,11,216,121,241,188,73,217,:0,0,2,10,3,6,0,8,5,7,9,4,0,0,
demand: 613:233,216,121,53,147,113,183,102,115,:0,3,7,4,5,9,1,8,0,
demand: 584:219,216,121,53,147,113,153,:0,10,5,7,3,8,0,
demand: 352:233,147,144,:0,6,0,
demand: 431:69,113,147,225,:0,5,6,0,
demand: 867:186,147,53,121,128,:0,2,3,1,0,
demand: 861:7,22,102,183,113,98,11,126,113,183,229,:0,5,8,6,2,10,4,1,7,3,0,
demand: 302:133,22,102,183,126,113,137,:0,5,6,8,10,0,0,
demand: 971:72,11,210,233,:0,4,0,0,
demand: 463:121,22,133,121,241,188,102,98,126,53,126,:0,5,3,9,0,2,4,7,10,6,0,
demand: 935:85,126,98,113,37,11,126,98,102,53,24,134,:0,1,6,7,10,3,4,8,2,5,9,0,
demand: 812:165,183,126,53,24,53,121,133,22,242,:0,7,0,1,10,0,3,9,0,0,
demand: 204:128,139,14,133,44,96,121,133,45,:0,5,9,6,3,1,7,10,0,
demand: 441:220,37,22,133,44,96,53,196,:0,10,7,2,4,9,3,0,
demand: 254:118,44,96,133,44,123,6,37,24,79,123,9,:0,4,9,7,1,2,5,10,6,8,3,0,
demand: 945:130,139,14,133,96,14,139,24,79,123,172,:0,9,1,7,8,4,10,2,3,6,0,
demand: 285:128,139,24,79,123,31,:0,9,4,1,7,0,
demand: 35:111,133,14,96,123,6,37,24,139,110,73,56,195,:0,7,5,1,9,3,4,6,8,10,2,0,0,
demand: 432:4,162,177,158,6,37,24,79,123,6,44,133,143,:0,7,4,9,8,10,0,1,3,2,6,0,0,
demand: 108:9,177,162,73,:0,5,4,0,
demand: 290:25,44,123,6,37,24,66,:0,7,9,3,2,0,0,
demand: 980:248,44,6,158,177,162,223,170,201,188,14,145,:0,1,10,7,4,5,3,6,8,2,9,0,
demand: 192:95,162,177,158,6,44,28,158,6,57,67,244,:0,10,5,9,7,2,8,3,4,1,0,0,
demand: 258:244,177,162,177,158,177,57,85,:0,2,3,0,1,7,10,0,
demand: 47:121,133,14,139,18,:0,0,4,0,0,
demand: 284:67,201,:0,6,
demand: 928:89,57,99,202,28,202,67,201,170,201,212,:0,9,0,0,7,0,0,8,4,0,0,
demand: 923:203,37,79,57,99,67,201,170,223,162,33,177,166,:0,7,4,1,0,0,5,8,9,10,2,3,0,
demand: 126:110,139,24,139,110,33,162,95,117,:0,7,3,0,10,2,9,0,0,
demand: 608:153,201,170,223,63,57,79,192,63,177,188,:0,2,5,3,9,1,4,7,8,10,0,
demand: 179:40,28,158,177,63,57,79,24,:0,10,2,0,8,9,0,0,
demand: 121:68,63,177,33,110,30,28,158,192,79,141,:0,1,2,7,6,0,8,5,10,9,0,
demand: 173:95,33,47,28,158,192,82,14,147,:0,9,6,8,2,5,10,3,0,
demand: 878:22,33,14,:0,5,0,
demand: 495:211,110,33,63,223,82,192,119,:0,4,6,2,1,10,8,0,
demand: 796:242,82,223,170,33,110,47,223,63,33,165,:0,10,5,0,8,1,3,6,7,2,0,
demand: 809:57,79,123,160,223,82,192,79,180,:0,0,4,6,5,3,10,0,0,
demand: 577:82,160,246,207,:0,10,0,0,
demand: 777:98,113,82,160,123,170,201,47,33,160,47,205,95,:0,0,10,1,2,4,7,6,3,9,5,8,0,
demand: 748:152,160,12,136,202,:0,3,5,6,0,
demand: 382:53,126,192,158,234,12,136,238,12,136,208,:0,0,4,7,0,10,8,9,1,5,0,
demand: 270:77,82,12,238,40,205,47,96,205,141,:0,4,1,5,10,8,7,2,3,0,
demand: 180:61,40,205,80,88,152,207,80,14,160,152,88,154,86,:0,6,5,3,9,10,0,8,7,2,4,1,0,0,
demand: 892:205,80,129,:0,1,0,
demand: 493:244,238,40,152,88,3,195,:0,9,0,1,5,10,0,
demand: 839:222,80,88,3,24,3,88,3,246,170,3,246,81,:0,5,1,9,7,0,10,8,6,2,4,3,0,
demand: 633:11,51,210,115,27,176,:0,0,0,5,0,0,
demand: 288:247,246,3,187,:0,9,10,0,
demand: 934:137,247,122,164,174,239,:0,9,0,0,1,0,
Average Delay: 8.65
Runtime (mS): 362184Acceptation rate: 1.0