65, 61, 18, 228, 11, 77, 167, 18, 228, 11, 77, 250, 250, 147, 
65, 77, 191, 224, 168, 12, 77, 26, 195, 141, 168, 17, 
60, 163, 154, 9, 195, 3, 191, 9, 195, 26, 
24, 163, 224, 141, 35, 163, 154, 9, 186, 35, 9, 154, 86, 
50, 9, 154, 141, 60, 245, 186, 135, 35, 198, 90, 3, 67, 
245, 135, 198, 90, 171, 
90, 135, 245, 50, 134, 209, 64, 52, 134, 12, 
64, 209, 122, 17, 208, 21, 134, 21, 64, 52, 134, 21, 208, 17, 72, 90, 198, 27, 
198, 90, 72, 17, 231, 202, 91, 17, 231, 202, 91, 134, 13, 223, 
209, 206, 166, 9, 52, 212, 166, 206, 219, 202, 91, 17, 61, 
120, 118, 
206, 173, 57, 67, 64, 
202, 67, 57, 173, 206, 202, 91, 17, 
166, 206, 173, 219, 212, 210, 11, 
120, 212, 166, 55, 91, 36, 18, 16, 
55, 212, 36, 55, 193, 19, 85, 19, 236, 
27, 173, 206, 4, 
85, 36, 55, 36, 147, 
5, 85, 120, 49, 29, 165, 225, 75, 78, 
166, 114, 
26, 202, 197, 49, 29, 165, 225, 200, 
225, 165, 29, 71, 
75, 225, 49, 29, 239, 
49, 225, 75, 49, 39, 29, 48, 204, 132, 
75, 184, 
75, 48, 204, 165, 75, 48, 204, 207, 
49, 39, 204, 48, 165, 110, 
204, 48, 165, 204, 39, 98, 197, 13, 98, 39, 66, 
197, 29, 42, 197, 49, 249, 57, 197, 76, 243, 39, 185, 
42, 197, 76, 243, 204, 147, 243, 76, 126, 
76, 30, 42, 132, 204, 
72, 11, 197, 76, 243, 76, 30, 42, 128, 92, 249, 30, 112, 
217, 242, 127, 42, 30, 76, 197, 63, 
249, 71, 
127, 242, 217, 128, 42, 30, 239, 
76, 249, 92, 128, 217, 242, 127, 41, 2, 117, 
124, 92, 128, 173, 
128, 140, 114, 92, 249, 238, 153, 
249, 92, 124, 128, 217, 92, 124, 128, 140, 114, 86, 
127, 242, 217, 128, 140, 114, 92, 89, 124, 15, 207, 172, 
74, 243, 147, 127, 41, 114, 89, 124, 15, 
114, 140, 114, 41, 127, 147, 30, 77, 241, 21, 126, 116, 15, 207, 80, 
74, 38, 124, 15, 207, 30, 28, 127, 147, 26, 
13, 126, 242, 89, 124, 15, 207, 30, 38, 84, 
38, 122, 
15, 207, 62, 
92, 89, 207, 41, 114, 92, 89, 207, 68, 
15, 116, 140, 175, 242, 126, 10, 68, 
74, 243, 147, 145, 74, 38, 248, 113, 
72, 11, 140, 128, 124, 89, 
175, 140, 116, 229, 127, 145, 74, 222, 
38, 248, 3, 195, 
140, 175, 140, 116, 229, 113, 213, 38, 248, 116, 229, 239, 
248, 116, 140, 116, 229, 74, 
145, 74, 38, 248, 116, 229, 170, 
3, 248, 126, 41, 127, 229, 89, 145, 127, 216, 188, 207, 203, 
22, 248, 126, 229, 127, 147, 243, 147, 17, 234, 
42, 248, 22, 20, 
127, 24, 127, 216, 188, 73, 183, 113, 213, 121, 
145, 22, 102, 175, 188, 132, 
38, 213, 17, 12, 
22, 186, 
126, 216, 188, 73, 157, 
11, 213, 113, 183, 73, 188, 216, 11, 213, 245, 
241, 213, 11, 73, 183, 113, 204, 
11, 73, 183, 113, 213, 11, 213, 116, 
11, 73, 77, 241, 213, 121, 241, 21, 248, 
121, 241, 213, 113, 11, 98, 102, 22, 121, 241, 242, 3, 
183, 22, 
241, 121, 53, 147, 127, 34, 223, 34, 87, 24, 87, 233, 
102, 98, 113, 
98, 102, 121, 53, 241, 72, 
241, 53, 102, 183, 53, 241, 110, 98, 172, 
144, 201, 102, 117, 
53, 24, 197, 
188, 170, 73, 183, 53, 24, 244, 
241, 110, 37, 102, 24, 37, 102, 24, 141, 
167, 123, 231, 27, 173, 98, 110, 98, 102, 37, 35, 
115, 57, 115, 167, 123, 231, 67, 201, 67, 202, 28, 44, 96, 5, 168, 
96, 44, 28, 158, 6, 37, 110, 139, 14, 133, 241, 242, 
162, 177, 158, 6, 244, 
139, 14, 133, 44, 96, 127, 
160, 177, 162, 133, 14, 139, 110, 133, 14, 139, 11, 228, 
123, 6, 158, 28, 44, 96, 133, 138, 
14, 139, 14, 133, 14, 139, 110, 6, 117, 
44, 96, 123, 6, 122, 
162, 177, 158, 145, 
28, 44, 123, 6, 158, 177, 162, 191, 
172, 99, 57, 79, 123, 6, 157, 
57, 79, 123, 63, 57, 79, 123, 63, 57, 79, 238, 
139, 14, 96, 201, 223, 162, 177, 133, 14, 
33, 164, 
139, 192, 162, 223, 201, 214, 
201, 223, 162, 33, 63, 57, 55, 
79, 57, 63, 33, 170, 223, 82, 162, 177, 107, 
82, 223, 201, 33, 63, 57, 78, 
63, 236, 
82, 120, 
170, 33, 47, 82, 113, 183, 
33, 47, 79, 192, 201, 223, 82, 192, 5, 37, 144, 
160, 240, 
44, 160, 47, 33, 170, 223, 52, 
192, 5, 47, 82, 160, 47, 205, 13, 172, 
24, 94, 160, 223, 192, 12, 17, 132, 205, 40, 47, 12, 17, 132, 205, 198, 
152, 12, 136, 18, 
80, 88, 136, 238, 40, 152, 88, 136, 238, 40, 205, 142, 
4, 136, 238, 40, 152, 88, 21, 177, 
80, 249, 238, 148, 3, 88, 80, 115, 144, 115, 201, 
27, 115, 167, 72, 246, 227, 4, 3, 148, 244, 194, 
227, 4, 3, 148, 244, 115, 202, 21, 4, 50, 134, 
244, 170, 
227, 4, 3, 148, 244, 115, 27, 144, 174, 132, 169, 247, 169, 
3, 148, 10, 
3, 246, 227, 4, 3, 246, 227, 3, 246, 118, 
148, 177, 
122, 164, 174, 4, 227, 246, 227, 4, 227, 27, 
148, 244, 115, 27, 144, 27, 115, 117, 
4, 3, 227, 159, 
4, 174, 148, 244, 115, 244, 148, 174, 237, 
246, 115, 3, 248, 80, 
247, 246, 115, 3, 227, 131, 246, 115, 12, 227, 203, 
244, 220, 
246, 247, 174, 148, 246, 247, 174, 199, 246, 174, 
174, 247, 174, 199, 174, 247, 137, 3, 115, 148, 246, 115, 219, 
174, 199, 244, 2, 210, 115, 3, 227, 131, 244, 2, 210, 115, 216, 
195, 247, 137, 131, 227, 3, 115, 231, 72, 167, 244, 2, 235, 
244, 2, 247, 137, 131, 174, 144, 28, 129, 
174, 144, 139, 130, 
144, 174, 131, 137, 247, 211, 199, 131, 157, 
247, 75, 
199, 131, 13, 99, 
247, 211, 199, 131, 174, 172, 
131, 199, 211, 247, 226, 137, 40, 152, 
247, 226, 111, 
199, 211, 4, 199, 137, 226, 215, 199, 137, 226, 247, 177, 
174, 131, 21, 199, 215, 226, 215, 199, 68, 226, 172, 174, 
2, 155, 199, 131, 137, 199, 137, 144, 211, 236, 21, 131, 21, 215, 
211, 236, 21, 215, 68, 226, 144, 211, 236, 30, 
215, 21, 28, 144, 211, 236, 5, 
215, 21, 236, 65, 
215, 104, 
215, 68, 226, 144, 211, 137, 144, 11, 211, 
2, 155, 144, 211, 236, 21, 249, 92, 
211, 137, 214, 
211, 137, 144, 226, 144, 137, 211, 233, 
72, 2, 155, 72, 2, 155, 72, 175, 
137, 211, 236, 21, 215, 245, 
21, 2, 72, 155, 72, 2, 187, 215, 68, 193, 26, 
155, 90, 
2, 187, 215, 193, 68, 69, 
68, 193, 215, 187, 2, 21, 228, 
215, 21, 236, 21, 215, 68, 193, 155, 2, 187, 2, 225, 
72, 193, 155, 226, 211, 68, 236, 155, 220, 
226, 247, 246, 72, 11, 211, 35, 
187, 215, 193, 78, 
193, 155, 236, 68, 90, 72, 193, 88, 21, 88, 68, 236, 241, 72, 33, 
175, 72, 193, 236, 68, 187, 5, 
193, 187, 208, 193, 187, 208, 193, 187, 208, 193, 156, 
187, 193, 208, 22, 187, 119, 208, 112, 220, 203, 164, 87, 
192, 187, 119, 208, 112, 220, 92, 
208, 112, 220, 236, 
164, 220, 112, 203, 46, 
182, 112, 220, 112, 203, 220, 164, 187, 119, 240, 234, 115, 
119, 187, 85, 164, 203, 220, 164, 85, 187, 119, 240, 147, 
203, 164, 87, 94, 182, 112, 119, 240, 10, 182, 241, 
146, 164, 100, 
174, 148, 10, 240, 226, 
94, 164, 203, 146, 182, 112, 119, 10, 199, 
94, 182, 146, 34, 250, 94, 233, 15, 10, 240, 250, 94, 233, 15, 127, 146, 101, 127, 229, 
94, 182, 146, 182, 94, 54, 69, 101, 214, 
69, 68, 10, 101, 146, 198, 
94, 54, 69, 54, 182, 54, 69, 101, 125, 97, 163, 224, 
100, 69, 101, 10, 100, 233, 218, 54, 156, 249, 
100, 233, 218, 144, 
125, 97, 218, 233, 100, 233, 218, 233, 29, 
101, 125, 97, 218, 156, 196, 233, 100, 97, 101, 
233, 196, 156, 218, 97, 125, 222, 172, 119, 
172, 107, 218, 97, 125, 
107, 172, 222, 125, 97, 130, 156, 196, 222, 172, 107, 196, 122, 
156, 196, 107, 172, 97, 130, 156, 196, 107, 172, 159, 
51, 234, 17, 167, 156, 44, 
234, 51, 234, 77, 167, 156, 130, 11, 51, 11, 130, 86, 
51, 210, 130, 156, 167, 51, 210, 157, 107, 17, 
1, 234, 90, 51, 125, 145, 
1, 234, 31, 23, 151, 221, 143, 21, 64, 
99, 222, 99, 67, 26, 193, 72, 
27, 179, 169, 16, 25, 
1, 234, 31, 23, 151, 221, 143, 45, 
152, 234, 1, 234, 181, 
5, 143, 221, 151, 23, 31, 234, 181, 149, 240, 
5, 143, 221, 79, 
23, 180, 34, 78, 75, 171, 75, 184, 23, 151, 100, 
1, 19, 16, 169, 179, 27, 178, 237, 210, 157, 16, 169, 
156, 5, 178, 237, 210, 157, 16, 237, 239, 
5, 178, 237, 210, 157, 16, 157, 210, 151, 
85, 5, 178, 237, 210, 66, 
153, 176, 25, 45, 15, 
5, 178, 5, 201, 
67, 170, 
32, 239, 180, 34, 78, 62, 22, 
71, 3, 185, 
210, 66, 239, 180, 34, 78, 62, 43, 26, 67, 3, 
115, 12, 234, 181, 149, 168, 
5, 142, 235, 232, 72, 175, 
239, 32, 235, 232, 24, 53, 
142, 235, 232, 32, 239, 66, 210, 69, 
34, 190, 
5, 161, 239, 43, 26, 67, 153, 176, 25, 45, 51, 90, 
179, 27, 231, 27, 179, 169, 179, 27, 231, 122, 62, 164, 87, 15, 
62, 43, 26, 67, 153, 29, 
150, 25, 45, 71, 103, 70, 19, 16, 167, 182, 241, 
221, 151, 95, 157, 16, 19, 70, 103, 71, 45, 98, 
202, 222, 202, 172, 13, 184, 84, 67, 184, 23, 122, 62, 108, 21, 
66, 239, 32, 232, 142, 235, 32, 149, 181, 118, 208, 
104, 34, 26, 149, 181, 118, 235, 231, 184, 
20, 214, 66, 210, 157, 16, 19, 70, 103, 71, 45, 25, 190, 
231, 122, 23, 14, 
59, 25, 150, 95, 27, 176, 25, 126, 
104, 249, 
104, 221, 222, 181, 118, 71, 99, 149, 20, 214, 85, 
118, 122, 6, 52, 
150, 95, 27, 178, 20, 214, 234, 90, 
222, 181, 118, 122, 23, 214, 59, 25, 167, 134, 
84, 138, 171, 111, 226, 80, 
58, 13, 184, 67, 84, 204, 
171, 82, 
118, 122, 167, 
138, 171, 111, 27, 230, 13, 99, 202, 25, 
222, 84, 67, 153, 180, 34, 59, 151, 
156, 167, 156, 79, 
58, 13, 184, 230, 13, 58, 122, 171, 111, 114, 
200, 111, 171, 122, 8, 169, 13, 230, 139, 
200, 189, 16, 70, 230, 13, 169, 13, 116, 
194, 239, 161, 99, 83, 25, 57, 79, 
56, 142, 5, 161, 8, 56, 20, 191, 
27, 111, 200, 189, 80, 
117, 194, 56, 189, 200, 194, 239, 161, 5, 136, 
109, 176, 153, 117, 194, 83, 117, 218, 144, 
109, 167, 16, 161, 132, 117, 231, 132, 109, 61, 133, 
106, 19, 93, 214, 106, 132, 189, 187, 
78, 83, 92, 220, 
93, 27, 132, 7, 93, 83, 138, 106, 200, 224, 
49, 7, 118, 106, 159, 81, 23, 237, 
7, 190, 87, 129, 28, 8, 46, 86, 129, 1, 
57, 7, 190, 99, 185, 108, 86, 46, 176, 
49, 7, 43, 108, 86, 95, 7, 190, 241, 
176, 7, 190, 87, 129, 86, 46, 159, 103, 105, 247, 30, 
118, 7, 49, 
7, 95, 86, 46, 159, 103, 105, 81, 159, 40, 
63, 7, 190, 117, 7, 190, 87, 129, 86, 151, 185, 193, 208, 
32, 118, 7, 108, 86, 55, 
7, 104, 185, 108, 86, 242, 
7, 108, 185, 182, 
86, 46, 86, 108, 13, 184, 67, 127, 
46, 159, 103, 105, 81, 159, 46, 43, 108, 9, 
87, 164, 236, 
46, 159, 103, 105, 81, 159, 46, 31, 234, 129, 87, 216, 
31, 46, 247, 
90, 46, 129, 108, 46, 221, 
132, 108, 86, 129, 231, 185, 103, 
199, 46, 129, 108, 231, 185, 81, 38, 
33, 46, 222, 81, 169, 159, 81, 153, 
132, 81, 105, 171, 194, 171, 
159, 81, 185, 67, 81, 185, 108, 129, 86, 93, 34, 78, 
204, 46, 129, 105, 190, 52, 
76, 56, 81, 185, 231, 108, 105, 171, 194, 190, 87, 185, 104, 244, 
81, 185, 231, 108, 105, 61, 
81, 86, 151, 185, 87, 100, 190, 105, 75, 
87, 129, 108, 13, 80, 
56, 108, 35, 
164, 87, 185, 100, 190, 150, 28, 129, 117, 190, 105, 204, 
144, 137, 59, 87, 100, 190, 105, 81, 185, 87, 185, 108, 231, 115, 77, 30, 
87, 100, 159, 129, 105, 190, 159, 180, 
105, 129, 159, 84, 
81, 87, 81, 87, 87, 87, 100, 159, 86, 87, 87, 104, 185, 87, 87, 100, 159, 86, 151, 185, 87, 87, 86, 151, 185, 87, 86, 151, 185, 87, 86, 74, 
164, 87, 87, 56, 81, 87, 81, 185, 87, 105, 108, 81, 87, 105, 108, demand: 122:164,65,61,18,228,11,77,167,18,228,11,77,250,250,147,:0,1,8,10,3,0,7,0,2,4,0,5,6,9,0,
demand: 395:116,65,77,191,224,168,12,77,26,195,141,168,17,:0,3,10,9,6,4,0,2,0,1,8,7,0,
demand: 461:21,60,163,154,9,195,3,191,9,195,26,:0,8,10,9,5,2,0,4,3,0,0,
demand: 246:250,24,163,224,141,35,163,154,9,186,35,9,154,86,:0,0,5,2,3,9,10,4,0,6,7,0,1,0,
demand: 899:27,50,9,154,141,60,245,186,135,35,198,90,3,67,:0,10,7,0,4,1,8,2,6,5,3,9,0,0,
demand: 412:2,245,135,198,90,171,:0,3,5,4,1,0,
demand: 614:72,90,135,245,50,134,209,64,52,134,12,:0,5,1,2,6,4,7,10,3,9,0,
demand: 911:210,64,209,122,17,208,21,134,21,64,52,134,21,208,17,72,90,198,27,:0,3,2,0,6,0,0,5,0,4,10,8,0,0,7,0,1,0,0,
demand: 488:233,198,90,72,17,231,202,91,17,231,202,91,134,13,223,:0,1,0,0,6,0,4,7,10,0,3,9,8,0,0,
demand: 228:181,209,206,166,9,52,212,166,206,219,202,91,17,61,:0,5,2,7,0,1,9,8,3,6,10,4,0,0,
demand: 52:65,120,118,:0,1,0,
demand: 341:166,206,173,57,67,64,:0,5,6,0,0,0,
demand: 649:25,202,67,57,173,206,202,91,17,:0,8,0,0,5,7,6,2,0,
demand: 94:34,166,206,173,219,212,210,11,:0,2,4,7,1,9,0,0,
demand: 477:245,120,212,166,55,91,36,18,16,:0,8,2,3,7,4,1,0,0,
demand: 988:157,55,212,36,55,193,19,85,19,236,:0,8,4,5,3,0,0,9,0,0,
demand: 741:125,27,173,206,4,:0,0,4,0,0,
demand: 856:194,85,36,55,36,147,:0,9,4,3,0,0,
demand: 784:37,5,85,120,49,29,165,225,75,78,:0,0,5,2,1,6,8,10,3,0,
demand: 637:61,166,114,:0,7,0,
demand: 804:43,26,202,197,49,29,165,225,200,:0,0,7,2,10,4,3,9,0,
demand: 310:58,225,165,29,71,:0,4,6,7,0,
demand: 985:183,75,225,49,29,239,:0,6,2,7,5,0,
demand: 147:161,49,225,75,49,39,29,48,204,132,:0,8,3,5,6,4,10,7,2,0,
demand: 2:69,75,184,:0,5,0,
demand: 240:171,75,48,204,165,75,48,204,207,:0,10,7,4,1,9,2,5,0,
demand: 510:7,49,39,204,48,165,110,:0,8,6,1,9,2,0,
demand: 475:147,204,48,165,204,39,98,197,13,98,39,66,:0,6,7,1,5,2,0,4,0,10,9,0,
demand: 490:14,197,29,42,197,49,249,57,197,76,243,39,185,:0,4,8,2,9,5,3,0,7,10,6,1,0,
demand: 10:163,42,197,76,243,204,147,243,76,126,:0,10,5,7,9,1,6,2,3,0,
demand: 242:24,76,30,42,132,204,:0,6,9,3,0,0,
demand: 139:90,72,11,197,76,243,76,30,42,128,92,249,30,112,:0,0,1,5,4,8,0,7,10,2,3,9,6,0,
demand: 543:158,217,242,127,42,30,76,197,63,:0,6,8,1,10,3,9,0,0,
demand: 965:238,249,71,:0,6,0,
demand: 121:47,127,242,217,128,42,30,239,:0,7,6,8,3,5,2,0,
demand: 480:78,76,249,92,128,217,242,127,41,2,117,:0,4,5,2,1,6,7,9,10,0,0,
demand: 662:209,124,92,128,173,:0,8,2,0,0,
demand: 295:92,128,140,114,92,249,238,153,:0,9,1,4,10,2,0,0,
demand: 129:207,249,92,124,128,217,92,124,128,140,114,86,:0,1,2,7,8,3,9,6,10,4,5,0,
demand: 664:4,127,242,217,128,140,114,92,89,124,15,207,172,:0,3,5,0,2,4,7,8,1,9,6,10,0,
demand: 715:240,74,243,147,127,41,114,89,124,15,:0,6,4,2,3,5,8,1,7,0,
demand: 816:78,114,140,114,41,127,147,30,77,241,21,126,116,15,207,80,:0,6,8,0,5,3,10,9,0,2,0,7,4,1,0,0,
demand: 156:145,74,38,124,15,207,30,28,127,147,26,:0,6,8,2,7,4,10,1,5,9,0,
demand: 562:21,13,126,242,89,124,15,207,30,38,84,:0,0,6,4,9,3,2,8,7,1,0,
demand: 258:160,38,122,:0,3,0,
demand: 410:73,15,207,62,:0,8,0,0,
demand: 830:192,92,89,207,41,114,92,89,207,68,:0,2,10,1,8,3,7,9,5,0,
demand: 552:150,15,116,140,175,242,126,10,68,:0,5,2,3,6,4,1,0,0,
demand: 47:66,74,243,147,145,74,38,248,113,:0,2,7,3,5,8,4,1,0,
demand: 259:231,72,11,140,128,124,89,:0,0,4,9,0,0,0,
demand: 314:201,175,140,116,229,127,145,74,222,:0,6,4,1,7,9,8,0,0,
demand: 833:231,38,248,3,195,:0,1,3,0,0,
demand: 40:224,140,175,140,116,229,113,213,38,248,116,229,239,:0,2,9,0,7,6,8,5,1,3,10,4,0,
demand: 363:126,248,116,140,116,229,74,:0,1,5,2,0,4,0,
demand: 112:238,145,74,38,248,116,229,170,:0,8,0,0,10,6,0,0,
demand: 339:195,3,248,126,41,127,229,89,145,127,216,188,207,203,:0,0,1,5,4,0,8,3,10,7,6,9,2,0,
demand: 172:52,22,248,126,229,127,147,243,147,17,234,:0,10,3,6,1,0,0,2,0,0,0,
demand: 216:209,42,248,22,20,:0,7,2,10,0,
demand: 273:223,127,24,127,216,188,73,183,113,213,121,:0,0,10,0,8,9,6,4,5,2,0,
demand: 520:224,145,22,102,175,188,132,:0,2,6,3,1,8,0,
demand: 24:156,38,213,17,12,:0,4,9,0,0,
demand: 92:111,22,186,:0,5,0,
demand: 867:242,126,216,188,73,157,:0,7,9,8,4,0,
demand: 805:124,11,213,113,183,73,188,216,11,213,245,:0,2,9,1,8,10,4,5,3,7,0,
demand: 521:242,241,213,11,73,183,113,204,:0,9,1,2,7,6,10,0,
demand: 193:166,11,73,183,113,213,11,213,116,:0,7,10,5,2,0,6,0,0,
demand: 457:166,11,73,77,241,213,121,241,21,248,:0,1,2,0,5,9,10,7,0,0,
demand: 796:44,121,241,213,113,11,98,102,22,121,241,242,3,:0,8,5,0,3,10,1,4,7,9,2,0,0,
demand: 925:146,183,22,:0,3,0,
demand: 388:110,241,121,53,147,127,34,223,34,87,24,87,233,:0,4,9,10,1,0,0,2,0,0,7,0,0,
demand: 642:248,102,98,113,:0,2,8,0,
demand: 817:240,98,102,121,53,241,72,:0,5,10,9,8,4,0,
demand: 213:64,241,53,102,183,53,241,110,98,172,:0,5,4,10,2,1,7,8,3,0,
demand: 919:98,144,201,102,117,:0,0,10,5,0,
demand: 647:147,53,24,197,:0,3,8,0,
demand: 515:14,188,170,73,183,53,24,244,:0,2,6,4,0,5,8,0,
demand: 435:72,241,110,37,102,24,37,102,24,141,:0,2,10,5,7,6,8,3,1,0,
demand: 670:17,167,123,231,27,173,98,110,98,102,37,35,:0,0,8,0,0,0,4,6,0,7,10,0,
demand: 720:234,115,57,115,167,123,231,67,201,67,202,28,44,96,5,168,:0,0,5,0,0,9,0,0,6,0,0,1,4,3,0,0,
demand: 231:59,96,44,28,158,6,37,110,139,14,133,241,242,:0,8,9,6,10,4,5,3,7,2,1,0,0,
demand: 372:183,162,177,158,6,244,:0,2,6,5,10,0,
demand: 261:230,139,14,133,44,96,127,:0,2,5,7,10,3,0,
demand: 529:38,160,177,162,133,14,139,110,133,14,139,11,228,:0,10,6,7,2,9,4,3,8,5,1,0,0,
demand: 13:45,123,6,158,28,44,96,133,138,:0,3,9,4,2,8,6,10,0,
demand: 334:43,14,139,14,133,14,139,110,6,117,:0,4,6,0,8,9,3,2,10,0,
demand: 835:150,44,96,123,6,122,:0,1,10,3,5,0,
demand: 436:153,162,177,158,145,:0,9,2,5,0,
demand: 606:144,28,44,123,6,158,177,162,191,:0,6,4,9,3,8,7,10,0,
demand: 358:27,172,99,57,79,123,6,157,:0,0,0,9,5,1,2,0,
demand: 238:143,57,79,123,63,57,79,123,63,57,79,238,:0,1,6,2,10,3,7,4,8,5,9,0,
demand: 506:130,139,14,96,201,223,162,177,133,14,:0,8,4,7,3,10,5,9,0,0,
demand: 747:107,33,164,:0,6,0,
demand: 703:149,139,192,162,223,201,214,:0,7,4,1,5,8,0,
demand: 255:18,201,223,162,33,63,57,55,:0,9,8,4,1,5,3,0,
demand: 957:156,79,57,63,33,170,223,82,162,177,107,:0,3,2,5,8,6,9,10,4,7,0,
demand: 448:59,82,223,201,33,63,57,78,:0,10,6,3,9,7,4,0,
demand: 553:219,63,236,:0,7,0,
demand: 142:74,82,120,:0,1,0,
demand: 658:68,170,33,47,82,113,183,:0,1,3,9,8,0,0,
demand: 699:86,33,47,79,192,201,223,82,192,5,37,144,:0,10,5,1,6,7,0,3,8,0,4,0,
demand: 513:177,160,240,:0,3,0,
demand: 677:221,44,160,47,33,170,223,52,:0,2,10,8,7,9,0,0,
demand: 607:187,192,5,47,82,160,47,205,13,172,:0,8,0,5,3,1,4,9,0,0,
demand: 198:197,24,94,160,223,192,12,17,132,205,40,47,12,17,132,205,198,:0,7,0,6,2,4,10,0,0,9,8,3,1,0,0,5,0,
demand: 408:234,152,12,136,18,:0,5,4,10,0,
demand: 934:194,80,88,136,238,40,152,88,136,238,40,205,142,:0,9,3,8,1,10,2,6,5,4,7,0,0,
demand: 271:63,4,136,238,40,152,88,21,177,:0,6,2,8,0,3,1,0,0,
demand: 333:155,80,249,238,148,3,88,80,115,144,115,201,:0,3,0,1,4,10,8,5,2,9,0,0,
demand: 586:173,27,115,167,72,246,227,4,3,148,244,194,:0,0,9,0,4,8,10,7,1,3,6,0,
demand: 587:138,227,4,3,148,244,115,202,21,4,50,134,:0,7,2,8,9,3,4,0,10,6,0,0,
demand: 3:8,244,170,:0,7,0,
demand: 933:179,227,4,3,148,244,115,27,144,174,132,169,247,169,:0,9,3,8,1,7,2,0,6,5,0,0,10,0,
demand: 484:54,3,148,10,:0,8,6,0,
demand: 250:74,3,246,227,4,3,246,227,3,246,118,:0,3,2,7,5,1,9,8,6,4,0,
demand: 726:10,148,177,:0,5,0,
demand: 30:247,122,164,174,4,227,246,227,4,227,27,:0,0,0,6,5,4,3,0,9,7,0,
demand: 68:1,148,244,115,27,144,27,115,117,:0,9,8,4,0,5,0,0,0,
demand: 161:207,4,3,227,159,:0,5,7,10,0,
demand: 631:130,4,174,148,244,115,244,148,174,237,:0,6,10,9,8,7,0,3,5,0,
demand: 533:20,246,115,3,248,80,:0,7,8,3,0,0,
demand: 300:30,247,246,115,3,227,131,246,115,12,227,203,:0,7,3,8,2,10,1,5,9,0,6,0,
demand: 859:2,244,220,:0,4,0,
demand: 798:161,246,247,174,148,246,247,174,199,246,174,:0,1,9,5,6,2,8,10,4,3,0,
demand: 823:36,174,247,174,199,174,247,137,3,115,148,246,115,219,:0,9,5,0,7,1,2,6,3,10,4,8,0,0,
demand: 519:146,174,199,244,2,210,115,3,227,131,244,2,210,115,216,:0,4,3,9,7,0,6,0,8,5,2,10,0,1,0,
demand: 894:26,195,247,137,131,227,3,115,231,72,167,244,2,235,:0,0,3,1,7,5,0,8,0,9,0,10,6,0,
demand: 449:45,244,2,247,137,131,174,144,28,129,:0,10,7,5,1,4,6,9,0,0,
demand: 212:193,174,144,139,130,:0,7,10,0,0,
demand: 346:28,144,174,131,137,247,211,199,131,157,:0,7,9,2,0,10,1,4,6,0,
demand: 446:228,247,75,:0,2,0,
demand: 329:79,199,131,13,99,:0,3,4,0,0,
demand: 901:185,247,211,199,131,174,172,:0,2,5,3,9,8,0,
demand: 511:21,131,199,211,247,226,137,40,152,:0,3,1,0,9,10,2,0,0,
demand: 307:37,247,226,111,:0,5,4,0,
demand: 315:208,199,211,4,199,137,226,215,199,137,226,247,177,:0,6,1,8,10,7,5,2,4,9,3,0,0,
demand: 503:92,174,131,21,199,215,226,215,199,68,226,172,174,:0,5,2,4,10,7,6,0,8,9,3,0,0,
demand: 748:9,2,155,199,131,137,199,137,144,211,236,21,131,21,215,:0,3,7,0,1,0,8,2,4,10,9,6,5,0,0,
demand: 292:198,211,236,21,215,68,226,144,211,236,30,:0,4,10,2,1,3,5,9,8,6,0,
demand: 222:162,215,21,28,144,211,236,5,:0,7,2,0,1,6,9,0,
demand: 719:6,215,21,236,65,:0,3,1,2,0,
demand: 256:208,215,104,:0,9,0,
demand: 466:174,215,68,226,144,211,137,144,11,211,:0,1,10,3,7,5,6,9,0,0,
demand: 718:230,2,155,144,211,236,21,249,92,:0,3,9,8,10,5,1,0,0,
demand: 438:76,211,137,214,:0,5,2,0,
demand: 657:137,211,137,144,226,144,137,211,233,:0,4,0,5,1,0,2,10,0,
demand: 123:57,72,2,155,72,2,155,72,175,:0,5,2,3,1,10,9,6,0,
demand: 610:42,137,211,236,21,215,245,:0,8,4,2,6,10,0,
demand: 739:192,21,2,72,155,72,2,187,215,68,193,26,:0,2,5,9,7,0,8,6,1,4,3,0,
demand: 961:180,155,90,:0,3,0,
demand: 576:179,2,187,215,193,68,69,:0,2,3,5,1,9,0,
demand: 528:170,68,193,215,187,2,21,228,:0,9,10,8,5,3,7,0,
demand: 369:181,215,21,236,21,215,68,193,155,2,187,2,225,:0,2,10,1,0,4,8,5,9,0,3,0,0,
demand: 16:241,72,193,155,226,211,68,236,155,220,:0,9,4,3,6,1,2,7,10,0,
demand: 126:218,226,247,246,72,11,211,35,:0,10,0,0,2,0,5,0,
demand: 863:192,187,215,193,78,:0,2,0,8,0,
demand: 17:157,193,155,236,68,90,72,193,88,21,88,68,236,241,72,33,:0,6,5,9,4,0,7,2,0,8,0,3,1,0,10,0,
demand: 815:231,175,72,193,236,68,187,5,:0,0,7,1,5,4,9,0,
demand: 524:119,193,187,208,193,187,208,193,187,208,193,156,:0,2,3,5,10,9,6,7,4,8,1,0,
demand: 110:201,187,193,208,22,187,119,208,112,220,203,164,87,:0,2,1,6,0,10,5,4,9,8,3,7,0,
demand: 563:154,192,187,119,208,112,220,92,:0,0,5,8,10,9,2,0,
demand: 55:140,208,112,220,236,:0,8,5,7,0,
demand: 186:53,164,220,112,203,46,:0,5,1,10,3,0,
demand: 700:83,182,112,220,112,203,220,164,187,119,240,234,115,:0,6,0,1,2,10,7,5,0,3,9,0,0,
demand: 505:181,119,187,85,164,203,220,164,85,187,119,240,147,:0,9,0,0,6,2,5,7,0,0,1,10,0,
demand: 724:36,203,164,87,94,182,112,119,240,10,182,241,:0,8,10,0,4,5,1,9,3,6,2,0,
demand: 141:52,146,164,100,:0,3,8,0,
demand: 38:131,174,148,10,240,226,:0,0,0,5,6,0,
demand: 806:182,94,164,203,146,182,112,119,10,199,:0,4,3,1,9,2,5,8,6,0,
demand: 655:138,94,182,146,34,250,94,233,15,10,240,250,94,233,15,127,146,101,127,229,:0,2,1,8,0,0,10,0,0,9,5,0,3,0,0,0,7,6,0,0,
demand: 907:5,94,182,146,182,94,54,69,101,214,:0,8,5,4,0,10,3,7,9,0,
demand: 540:75,69,68,10,101,146,198,:0,9,0,5,2,8,0,
demand: 517:156,94,54,69,54,182,54,69,101,125,97,163,224,:0,5,3,9,0,1,6,7,8,2,10,0,0,
demand: 160:190,100,69,101,10,100,233,218,54,156,249,:0,6,10,2,5,3,8,4,9,1,0,
demand: 422:231,100,233,218,144,:0,3,9,1,0,
demand: 380:70,125,97,218,233,100,233,218,233,29,:0,10,6,8,7,4,0,3,2,0,
demand: 963:243,101,125,97,218,156,196,233,100,97,101,:0,5,4,7,1,6,3,2,8,10,0,
demand: 668:141,233,196,156,218,97,125,222,172,119,:0,3,1,6,10,8,2,0,7,0,
demand: 861:152,172,107,218,97,125,:0,4,2,1,0,0,
demand: 180:65,107,172,222,125,97,130,156,196,222,172,107,196,122,:0,4,5,0,3,0,6,1,8,0,7,10,9,0,
demand: 628:163,156,196,107,172,97,130,156,196,107,172,159,:0,10,9,2,6,5,1,7,4,3,8,0,
demand: 376:7,51,234,17,167,156,44,:0,10,0,0,0,2,0,
demand: 347:1,234,51,234,77,167,156,130,11,51,11,130,86,:0,0,10,0,0,0,5,6,0,7,0,2,0,
demand: 44:90,51,210,130,156,167,51,210,157,107,17,:0,2,0,1,8,0,10,6,7,5,0,
demand: 875:212,1,234,90,51,125,145,:0,9,2,0,1,8,0,
demand: 453:57,1,234,31,23,151,221,143,21,64,:0,3,7,10,1,8,9,6,0,0,
demand: 77:67,99,222,99,67,26,193,72,:0,5,1,0,10,8,0,0,
demand: 584:50,27,179,169,16,25,:0,1,4,7,9,0,
demand: 176:57,1,234,31,23,151,221,143,45,:0,9,8,7,6,2,1,5,0,
demand: 561:17,152,234,1,234,181,:0,0,0,7,2,0,
demand: 312:7,5,143,221,151,23,31,234,181,149,240,:0,4,2,7,10,9,5,8,6,1,0,
demand: 598:168,5,143,221,79,:0,4,3,10,0,
demand: 275:151,23,180,34,78,75,171,75,184,23,151,100,:0,4,3,7,2,0,10,0,5,6,8,0,
demand: 789:22,1,19,16,169,179,27,178,237,210,157,16,169,:0,6,7,9,10,4,1,2,5,3,8,0,0,
demand: 427:130,156,5,178,237,210,157,16,237,239,:0,0,9,4,10,1,8,2,5,0,
demand: 354:142,5,178,237,210,157,16,157,210,151,:0,8,1,9,4,0,5,6,7,0,
demand: 736:230,85,5,178,237,210,66,:0,0,10,6,4,2,0,
demand: 705:82,153,176,25,45,15,:0,1,5,4,2,0,
demand: 745:48,5,178,5,201,:0,9,4,0,0,
demand: 405:231,67,170,:0,2,0,
demand: 767:10,32,239,180,34,78,62,22,:0,8,9,1,6,5,4,0,
demand: 289:51,71,3,185,:0,8,0,0,
demand: 994:116,210,66,239,180,34,78,62,43,26,67,3,:0,5,4,10,1,9,7,6,2,3,0,0,
demand: 182:246,115,12,234,181,149,168,:0,0,0,10,3,1,0,
demand: 840:161,5,142,235,232,72,175,:0,6,3,7,5,0,0,
demand: 523:101,239,32,235,232,24,53,:0,1,5,10,9,0,0,
demand: 544:5,142,235,232,32,239,66,210,69,:0,1,9,5,8,4,7,2,0,
demand: 740:146,34,190,:0,7,0,
demand: 926:93,5,161,239,43,26,67,153,176,25,45,51,90,:0,9,4,2,3,8,10,6,7,1,5,0,0,
demand: 878:169,179,27,231,27,179,169,179,27,231,122,62,164,87,15,:0,3,1,10,0,8,6,0,9,7,4,5,0,0,0,
demand: 98:164,62,43,26,67,153,29,:0,8,5,2,9,3,0,
demand: 644:28,150,25,45,71,103,70,19,16,167,182,241,:0,5,2,8,7,1,3,9,6,4,0,0,
demand: 482:189,221,151,95,157,16,19,70,103,71,45,98,:0,6,4,3,10,2,1,8,7,9,5,0,
demand: 43:99,202,222,202,172,13,184,84,67,184,23,122,62,108,21,:0,0,8,0,0,1,10,7,6,3,9,4,5,0,0,
demand: 431:39,66,239,32,232,142,235,32,149,181,118,208,:0,10,0,4,3,7,1,6,8,9,5,0,
demand: 938:123,104,34,26,149,181,118,235,231,184,:0,5,7,3,4,2,10,8,1,0,
demand: 559:73,20,214,66,210,157,16,19,70,103,71,45,25,190,:0,2,7,1,0,0,0,10,4,5,6,9,0,0,
demand: 751:225,231,122,23,14,:0,3,6,1,0,
demand: 279:41,59,25,150,95,27,176,25,126,:0,7,8,3,5,4,1,9,0,
demand: 809:185,104,249,:0,2,0,
demand: 247:100,104,221,222,181,118,71,99,149,20,214,85,:0,3,6,8,9,4,5,2,10,7,1,0,
demand: 672:7,118,122,6,52,:0,4,10,0,0,
demand: 593:25,150,95,27,178,20,214,234,90,:0,4,8,2,6,1,10,9,0,
demand: 322:221,222,181,118,122,23,214,59,25,167,134,:0,2,8,0,10,6,4,5,9,3,0,
demand: 493:67,84,138,171,111,226,80,:0,7,3,5,1,0,0,
demand: 786:212,58,13,184,67,84,204,:0,3,6,9,1,0,0,
demand: 386:206,171,82,:0,4,0,
demand: 573:32,118,122,167,:0,6,0,0,
demand: 966:188,138,171,111,27,230,13,99,202,25,:0,3,4,2,8,5,7,0,0,0,
demand: 319:170,222,84,67,153,180,34,59,151,:0,1,8,0,4,10,9,5,0,
demand: 432:130,156,167,156,79,:0,0,7,0,0,
demand: 920:249,58,13,184,230,13,58,122,171,111,114,:0,10,8,9,7,5,3,4,2,1,0,
demand: 981:64,200,111,171,122,8,169,13,230,139,:0,8,2,9,4,7,5,1,6,0,
demand: 83:82,200,189,16,70,230,13,169,13,116,:0,5,7,6,4,2,0,3,9,0,
demand: 845:214,194,239,161,99,83,25,57,79,:0,2,9,4,3,7,6,0,0,
demand: 440:243,56,142,5,161,8,56,20,191,:0,5,8,0,1,3,4,10,0,
demand: 709:119,27,111,200,189,80,:0,9,8,4,2,0,
demand: 765:231,117,194,56,189,200,194,239,161,5,136,:0,5,4,7,1,8,2,9,10,0,0,
demand: 772:61,109,176,153,117,194,83,117,218,144,:0,7,9,6,10,4,1,2,0,0,
demand: 585:82,109,167,16,161,132,117,231,132,109,61,133,:0,7,8,9,1,5,4,6,3,10,0,0,
demand: 179:52,106,19,93,214,106,132,189,187,:0,7,8,5,6,3,1,10,0,
demand: 230:250,78,83,92,220,:0,6,5,0,0,
demand: 508:11,93,27,132,7,93,83,138,106,200,224,:0,3,6,1,7,4,5,10,2,8,0,
demand: 597:249,49,7,118,106,159,81,23,237,:0,0,7,9,8,4,1,6,0,
demand: 622:134,7,190,87,129,28,8,46,86,129,1,:0,5,3,4,1,0,10,8,7,2,0,
demand: 574:79,57,7,190,99,185,108,86,46,176,:0,0,2,4,6,10,7,5,1,0,
demand: 843:81,49,7,43,108,86,95,7,190,241,:0,0,1,9,3,7,6,10,2,0,
demand: 409:53,176,7,190,87,129,86,46,159,103,105,247,30,:0,9,4,10,3,2,1,5,7,6,8,0,0,
demand: 270:131,118,7,49,:0,0,10,0,
demand: 964:94,7,95,86,46,159,103,105,81,159,40,:0,4,6,7,10,1,9,8,2,5,0,
demand: 464:33,63,7,190,117,7,190,87,129,86,151,185,193,208,:0,0,5,4,6,8,10,7,3,2,9,1,0,0,
demand: 820:58,32,118,7,108,86,55,:0,6,0,4,1,3,0,
demand: 439:226,7,104,185,108,86,242,:0,5,6,3,4,2,0,
demand: 525:162,7,108,185,182,:0,7,5,1,0,
demand: 646:151,86,46,86,108,13,184,67,127,:0,0,10,0,0,6,0,9,0,
demand: 795:249,46,159,103,105,81,159,46,43,108,9,:0,8,7,0,5,4,2,3,9,1,0,
demand: 355:190,87,164,236,:0,3,0,0,
demand: 393:135,46,159,103,105,81,159,46,31,234,129,87,216,:0,5,10,0,1,2,7,3,6,9,8,0,0,
demand: 368:246,31,46,247,:0,9,4,0,
demand: 6:3,90,46,129,108,46,221,:0,0,8,4,5,2,0,
demand: 413:230,132,108,86,129,231,185,103,:0,6,1,7,4,9,10,0,
demand: 504:208,199,46,129,108,231,185,81,38,:0,0,7,5,1,9,2,3,0,
demand: 224:201,33,46,222,81,169,159,81,153,:0,0,8,9,10,6,5,0,0,
demand: 771:42,132,81,105,171,194,171,:0,0,3,5,9,6,0,
demand: 387:229,159,81,185,67,81,185,108,129,86,93,34,78,:0,0,2,10,9,1,3,7,0,4,6,0,0,
demand: 601:132,204,46,129,105,190,52,:0,0,5,3,7,8,0,
demand: 152:30,76,56,81,185,231,108,105,171,194,190,87,185,104,244,:0,0,9,5,4,0,2,8,0,6,3,7,1,0,0,
demand: 313:202,81,185,231,108,105,61,:0,3,5,0,8,1,0,
demand: 401:24,81,86,151,185,87,100,190,105,75,:0,1,10,0,7,5,0,3,4,0,
demand: 340:168,87,129,108,13,80,:0,4,3,1,0,0,
demand: 554:132,56,108,35,:0,9,10,0,
demand: 725:232,164,87,185,100,190,150,28,129,117,190,105,204,:0,0,10,1,0,4,6,0,2,9,8,7,0,
demand: 205:174,144,137,59,87,100,190,105,81,185,87,185,108,231,115,77,30,:0,0,0,9,1,0,8,7,0,0,6,0,2,0,0,0,0,
demand: 148:139,87,100,159,129,105,190,159,180,:0,4,0,1,7,6,8,9,0,
demand: 337:3,105,129,159,84,:0,3,0,9,0,
demand: 336:15,86,74,:0,8,0,
Average Delay: 8.75187969924812
Runtime (mS): 594891Acceptation rate: 0.8866666666666667