22, 59, 89, 6, 59, 46, 60, 
29, 72, 89, 32, 22, 48, 59, 5, 100, 13, 4, 
32, 22, 87, 100, 29, 31, 
72, 47, 90, 59, 6, 9, 47, 90, 15, 
90, 9, 63, 22, 47, 9, 5, 35, 26, 48, 51, 22, 89, 59, 
29, 48, 17, 35, 5, 2, 21, 63, 
35, 26, 48, 2, 80, 
5, 35, 26, 48, 2, 48, 10, 28, 35, 44, 2, 94, 
10, 28, 9, 56, 
28, 10, 9, 28, 10, 94, 71, 28, 57, 73, 
10, 28, 57, 23, 28, 51, 
84, 86, 58, 57, 23, 4, 
18, 4, 23, 57, 66, 23, 57, 66, 16, 
4, 23, 66, 18, 4, 91, 18, 4, 42, 
18, 4, 91, 18, 4, 23, 66, 57, 58, 86, 82, 
18, 43, 
60, 94, 63, 21, 86, 58, 97, 4, 23, 66, 18, 91, 4, 2, 
4, 92, 17, 92, 68, 97, 
86, 58, 64, 
18, 91, 4, 97, 58, 86, 84, 11, 37, 
58, 36, 
18, 91, 84, 86, 58, 97, 84, 17, 21, 84, 30, 
58, 97, 84, 17, 21, 66, 97, 21, 34, 
58, 4, 17, 21, 15, 87, 
94, 86, 84, 17, 91, 94, 9, 47, 
94, 45, 66, 97, 21, 66, 45, 94, 18, 61, 
17, 21, 66, 45, 66, 57, 13, 
45, 94, 17, 45, 97, 21, 76, 58, 68, 97, 66, 54, 
21, 76, 58, 68, 78, 82, 
94, 17, 8, 3, 94, 78, 68, 58, 76, 69, 70, 
62, 68, 78, 62, 68, 78, 62, 68, 14, 94, 78, 14, 
94, 78, 62, 54, 76, 78, 66, 54, 62, 56, 9, 54, 57, 
8, 3, 62, 56, 9, 54, 76, 78, 76, 54, 26, 
3, 8, 62, 54, 66, 78, 83, 
78, 36, 54, 9, 56, 74, 
8, 3, 6, 
62, 56, 76, 21, 66, 78, 14, 54, 26, 8, 75, 56, 62, 3, 26, 54, 
8, 85, 83, 82, 
17, 8, 85, 83, 8, 13, 65, 8, 15, 
75, 8, 13, 8, 65, 8, 85, 83, 37, 36, 57, 
85, 14, 37, 36, 46, 70, 46, 36, 22, 46, 54, 14, 37, 9, 90, 
13, 65, 36, 37, 14, 13, 65, 54, 
13, 65, 36, 22, 46, 54, 14, 37, 36, 22, 46, 54, 14, 37, 79, 
65, 36, 
22, 63, 12, 37, 
8, 13, 12, 37, 14, 69, 
94, 14, 13, 26, 
12, 37, 36, 65, 13, 89, 
37, 36, 65, 14, 13, 12, 37, 22, 
13, 12, 63, 36, 54, 14, 54, 80, 
36, 65, 14, 13, 12, 37, 79, 2, 11, 
34, 46, 13, 12, 63, 36, 65, 69, 46, 34, 12, 28, 
12, 13, 46, 34, 12, 13, 46, 34, 93, 46, 34, 13, 22, 
36, 63, 12, 34, 46, 93, 34, 46, 93, 34, 53, 
34, 46, 34, 16, 
46, 64, 88, 46, 64, 6, 99, 
demand: 543:11,22,59,89,6,59,46,60,:0,4,10,6,5,3,0,0,
demand: 218:48,29,72,89,32,22,48,59,5,100,13,4,:0,5,1,6,8,3,0,2,0,4,0,0,
demand: 893:26,32,22,87,100,29,31,:0,8,6,0,7,10,0,
demand: 385:22,72,47,90,59,6,9,47,90,15,:0,9,1,3,0,10,5,6,4,0,
demand: 330:22,90,9,63,22,47,9,5,35,26,48,51,22,89,59,:0,6,5,0,9,3,8,0,2,0,4,0,10,0,0,
demand: 676:74,29,48,17,35,5,2,21,63,:0,0,1,0,3,0,8,0,0,
demand: 158:17,35,26,48,2,80,:0,6,0,7,1,0,
demand: 678:86,5,35,26,48,2,48,10,28,35,44,2,94,:0,0,3,0,0,7,10,4,1,8,0,6,0,
demand: 648:25,10,28,9,56,:0,9,8,0,0,
demand: 418:72,28,10,9,28,10,94,71,28,57,73,:0,6,9,10,1,3,8,0,7,4,0,
demand: 110:32,10,28,57,23,28,51,:0,0,5,7,3,8,0,
demand: 698:85,84,86,58,57,23,4,:0,3,10,7,2,1,0,
demand: 352:47,18,4,23,57,66,23,57,66,16,:0,9,7,4,1,2,3,5,10,0,
demand: 788:99,4,23,66,18,4,91,18,4,42,:0,8,7,5,1,3,6,10,2,0,
demand: 380:81,18,4,91,18,4,23,66,57,58,86,82,:0,7,8,1,3,6,10,5,9,2,4,0,
demand: 369:93,18,43,:0,10,0,
demand: 874:43,60,94,63,21,86,58,97,4,23,66,18,91,4,2,:0,0,7,0,3,1,8,10,4,0,6,2,9,5,0,
demand: 830:68,4,92,17,92,68,97,:0,9,0,10,0,6,0,
demand: 649:84,86,58,64,:0,3,8,0,
demand: 194:20,18,91,4,97,58,86,84,11,37,:0,6,8,7,1,9,3,4,0,0,
demand: 163:98,58,36,:0,3,0,
demand: 95:27,18,91,84,86,58,97,84,17,21,84,30,:0,9,1,5,2,10,3,6,7,4,0,0,
demand: 708:95,58,97,84,17,21,66,97,21,34,:0,3,2,1,4,10,6,5,7,0,
demand: 413:49,58,4,17,21,15,87,:0,7,2,1,5,0,0,
demand: 908:14,94,86,84,17,91,94,9,47,:0,8,10,0,5,9,2,0,0,
demand: 190:70,94,45,66,97,21,66,45,94,18,61,:0,8,10,6,7,5,9,4,3,2,0,
demand: 534:84,17,21,66,45,66,57,13,:0,3,1,2,4,0,0,0,
demand: 173:22,45,94,17,45,97,21,76,58,68,97,66,54,:0,1,7,6,10,5,9,4,2,8,0,3,0,
demand: 931:93,21,76,58,68,78,82,:0,2,4,3,10,7,0,
demand: 599:95,94,17,8,3,94,78,68,58,76,69,70,:0,6,5,9,4,1,3,8,0,2,0,0,
demand: 539:47,62,68,78,62,68,78,62,68,14,94,78,14,:0,7,1,3,5,10,6,8,4,0,2,9,0,
demand: 453:95,94,78,62,54,76,78,66,54,62,56,9,54,57,:0,0,8,7,3,5,6,0,10,9,2,0,1,0,
demand: 88:75,8,3,62,56,9,54,76,78,76,54,26,:0,7,6,2,1,0,3,5,10,0,9,0,
demand: 280:64,3,8,62,54,66,78,83,:0,1,10,4,6,0,9,0,
demand: 171:53,78,36,54,9,56,74,:0,9,0,6,0,5,0,
demand: 561:24,8,3,6,:0,8,6,0,
demand: 167:58,62,56,76,21,66,78,14,54,26,8,75,56,62,3,26,54,:0,10,3,9,0,0,8,0,7,0,4,0,1,2,5,0,6,
demand: 378:7,8,85,83,82,:0,9,4,10,0,
demand: 863:94,17,8,85,83,8,13,65,8,15,:0,0,8,7,9,10,3,1,2,0,
demand: 737:6,75,8,13,8,65,8,85,83,37,36,57,:0,0,8,9,2,3,0,10,6,1,5,0,
demand: 29:86,85,14,37,36,46,70,46,36,22,46,54,14,37,9,90,:0,10,2,5,4,9,1,0,7,0,6,0,8,3,0,0,
demand: 844:20,13,65,36,37,14,13,65,54,:0,3,10,4,8,5,1,7,0,
demand: 710:4,13,65,36,22,46,54,14,37,36,22,46,54,14,37,79,:0,3,5,10,0,6,0,1,2,8,0,7,0,4,0,0,
demand: 325:29,65,36,:0,5,0,
demand: 919:48,22,63,12,37,:0,0,0,2,0,
demand: 773:88,8,13,12,37,14,69,:0,0,1,9,5,3,0,
demand: 308:95,94,14,13,26,:0,0,1,2,0,
demand: 850:50,12,37,36,65,13,89,:0,7,6,8,9,0,0,
demand: 668:2,37,36,65,14,13,12,37,22,:0,4,1,5,10,9,2,8,0,
demand: 902:46,13,12,63,36,54,14,54,80,:0,4,10,0,5,0,1,0,0,
demand: 746:58,36,65,14,13,12,37,79,2,11,:0,1,10,9,0,4,3,2,0,0,
demand: 262:74,34,46,13,12,63,36,65,69,46,34,12,28,:0,4,2,0,3,0,5,0,0,7,8,6,0,
demand: 589:68,12,13,46,34,12,13,46,34,93,46,34,13,22,:0,8,0,6,2,5,0,4,3,9,7,1,10,0,
demand: 206:1,36,63,12,34,46,93,34,46,93,34,53,:0,10,0,6,5,2,7,4,3,1,9,0,
demand: 5:19,34,46,34,16,:0,8,6,0,0,
demand: 25:93,46,64,88,46,64,6,99,:0,4,8,5,1,9,0,0,
Average Delay: 9.24
Runtime (mS): 12969Acceptation rate: 1.0