2, 1, 10, 1, 2, 1, 12, 5, 
10, 7, 5, 
2, 1, 12, 1, 10, 13, 
4, 13, 9, 6, 4, 
13, 9, 14, 12, 5, 4, 13, 9, 6, 
9, 8, 13, 8, 9, 14, 8, 15, 
15, 15, 15, 15, 9, 14, 5, 2, 
9, 14, 5, 9, 
5, 12, 1, 
9, 14, 5, 13, 9, 14, 5, 8, 12, 
5, 8, 5, 8, 7, 10, 
8, 7, 10, 6, 9, 11, 9, 7, 10, 6, 10, 13, 
10, 7, 9, 6, 9, 11, 7, 9, 6, 9, 7, 10, 
7, 4, 6, 4, 11, 9, 12, 
7, 4, 6, 4, 11, 9, 7, 2, 
14, 11, 7, 15, 6, 5, 11, 15, 6, 5, 11, 5, 12, 
6, 5, 2, 1, 
5, 11, 9, 7, 
5, 3, 3, 7, 3, 
3, 3, 3, 3, 3, 3, 7, 3, 3, 3, 3, 3, 3, 10, 
7, 3, 3, 2, 3, 7, 3, 3, 5, 3, 5, 3, 7, 3, 2, 
3, 11, 3, 5, 3, 11, 
3, 3, 3, 3, 3, 2, 3, 7, 3, 5, 3, 3, 3, 5, 3, 3, 3, 7, 3, 10, 3, 10, 3, 5, 3, 3, 3, 3, 7, 3, 3, 5, 3, 5, 3, 3, 3, 3, 7, 4, 
2, 3, 3, 3, 11, 4, 
3, 3, 3, 12, 
3, 3, 7, 
7, 3, 3, 7, 3, 7, 3, 3, 3, 2, 3, 3, 2, 3, 3, 3, 7, 3, 3, 3, 3, 5, 3, 3, demand: 932:9,2,1,10,1,2,1,12,5,:0,7,2,3,0,1,4,0,0,
demand: 182:3,10,7,5,:0,1,0,0,
demand: 679:1,2,1,12,1,10,13,:0,2,0,5,0,7,0,
demand: 685:11,4,13,9,6,4,:0,5,1,4,0,0,
demand: 235:10,13,9,14,12,5,4,13,9,6,:0,1,6,3,7,0,2,4,0,0,
demand: 114:2,9,8,13,8,9,14,8,15,:0,0,0,2,0,6,1,4,7,
demand: 852:5,15,15,15,15,9,14,5,2,:0,5,4,1,7,6,2,3,0,
demand: 105:13,9,14,5,9,:0,1,5,6,2,
demand: 379:15,5,12,1,:0,7,0,0,
demand: 864:13,9,14,5,13,9,14,5,8,12,:0,0,5,6,1,0,7,4,2,0,
demand: 808:14,5,8,5,8,7,10,:0,1,5,2,6,3,0,
demand: 277:5,8,7,10,6,9,11,9,7,10,6,10,13,:0,6,5,0,4,0,2,1,7,0,3,0,0,
demand: 430:13,10,7,9,6,9,11,7,9,6,9,7,10,:0,0,2,0,6,0,3,7,0,5,0,0,0,
demand: 976:15,7,4,6,4,11,9,12,:0,2,0,5,0,4,0,0,
demand: 998:15,7,4,6,4,11,9,7,2,:0,5,0,2,0,7,0,4,0,
demand: 854:10,14,11,7,15,6,5,11,15,6,5,11,5,12,:0,1,6,4,0,7,0,2,0,3,0,5,0,0,
demand: 905:2,6,5,2,1,:0,2,1,0,0,
demand: 406:6,5,11,9,7,:0,0,4,0,0,
demand: 917:9,7,3,:0,0,2,
demand: 738:2,3,10,:0,6,0,
demand: 978:4,7,3,2,:0,0,7,0,
demand: 736:6,5,3,11,:0,0,1,0,
demand: 475:14,3,7,4,:0,2,0,0,
demand: 327:13,3,11,4,:0,3,0,0,
demand: 91:11,3,12,:0,2,0,
demand: 542:1,3,7,:0,3,0,
Average Delay: 6.52
Runtime (mS): 129Acceptation rate: 0.25