22, 59, 89, 6, 59, 46, 60, 
29, 72, 89, 32, 22, 48, 59, 5, 100, 13, 4, 
32, 22, 87, 100, 29, 31, 
72, 47, 90, 59, 6, 9, 47, 90, 15, 
90, 9, 63, 22, 47, 9, 5, 35, 26, 48, 51, 22, 89, 59, 
29, 48, 17, 35, 5, 2, 21, 63, 
48, 26, 35, 5, 2, 48, 26, 35, 63, 9, 90, 2, 7, 57, 
35, 29, 48, 2, 7, 28, 10, 94, 96, 
28, 10, 94, 28, 10, 94, 28, 57, 94, 10, 25, 66, 
6, 10, 28, 57, 94, 28, 57, 7, 40, 
28, 10, 28, 57, 94, 63, 22, 17, 92, 4, 68, 92, 17, 22, 63, 94, 73, 
28, 57, 94, 23, 57, 58, 86, 11, 
86, 58, 97, 4, 18, 86, 58, 97, 4, 3, 
94, 23, 4, 97, 58, 76, 
4, 18, 86, 58, 23, 4, 18, 86, 89, 
58, 23, 4, 93, 
demand: 543:11,22,59,89,6,59,46,60,:0,4,10,6,5,3,0,0,
demand: 218:48,29,72,89,32,22,48,59,5,100,13,4,:0,5,1,6,8,3,0,2,0,4,0,0,
demand: 893:26,32,22,87,100,29,31,:0,8,6,0,7,10,0,
demand: 385:22,72,47,90,59,6,9,47,90,15,:0,9,1,3,0,10,5,6,4,0,
demand: 330:22,90,9,63,22,47,9,5,35,26,48,51,22,89,59,:0,6,5,0,9,3,8,0,2,0,4,0,10,0,0,
demand: 676:74,29,48,17,35,5,2,21,63,:0,0,1,0,3,0,8,0,0,
demand: 21:27,48,26,35,5,2,48,26,35,63,9,90,2,7,57,:0,9,0,3,0,1,2,0,6,0,10,0,7,0,0,
demand: 874:87,35,29,48,2,7,28,10,94,96,:0,7,0,9,3,0,2,5,8,0,
demand: 794:51,28,10,94,28,10,94,28,57,94,10,25,66,:0,10,3,9,6,4,7,2,5,0,8,0,0,
demand: 766:14,6,10,28,57,94,28,57,7,40,:0,0,10,4,5,1,3,7,0,0,
demand: 803:53,28,10,28,57,94,63,22,17,92,4,68,92,17,22,63,94,73,:0,8,6,0,2,5,0,0,7,0,4,9,0,1,0,0,3,0,
demand: 797:65,28,57,94,23,57,58,86,11,:0,10,1,4,7,5,3,9,0,
demand: 929:28,86,58,97,4,18,86,58,97,4,3,:0,8,4,3,9,2,6,7,10,1,0,
demand: 376:57,94,23,4,97,58,76,:0,10,8,3,6,5,0,
demand: 706:7,4,18,86,58,23,4,18,86,89,:0,2,5,4,3,1,10,6,8,0,
demand: 393:67,58,23,4,93,:0,7,9,8,0,
Average Delay: 10.8
Runtime (mS): 5985Acceptation rate: 1.0