22, 59, 89, 6, 59, 46, 60, 
29, 72, 89, 32, 22, 48, 59, 5, 100, 13, 4, 
32, 22, 87, 100, 29, 31, 
72, 47, 90, 59, 6, 9, 47, 90, 15, 
90, 9, 63, 22, 47, 9, 5, 35, 26, 48, 51, 22, 89, 59, 
29, 48, 17, 35, 5, 2, 21, 63, 
48, 26, 35, 5, 2, 48, 10, 35, 44, 2, 6, 10, 28, 7, 42, 
28, 35, 44, 2, 6, 10, 28, 57, 7, 2, 100, 
6, 10, 28, 57, 7, 9, 28, 57, 23, 4, 18, 86, 82, 
18, 4, 23, 57, 66, 23, 57, 66, 23, 4, 40, 
66, 57, 94, 23, 17, 57, 94, 23, 8, 
58, 57, 94, 73, 
4, 18, 86, 58, 97, 4, 91, 18, 86, 72, 
58, 86, 84, 91, 18, 66, 86, 76, 
23, 17, 92, 4, 
94, 63, 22, 17, 23, 94, 63, 22, 17, 84, 91, 18, 66, 86, 58, 89, 78, 
68, 4, 91, 18, 96, 
46, 4, 97, 58, 86, 84, 91, 4, 97, 71, 94, 
18, 75, 
86, 84, 91, 4, 58, 97, 84, 17, 5, 
4, 17, 23, 94, 48, 
84, 17, 23, 94, 74, 4, 97, 58, 86, 66, 21, 17, 23, 94, 60, 71, 
66, 21, 97, 94, 45, 66, 21, 63, 4, 
68, 18, 91, 94, 45, 66, 21, 91, 45, 63, 21, 57, 
68, 62, 21, 97, 4, 46, 54, 45, 68, 62, 21, 76, 54, 46, 
45, 60, 
21, 76, 45, 68, 62, 21, 76, 
68, 45, 34, 
3, 21, 76, 54, 45, 76, 6, 
56, 45, 76, 54, 62, 88, 
8, 3, 36, 54, 62, 78, 76, 54, 62, 37, 
8, 3, 62, 54, 62, 78, 62, 91, 
71, 8, 3, 62, 78, 36, 3, 8, 49, 
78, 62, 3, 36, 78, 62, 8, 71, 56, 62, 78, 85, 54, 91, 
8, 71, 34, 
3, 36, 78, 68, 45, 56, 71, 85, 83, 12, 56, 4, 
56, 12, 83, 12, 56, 45, 85, 83, 43, 
14, 37, 36, 46, 70, 46, 36, 79, 
37, 36, 65, 14, 37, 36, 65, 14, 37, 9, 90, 
37, 14, 37, 36, 65, 14, 65, 36, 65, 14, 85, 
14, 13, 65, 22, 36, 22, 46, 13, 21, 
36, 35, 
37, 12, 78, 36, 13, 65, 69, 46, 13, 65, 
13, 12, 37, 79, 13, 21, 76, 
65, 13, 46, 13, 65, 13, 46, 22, 65, 13, 12, 50, 
14, 13, 12, 56, 61, 
37, 12, 13, 14, 13, 12, 25, 
14, 12, 83, 37, 34, 13, 79, 36, 63, 12, 14, 
12, 37, 79, 71, 
36, 79, 13, 34, 46, 4, 12, 34, 46, 81, 40, 
46, 34, 47, 
36, 79, 65, 34, 46, 37, 34, 12, 64, 20, 
46, 60, 15, 
46, 64, 12, 34, 93, 46, 64, 34, 14, 12, 64, 35, 
79, 93, 34, 64, 88, 34, 37, 99, 
79, 36, 93, 34, 64, 88, 93, 79, 70, 93, 55, 
79, 93, 70, 63, 
79, 70, 93, 88, 64, 34, 64, 88, 62, 
70, 93, 88, 93, 70, 79, 88, 69, 70, 37, 93, 64, 87, 
86, 46, 88, 64, 93, 37, 70, 37, 34, 64, 20, 88, 79, 70, 16, 88, 79, 70, 92, 
16, 15, 69, 88, 16, 15, 35, 36, 16, 15, 71, 
16, 11, 5, 15, 11, 5, 15, 11, 5, 19, 15, 
15, 5, 9, 11, 96, 66, 
96, 11, 16, 5, 19, 15, 84, 11, 80, 
69, 15, 96, 20, 27, 96, 20, 27, 18, 
96, 20, 27, 96, 11, 84, 17, 
96, 20, 96, 27, 96, 52, 96, 20, 36, 
96, 52, 95, 33, 5, 9, 32, 
52, 95, 33, 5, 19, 27, 96, 52, 95, 45, 68, 
44, 19, 95, 33, 15, 19, 44, 33, 4, 19, 44, 2, 21, 
21, 19, 4, 44, 45, 
1, 98, 70, 37, 
1, 98, 77, 48, 
19, 44, 35, 26, 51, 82, 26, 95, 71, 60, 27, 
14, 12, 1, 98, 77, 78, 68, 
98, 1, 75, 41, 69, 15, 33, 57, 
98, 1, 33, 
1, 75, 41, 69, 51, 82, 26, 51, 82, 10, 
7, 42, 77, 98, 1, 75, 41, 69, 15, 26, 15, 87, 15, 69, 6, 
7, 42, 77, 86, 
57, 7, 42, 61, 51, 82, 26, 84, 
42, 7, 42, 61, 51, 25, 
24, 87, 74, 61, 49, 73, 92, 25, 12, 63, 12, 56, 71, 15, 
1, 24, 87, 74, 39, 71, 60, 43, 39, 71, 8, 44, 
11, 84, 24, 87, 74, 61, 51, 19, 
40, 44, 35, 
1, 24, 87, 74, 91, 
13, 25, 92, 8, 38, 
80, 50, 26, 48, 22, 81, 40, 99, 25, 
25, 87, 74, 
9, 7, 80, 50, 25, 92, 73, 91, 
25, 92, 73, 49, 61, 74, 60, 58, 
82, 40, 81, 74, 60, 71, 39, 74, 10, 
25, 50, 80, 67, 39, 74, 60, 71, 55, 42, 83, 
60, 43, 60, 71, 55, 50, 73, 50, 80, 
63, 98, 77, 48, 51, 
67, 80, 50, 26, 48, 
50, 80, 67, 31, 43, 38, 75, 99, 40, 89, 
99, 81, 71, 80, 
43, 38, 71, 53, 23, 
67, 31, 43, 38, 71, 53, 49, 38, 88, 69, 
31, 43, 63, 53, 71, 38, 1, 
63, 53, 9, 31, 40, 81, 99, 92, 
30, 49, 61, 30, 38, 43, 38, 43, 31, 67, 30, 33, 
92, 96, 27, 42, 
55, 63, 97, 
30, 41, 30, 53, 30, 63, 53, 30, 71, 53, 71, 38, 30, 49, 61, 74, 61, 30, 30, 96, 30, 53, 30, 18, 
49, 61, 30, 25, 30, 30, 53, 63, 29, 100, 
30, 50, 25, 30, 61, 74, 60, 46, 49, 61, 30, 49, 61, 30, 31, 
30, 30, 82, 30, 71, 53, 30, 30, 30, 74, 61, 30, 53, 30, 82, 26, 30, 41, 30, 30, 96, 30, 61, 30, 74, 61, 30, 53, 30, 74, 61, 30, 6, 25, 30, 43, 30, 30, demand: 543:11,22,59,89,6,59,46,60,:0,4,10,6,5,3,0,0,
demand: 218:48,29,72,89,32,22,48,59,5,100,13,4,:0,5,1,6,8,3,0,2,0,4,0,0,
demand: 893:26,32,22,87,100,29,31,:0,8,6,0,7,10,0,
demand: 385:22,72,47,90,59,6,9,47,90,15,:0,9,1,3,0,10,5,6,4,0,
demand: 330:22,90,9,63,22,47,9,5,35,26,48,51,22,89,59,:0,6,5,0,9,3,8,0,2,0,4,0,10,0,0,
demand: 676:74,29,48,17,35,5,2,21,63,:0,0,1,0,3,0,8,0,0,
demand: 735:87,48,26,35,5,2,48,10,35,44,2,6,10,28,7,42,:0,10,0,7,0,3,6,1,8,0,4,0,9,5,0,0,
demand: 777:7,28,35,44,2,6,10,28,57,7,2,100,:0,1,8,0,3,0,9,7,4,0,2,0,
demand: 792:92,6,10,28,57,7,9,28,57,23,4,18,86,82,:0,0,2,9,7,0,10,1,8,4,3,5,6,0,
demand: 779:82,18,4,23,57,66,23,57,66,23,4,40,:0,5,3,4,2,1,9,6,7,10,8,0,
demand: 64:23,66,57,94,23,17,57,94,23,8,:0,4,7,8,10,3,9,5,2,0,
demand: 389:89,58,57,94,73,:0,8,5,3,0,
demand: 160:46,4,18,86,58,97,4,91,18,86,72,:0,9,5,4,1,8,10,7,6,2,0,
demand: 168:98,58,86,84,91,18,66,86,76,:0,7,1,8,4,6,10,5,0,
demand: 619:29,23,17,92,4,:0,7,0,0,0,
demand: 281:74,94,63,22,17,23,94,63,22,17,84,91,18,66,86,58,89,78,:0,3,0,0,5,6,10,0,0,9,8,4,7,2,0,1,0,0,
demand: 999:4,68,4,91,18,96,:0,3,0,6,9,0,
demand: 369:54,46,4,97,58,86,84,91,4,97,71,94,:0,0,8,1,10,2,5,3,7,4,0,0,
demand: 364:44,18,75,:0,2,0,
demand: 995:66,86,84,91,4,58,97,84,17,5,:0,0,3,10,5,2,0,1,4,0,
demand: 918:19,4,17,23,94,48,:0,7,1,0,4,0,
demand: 649:65,84,17,23,94,74,4,97,58,86,66,21,17,23,94,60,71,:0,5,8,0,10,0,1,7,0,0,2,6,4,0,3,0,0,
demand: 87:51,66,21,97,94,45,66,21,63,4,:0,2,4,7,6,8,9,3,0,0,
demand: 542:92,68,18,91,94,45,66,21,91,45,63,21,57,:0,1,10,0,3,7,9,5,2,6,0,4,0,
demand: 428:45,68,62,21,97,4,46,54,45,68,62,21,76,54,46,:0,3,6,8,9,0,0,2,5,4,7,10,1,0,0,
demand: 553:37,45,60,:0,5,0,
demand: 819:64,21,76,45,68,62,21,76,:0,6,9,5,8,10,2,0,
demand: 972:87,68,45,34,:0,2,0,0,
demand: 840:30,3,21,76,54,45,76,6,:0,4,9,5,1,3,8,0,
demand: 821:71,56,45,76,54,62,88,:0,4,10,1,5,8,0,
demand: 641:42,8,3,36,54,62,78,76,54,62,37,:0,2,4,0,8,9,5,0,6,3,0,
demand: 962:92,8,3,62,54,62,78,62,91,:0,1,2,3,4,0,6,7,0,
demand: 719:56,71,8,3,62,78,36,3,8,49,:0,0,4,7,2,10,0,3,0,0,
demand: 310:27,78,62,3,36,78,62,8,71,56,62,78,85,54,91,:0,10,9,8,0,5,3,4,0,6,0,1,7,2,0,
demand: 661:42,8,71,34,:0,10,0,0,
demand: 963:57,3,36,78,68,45,56,71,85,83,12,56,4,:0,10,0,8,9,0,1,0,4,3,0,7,0,
demand: 665:59,56,12,83,12,56,45,85,83,43,:0,8,0,4,0,9,0,7,6,0,
demand: 396:85,14,37,36,46,70,46,36,79,:0,1,6,5,4,8,0,3,0,
demand: 291:79,37,36,65,14,37,36,65,14,37,9,90,:0,10,5,8,3,1,7,9,6,2,0,0,
demand: 544:62,37,14,37,36,65,14,65,36,65,14,85,:0,7,1,0,10,5,2,0,6,9,3,0,
demand: 625:54,14,13,65,22,36,22,46,13,21,:0,9,6,10,0,7,0,2,5,0,
demand: 896:77,36,35,:0,3,0,
demand: 255:1,37,12,78,36,13,65,69,46,13,65,:0,1,10,0,6,7,8,0,3,4,0,
demand: 733:46,13,12,37,79,13,21,76,:0,10,8,6,3,4,0,0,
demand: 190:5,65,13,46,13,65,13,46,22,65,13,12,50,:0,4,7,10,0,1,3,9,0,2,8,0,0,
demand: 106:85,14,13,12,56,61,:0,1,7,3,0,0,
demand: 452:9,37,12,13,14,13,12,25,:0,5,4,9,3,0,7,0,
demand: 901:33,14,12,83,37,34,13,79,36,63,12,14,:0,1,9,0,5,2,8,3,4,0,7,0,
demand: 250:14,12,37,79,71,:0,9,2,3,0,
demand: 942:35,36,79,13,34,46,4,12,34,46,81,40,:0,6,4,0,10,2,0,5,1,7,0,0,
demand: 856:91,46,34,47,:0,2,0,0,
demand: 101:72,36,79,65,34,46,37,34,12,64,20,:0,9,10,1,3,2,6,7,4,5,0,
demand: 647:64,46,60,15,:0,2,0,0,
demand: 713:49,46,64,12,34,93,46,64,34,14,12,64,35,:0,4,7,8,3,1,10,2,9,6,0,5,0,
demand: 166:2,79,93,34,64,88,34,37,99,:0,1,10,4,9,6,5,0,0,
demand: 172:93,79,36,93,34,64,88,93,79,70,93,55,:0,5,10,3,6,1,9,4,7,8,2,0,
demand: 653:67,79,93,70,63,:0,3,1,5,0,
demand: 251:67,79,70,93,88,64,34,64,88,62,:0,4,5,7,8,3,6,0,2,0,
demand: 597:95,70,93,88,93,70,79,88,69,70,37,93,64,87,:0,7,5,1,0,4,6,3,0,9,0,2,8,0,
demand: 724:66,86,46,88,64,93,37,70,37,34,64,20,88,79,70,16,88,79,70,92,:0,0,10,5,0,4,0,3,0,0,7,0,1,0,2,6,9,0,8,0,
demand: 691:58,16,15,69,88,16,15,35,36,16,15,71,:0,4,3,0,6,5,1,0,10,2,7,0,
demand: 844:62,16,11,5,15,11,5,15,11,5,19,15,:0,8,1,6,3,10,4,9,7,2,5,0,
demand: 220:84,15,5,9,11,96,66,:0,6,7,0,2,9,0,
demand: 124:18,96,11,16,5,19,15,84,11,80,:0,0,5,0,9,0,6,0,8,0,
demand: 353:41,69,15,96,20,27,96,20,27,18,:0,0,10,8,2,5,1,3,7,0,
demand: 818:52,96,20,27,96,11,84,17,:0,1,2,3,0,6,0,0,
demand: 359:33,96,20,96,27,96,52,96,20,36,:0,1,4,0,3,8,2,0,7,0,
demand: 10:38,96,52,95,33,5,9,32,:0,6,7,5,1,10,0,0,
demand: 435:96,52,95,33,5,19,27,96,52,95,45,68,:0,9,7,8,0,6,10,0,5,2,0,0,
demand: 940:100,44,19,95,33,15,19,44,33,4,19,44,2,21,:0,10,4,1,5,0,6,2,9,0,8,3,0,0,
demand: 104:80,21,19,4,44,45,:0,0,3,0,5,0,
demand: 496:72,1,98,70,37,:0,1,4,0,0,
demand: 226:86,1,98,77,48,:0,2,3,5,0,
demand: 195:97,19,44,35,26,51,82,26,95,71,60,27,:0,0,8,0,3,5,7,4,10,2,9,0,
demand: 868:85,14,12,1,98,77,78,68,:0,0,0,4,3,6,0,0,
demand: 801:44,98,1,75,41,69,15,33,57,:0,0,4,5,1,8,0,10,0,
demand: 335:77,98,1,33,:0,0,5,0,
demand: 753:51,1,75,41,69,51,82,26,51,82,10,:0,2,1,5,6,9,10,3,7,4,0,
demand: 18:33,7,42,77,98,1,75,41,69,15,26,15,87,15,69,6,:0,6,9,4,7,0,5,10,1,0,2,0,8,0,3,0,
demand: 950:89,7,42,77,86,:0,5,6,10,0,
demand: 91:58,57,7,42,61,51,82,26,84,:0,0,10,5,1,7,6,9,0,
demand: 575:12,42,7,42,61,51,25,:0,0,4,6,3,7,0,
demand: 163:1,24,87,74,61,49,73,92,25,12,63,12,56,71,15,:0,7,3,6,9,1,8,5,4,0,10,0,0,0,0,
demand: 870:59,1,24,87,74,39,71,60,43,39,71,8,44,:0,9,5,10,2,1,4,6,8,3,7,0,0,
demand: 814:16,11,84,24,87,74,61,51,19,:0,0,0,10,2,9,7,6,0,
demand: 917:81,40,44,35,:0,5,0,0,
demand: 334:12,1,24,87,74,91,:0,9,6,3,10,0,
demand: 898:14,13,25,92,8,38,:0,0,4,8,0,0,
demand: 304:67,80,50,26,48,22,81,40,99,25,:0,3,9,6,0,0,10,1,4,0,
demand: 711:89,25,87,74,:0,1,0,0,
demand: 170:53,9,7,80,50,25,92,73,91,:0,0,2,3,4,10,6,5,0,
demand: 468:44,25,92,73,49,61,74,60,58,:0,2,10,3,9,8,4,1,0,
demand: 606:18,82,40,81,74,60,71,39,74,10,:0,8,5,7,3,1,6,2,4,0,
demand: 238:63,25,50,80,67,39,74,60,71,55,42,83,:0,2,8,5,3,6,9,1,4,10,7,0,
demand: 815:94,60,43,60,71,55,50,73,50,80,:0,0,1,9,8,3,5,6,0,0,
demand: 683:9,63,98,77,48,51,:0,10,9,2,0,0,
demand: 632:10,67,80,50,26,48,:0,5,0,4,0,0,
demand: 687:100,50,80,67,31,43,38,75,99,40,89,:0,5,0,4,8,3,6,9,10,2,0,
demand: 569:86,99,81,71,80,:0,6,3,7,0,
demand: 498:90,43,38,71,53,23,:0,2,4,8,3,0,
demand: 382:33,67,31,43,38,71,53,49,38,88,69,:0,8,3,7,2,5,6,1,10,0,0,
demand: 246:3,31,43,63,53,71,38,1,:0,1,0,3,7,2,6,0,
demand: 417:32,63,53,9,31,40,81,99,92,:0,5,9,0,3,0,6,10,0,
demand: 135:46,49,61,30,38,43,38,43,31,67,30,33,:0,4,0,10,0,6,9,0,5,8,1,0,
demand: 633:13,92,96,27,42,:0,8,0,0,0,
demand: 797:87,55,63,97,:0,5,7,0,
demand: 684:66,96,30,53,30,18,:0,0,10,8,5,0,
demand: 954:61,30,53,63,29,100,:0,6,7,8,0,0,
demand: 529:17,49,61,30,31,:0,4,0,7,0,
Average Delay: 9.184466019417476
Runtime (mS): 17929Acceptation rate: 0.7923076923076923