2, 1, 10, 1, 2, 1, 12, 5, 
6, 10, 1, 2, 1, 12, 9, 
5, 12, 1, 10, 6, 4, 6, 10, 
13, 4, 5, 12, 1, 
15, 15, 15, 15, 15, 3, 13, 9, 12, 9, 2, 
6, 4, 6, 10, 1, 12, 9, 8, 14, 11, 
12, 5, 13, 8, 13, 9, 12, 5, 4, 
9, 14, 5, 9, 14, 
14, 13, 
9, 5, 14, 13, 3, 15, 3, 12, 
5, 14, 12, 8, 5, 7, 10, 1, 
5, 4, 
5, 13, 
15, 8, 5, 7, 5, 6, 1, 
11, 9, 6, 2, 
7, 11, 14, 
7, 11, 9, 6, 9, 7, 11, 
4, 7, 11, 9, 6, 9, 7, 10, 
6, 15, 7, 15, 6, 2, 9, 
7, 15, 6, 1, 3, 10, 
15, 6, 1, 3, 7, 2, 6, 2, 7, 3, 2, 6, 2, 7, 2, 6, 1, 3, 6, 1, 3, 7, 9, 5, 
7, 3, 1, 2, 6, 2, 3, 6, 2, 1, 3, 7, 12, 
6, 2, 3, 7, 3, 6, 2, 3, 3, 1, 2, 6, 2, 3, 14, 15, 
3, 3, 3, 13, 3, 3, 12, 3, 3, 7, 3, 3, 3, 3, demand: 932:9,2,1,10,1,2,1,12,5,:0,7,2,3,0,1,4,0,0,
demand: 625:4,6,10,1,2,1,12,9,:0,0,7,0,3,0,1,0,
demand: 144:4,5,12,1,10,6,4,6,10,:0,0,7,0,2,0,6,0,0,
demand: 946:11,13,4,5,12,1,:0,6,1,0,0,0,
demand: 607:15,15,15,15,15,15,3,13,9,12,9,2,:0,2,4,6,1,5,0,7,0,3,0,0,
demand: 679:10,6,4,6,10,1,12,9,8,14,11,:0,0,2,0,0,0,0,7,6,4,0,
demand: 351:9,12,5,13,8,13,9,12,5,4,:0,0,6,2,4,0,5,0,0,0,
demand: 33:11,9,14,5,9,14,:0,4,7,3,6,0,
demand: 616:2,14,13,:0,4,0,
demand: 288:14,9,5,14,13,3,15,3,12,:0,6,7,3,1,0,2,0,0,
demand: 773:7,5,14,12,8,5,7,10,1,:0,3,1,0,4,5,0,0,0,
demand: 687:8,5,4,:0,6,0,
demand: 279:3,5,13,:0,2,0,
demand: 395:3,15,8,5,7,5,6,1,:0,0,6,1,5,0,3,0,
demand: 255:7,11,9,6,2,:0,1,0,3,0,
demand: 312:4,7,11,14,:0,1,7,0,
demand: 198:12,7,11,9,6,9,7,11,:0,3,2,0,1,0,5,6,
demand: 61:5,4,7,11,9,6,9,7,10,:0,0,1,6,0,3,0,5,0,
demand: 983:1,6,15,7,15,6,2,9,:0,2,0,3,0,4,0,0,
demand: 244:12,7,15,6,1,3,10,:0,7,0,2,0,4,0,
demand: 525:1,6,1,3,7,9,5,:0,7,0,4,5,0,0,
demand: 568:5,6,2,1,3,7,12,:0,5,0,0,3,2,0,
demand: 123:1,3,1,2,6,2,3,14,15,:0,6,0,0,2,0,3,0,0,
Average Delay: 7.090909090909091
Runtime (mS): 39Acceptation rate: 0.55