2, 1, 10, 1, 2, 1, 12, 5, 
6, 10, 1, 12, 1, 2, 1, 10, 6, 4, 5, 12, 5, 13, 5, 
14, 4, 13, 3, 1, 
15, 15, 15, 15, 15, 15, 9, 11, 
4, 6, 9, 14, 5, 13, 3, 
6, 9, 8, 14, 8, 9, 11, 
14, 9, 13, 14, 2, 
14, 5, 8, 15, 4, 
13, 5, 13, 8, 12, 5, 14, 15, 
8, 5, 8, 
14, 5, 11, 5, 6, 5, 11, 13, 
14, 5, 11, 5, 8, 
7, 9, 6, 9, 11, 7, 15, 6, 
7, 5, 6, 10, 
7, 15, 8, 
15, 7, 11, 15, 6, 5, 3, 
6, 15, 11, 3, 7, 3, 11, 3, 1, 
15, 8, 5, 7, 11, 3, 11, 7, 5, 
3, 13, 11, 15, 6, 15, 3, 7, 3, 1, 8, 
7, 10, 3, 10, 
1, 3, 2, 3, 7, 3, 3, 15, 3, 14, 3, 12, 
7, 12, 3, 3, 3, 3, 7, 12, 3, 12, 3, 3, 5, 8, 
3, 7, 2, 7, 3, 14, 3, 14, 3, 3, 14, 3, 15, 3, 9, 7, 2, 
1, 3, 10, 14, 3, 13, 
14, 3, 5, 3, 1, 3, 14, 3, 12, 3, 1, 3, 14, 3, 5, 3, 12, 3, 14, 3, 3, 3, 3, 12, 3, 7, 3, 3, 1, 3, 14, 3, demand: 932:9,2,1,10,1,2,1,12,5,:0,7,2,3,0,1,4,0,0,
demand: 201:4,6,10,1,12,1,2,1,10,6,4,5,12,5,13,5,:0,0,6,0,7,0,1,0,2,0,3,0,5,0,4,0,
demand: 24:12,14,4,13,3,1,:0,0,1,5,0,0,
demand: 264:9,15,15,15,15,15,15,9,11,:0,6,4,2,3,1,7,5,0,
demand: 779:15,4,6,9,14,5,13,3,:0,2,0,5,6,3,0,0,
demand: 562:10,6,9,8,14,8,9,11,:0,0,7,5,6,0,4,0,
demand: 533:10,14,9,13,14,2,:0,2,5,1,4,0,
demand: 743:9,14,5,8,15,4,:0,2,1,6,0,0,
demand: 520:8,13,5,13,8,12,5,14,15,:0,0,7,0,5,0,3,1,0,
demand: 960:5,8,5,8,:0,2,1,6,
demand: 875:10,14,5,11,5,6,5,11,13,:0,0,2,5,6,7,3,4,0,
demand: 969:1,14,5,11,5,8,:0,0,3,4,7,0,
demand: 356:2,7,9,6,9,11,7,15,6,:0,5,0,4,0,2,7,0,3,
demand: 60:2,7,5,6,10,:0,7,0,4,0,
demand: 414:11,7,15,8,:0,6,0,0,
demand: 485:8,15,7,11,15,6,5,3,:0,0,5,6,0,7,0,0,
demand: 877:5,6,15,11,3,7,3,11,3,1,:0,3,0,7,6,5,4,2,0,0,
demand: 454:3,15,8,5,7,11,3,11,7,5,:0,0,1,0,2,0,7,0,0,0,
demand: 53:10,3,13,11,15,6,15,3,7,3,1,8,:0,4,0,3,0,5,0,1,2,6,0,0,
demand: 33:12,7,10,3,10,:0,5,0,1,0,
demand: 763:10,14,3,12,:0,0,1,0,
demand: 108:12,3,5,8,:0,7,0,0,
demand: 528:11,9,7,2,:0,0,2,0,
demand: 804:6,10,14,3,13,:0,0,0,2,0,
Average Delay: 7.043478260869565
Runtime (mS): 65Acceptation rate: 0.38333333333333336