15, 5, 11, 6, 16, 8, 20, 4, 
15, 5, 11, 6, 16, 6, 11, 5, 
15, 5, 
16, 6, 11, 5, 15, 7, 12, 8, 20, 20, 4, 10, 3, 13, 1, 
18, 2, 14, 4, 10, 4, 14, 4, 10, 4, 20, 4, 
demand: 616:7,15,5,11,6,16,8,20,4,:0,2,5,6,0,7,0,4,0,
demand: 335:7,15,5,11,6,16,6,11,5,:0,5,7,4,0,2,0,0,0,
demand: 93:7,15,5,:0,3,6,
demand: 342:8,16,6,11,5,15,7,12,8,20,20,4,10,3,13,1,:0,7,0,5,0,6,0,0,0,1,4,2,0,0,0,0,
demand: 570:6,18,2,14,4,10,4,14,4,10,4,20,4,:0,0,0,1,5,4,0,7,6,2,0,3,0,
Average Delay: 9.8
Runtime (mS): 10Acceptation rate: 1.0