demand: 424:5,5,5,5,8,8,:6,2,1,5,4,7,
demand: 616:7,7,7,19,19,3,10,4,:2,5,6,7,4,0,0,0,
demand: 335:7,7,7,15,5,:5,7,4,2,0,
demand: 93:7,7,5,:3,6,0,
demand: 342:8,8,8,8,9,9,1,:7,5,6,1,4,2,0,
demand: 570:6,6,6,6,18,18,18,4,:1,5,4,7,6,2,3,0,
demand: 750:8,18,2,:2,0,0,
demand: 283:8,4,9,1,:7,0,0,0,
demand: 738:6,18,2,:0,7,0,
demand: 115:7,7,7,4,5,:2,1,4,6,0,
demand: 488:6,11,11,11,9,9,7,:0,5,4,3,6,7,0,
demand: 47:2,2,2,18,18,6,:6,4,7,2,1,0,
demand: 516:7,19,19,19,3,:0,4,1,5,2,
demand: 491:5,15,15,15,4,4,4,20,8,:3,7,4,5,2,1,6,0,0,
demand: 623:8,12,12,12,7,:4,1,6,7,2,
demand: 49:8,20,20,20,4,:0,3,1,7,0,
demand: 309:3,3,19,19,7,12,8,16,6,:3,5,4,6,0,0,0,0,0,
demand: 18:4,10,10,3,19,7,15,5,:1,4,7,0,0,0,0,0,
demand: 889:4,10,3,13,1,:0,7,0,0,0,
demand: 712:6,16,16,16,8,:0,3,1,2,0,
demand: 550:3,3,3,13,13,1,1,:5,2,1,4,3,7,6,
demand: 54:6,6,16,8,12,7,:2,6,0,0,0,0,
demand: 764:3,19,18,6,:0,4,1,0,
demand: 271:7,19,3,13,1,:0,0,1,7,0,
demand: 208:4,9,9,9,1,1,13,3,:0,1,6,4,5,3,0,0,
demand: 263:7,12,8,16,6,18,2,:0,3,0,0,0,0,0,
demand: 799:4,14,14,2,18,9,1,13,3,:0,6,7,2,0,0,0,0,0,
demand: 580:2,18,7,:5,6,0,
demand: 937:5,15,9,9,9,1,1,1,13,3,:0,0,7,2,1,6,3,4,0,0,
demand: 167:6,16,16,20,14,2,:0,3,7,2,4,0,
demand: 82:8,12,12,13,1,17,5,:0,1,3,7,5,0,0,
demand: 367:1,17,5,:1,4,0,
demand: 502:4,14,2,18,6,:0,0,0,5,0,
demand: 734:4,3,3,19,7,8,:3,2,6,5,0,0,
demand: 528:8,16,6,18,2,9,1,:0,0,0,0,0,5,0,
demand: 768:1,17,17,18,15,8,:0,4,5,2,0,0,
demand: 901:3,17,5,:6,4,0,
demand: 267:8,12,7,4,18,2,:0,0,2,3,0,0,
demand: 462:5,17,17,1,9,2,18,6,:0,4,5,0,0,0,0,0,
demand: 510:6,16,8,4,5,9,1,:0,3,0,0,0,0,0,
demand: 696:1,13,3,3,19,7,12,8,:0,0,1,2,0,0,0,0,
demand: 277:2,9,9,17,17,5,:0,2,6,3,4,0,
demand: 33:1,9,2,18,6,11,11,5,:0,0,0,0,0,3,1,0,
Average Delay: 4.642857142857143
Runtime (mS): 86Acceptation rate: 0.6