11, 6, 16, 8, 20, 20, 20, 4, 20, 8, 
15, 5, 11, 6, 16, 6, 11, 5, 11, 6, 16, 8, 20, 4, 
15, 5, 11, 6, 16, 6, 11, 5, 
15, 5, 
20, 4, 14, 4, 10, 4, 14, 4, 10, 3, 13, 1, 
16, 8, 15, 4, 14, 4, 15, 8, 4, 10, 4, 
20, 4, 10, 4, 14, 2, 
9, 1, 13, 1, 
18, 9, 1, 13, 1, 9, 2, 
9, 1, 13, 1, 9, 5, 8, 5, 
18, 8, 7, 4, 9, 4, 7, 8, 7, 
demand: 424:5,11,6,16,8,20,20,20,4,20,8,:0,6,0,2,0,1,5,4,7,0,0,
demand: 616:7,15,5,11,6,16,6,11,5,11,6,16,8,20,4,:0,2,5,6,0,7,0,0,4,0,0,0,0,0,0,
demand: 335:7,15,5,11,6,16,6,11,5,:0,5,7,4,0,2,0,0,0,
demand: 93:7,15,5,:0,3,6,
demand: 342:8,20,4,14,4,10,4,14,4,10,3,13,1,:0,0,7,5,0,6,1,4,0,2,0,0,0,
demand: 570:6,16,8,15,4,14,4,15,8,4,10,4,:0,1,0,5,4,7,0,6,0,0,2,3,
demand: 750:8,20,4,10,4,14,2,:0,0,0,2,0,0,0,
demand: 283:8,9,1,13,1,:0,0,0,7,0,
demand: 738:6,18,9,1,13,1,9,2,:0,0,0,0,7,0,0,0,
demand: 115:7,9,1,13,1,9,5,8,5,:0,0,0,2,1,4,0,6,0,
demand: 488:6,18,8,7,4,9,4,7,8,7,:0,0,5,4,3,6,0,0,7,0,
Average Delay: 9.1
Runtime (mS): 13Acceptation rate: 1.0