20 7 50 2
3.98 1.02 11.66;1.15 3.73 13.72;4.82 39.64 4.09;3.87 49.39 19.2;2.78 25.47 19.53;1.01 3.47 15.68;4.95 31.21 18.13;
424;5;8;9.064053780168528;48.46862119944901;100.0;2.702429210675659;6 2 1 5 4 7 ;5 15 18 7 4 9 8 ;6 2 1 5 4 7 0 
318;5;8;38.74660970200807;9.131186589600588;50.0;0.18676035517800782;6 2 4 5 ;5 8 12 8 ;6 2 4 5 
616;7;4;45.32867779922075;46.01719339786655;200.0;2.2462003026349486;2 5 6 7 4 
335;7;5;45.32867779922075;22.27146082284432;150.0;2.8894450518568067;5 7 4 2 
93;7;5;45.32867779922075;42.373755856515885;100.0;1.3671201076873152;3 6 
342;8;1;45.32867779922075;32.93845247935739;100.0;1.5820474006540137;7 5 6 1 4 2 
570;6;4;45.32867779922075;39.977756856397974;50.0;3.2036807949194746;1 5 4 7 6 2 3 
750;8;2;45.32867779922075;0.5085454494121289;100.0;2.0853973761260254;2 
283;8;1;45.32867779922075;20.626413643778697;50.0;0.48524119486512085;7 
738;6;2;45.32867779922075;18.22099548560216;50.0;3.3818100889035136;7 
115;7;5;45.32867779922075;36.713294276740726;50.0;3.372143909998501;2 1 4 6 
488;6;7;45.32867779922075;3.0314657000728884;50.0;2.223512062662021;5 4 3 6 7 
47;2;6;45.32867779922075;23.366752048374412;200.0;0.5828246552907274;6 4 7 2 1 
516;7;3;45.32867779922075;15.196374597699759;200.0;3.5904928501051483;4 1 5 2 
491;5;8;45.32867779922075;44.082004994778856;100.0;0.10409894098818984;3 7 4 5 2 1 6 
623;8;7;45.32867779922075;1.5859291435647238;200.0;1.188643927182681;4 1 6 7 2 
49;8;4;45.32867779922075;19.667214165465936;200.0;3.453535583798963;3 1 7 
309;3;6;45.32867779922075;4.610566807007771;200.0;2.3609880423699665;3 5 4 6 
18;4;5;45.32867779922075;32.85211558554611;150.0;4.940622884269578;1 4 7 
889;4;1;45.32867779922075;0.2535691674435514;150.0;2.6687055243969664;7 
712;6;8;45.32867779922075;36.48633201209793;200.0;3.3803066826141177;3 1 2 
550;3;1;45.32867779922075;15.442493528130253;50.0;3.2635218081020243;5 2 1 4 3 7 6 
54;6;7;45.32867779922075;30.116392990414393;200.0;4.230553504065854;2 6 
764;3;6;45.32867779922075;6.214681456151022;50.0;4.1167271997273955;4 1 
271;7;1;45.32867779922075;3.671487346690705;150.0;2.787589630132513;1 7 
208;4;3;45.32867779922075;42.20775656247493;50.0;1.6949159787442718;1 6 4 5 3 
263;7;2;45.32867779922075;37.033491353425646;150.0;2.327329254735806;3 
642;7;8;45.32867779922075;4.192805109235131;50.0;3.2865055019711065;4 3 2 5 7 
799;4;3;45.32867779922075;7.500437639155388;100.0;1.7890623011264721;6 7 2 
580;2;7;45.32867779922075;30.661623431166728;50.0;3.7696292274232377;5 6 
937;5;3;45.32867779922075;14.08772459599411;100.0;4.336473608288872;7 2 1 6 3 4 
643;3;4;45.32867779922075;13.872172055523679;200.0;2.843495240775101;5 1 3 7 2 
167;6;2;45.32867779922075;16.81318013586691;200.0;2.3760400692702306;3 7 2 4 
82;8;5;45.32867779922075;15.819151852602959;150.0;3.6686454070308034;1 3 7 5 
916;6;8;45.32867779922075;39.25089961067607;100.0;2.252535337695161;6 7 4 
367;1;5;45.32867779922075;9.720474173906023;100.0;0.33855920163499476;1 4 
826;7;8;45.32867779922075;41.24013551706286;200.0;3.5834650965454773;3 6 2 4 
502;4;6;45.32867779922075;4.174547973519588;150.0;1.1632227752098734;5 
55;7;4;45.32867779922075;18.678474615022818;50.0;0.697012476573865;3 1 6 7 5 4 
734;4;8;45.32867779922075;3.3873518325717833;100.0;2.3630189079656367;3 2 6 5 
771;1;2;45.32867779922075;18.768890101188212;200.0;1.0281955364829776;3 2 7 6 
528;8;1;45.32867779922075;48.05021900634962;200.0;4.455473156975211;5 
768;1;8;45.32867779922075;24.572285212850424;100.0;1.6417942060378206;4 5 2 
901;3;5;45.32867779922075;39.94123020181268;150.0;1.5297683458938915;6 4 
267;8;2;45.32867779922075;39.067655744473576;50.0;0.22143158881523406;2 3 
383;3;5;45.32867779922075;3.3782734074257803;100.0;0.761704796762393;6 3 2 7 5 
28;4;7;45.32867779922075;27.37310366366083;100.0;4.162155174952878;7 6 2 1 5 3 4 
462;5;6;45.32867779922075;17.244102389107297;200.0;3.869547570603192;4 5 
510;6;1;45.32867779922075;3.984046053545481;50.0;4.283828646843544;3 
696;1;8;45.32867779922075;32.57532262243892;100.0;2.46689384965117;1 2 
906;6;3;45.32867779922075;20.040164563871166;200.0;3.706441286668431;7 6 1 4 5 3 
203;3;2;45.32867779922075;41.59686320621107;50.0;2.2388130129467445;7 6 5 2 1 3 
0.44
32 640 244 ;2.66 
36 116 48000 ;5.52 
36 116 48000 ;5.52 
32 640 60 ;1.68 
32 640 60 ;1.68 
36 116 48000 ;5.52 
32 640 244 ;2.66 
32 640 244 ;2.66 
32 640 244 ;2.66 
32 640 60 ;1.68 
32 640 60 ;1.68 
36 116 48000 ;5.52 
32 640 60 ;1.68 
32 640 60 ;1.68 
32 640 60 ;1.68 
32 640 60 ;1.68 
32 640 244 ;2.66 
36 116 48000 ;5.52 
32 640 244 ;2.66 
32 640 60 ;1.68 
0 0 0 0 0 0 0 0 50000 0 0 0 50000 0 0 0 50000 0 0 0 
0 0 0 0 0 0 0 0 50000 0 0 0 0 50000 0 0 0 50000 0 0 
0 0 0 0 0 0 0 0 0 50000 0 0 50000 0 0 0 0 0 50000 0 
0 0 0 0 0 0 0 0 0 50000 0 0 0 50000 0 0 0 0 0 50000 
0 0 0 0 0 0 0 0 0 0 50000 0 0 0 50000 0 50000 0 0 0 
0 0 0 0 0 0 0 0 0 0 50000 0 0 0 0 50000 0 50000 0 0 
0 0 0 0 0 0 0 0 0 0 0 50000 0 0 50000 0 0 0 50000 0 
0 0 0 0 0 0 0 0 0 0 0 50000 0 0 0 50000 0 0 0 50000 
50000 50000 0 0 0 0 0 0 0 0 0 0 0 0 0 0 0 0 0 0 
0 0 50000 50000 0 0 0 0 0 0 0 0 0 0 0 0 0 0 0 0 
0 0 0 0 50000 50000 0 0 0 0 0 0 0 0 0 0 0 0 0 0 
0 0 0 0 0 0 50000 50000 0 0 0 0 0 0 0 0 0 0 0 0 
50000 0 50000 0 0 0 0 0 0 0 0 0 0 0 0 0 0 0 0 0 
0 50000 0 50000 0 0 0 0 0 0 0 0 0 0 0 0 0 0 0 0 
0 0 0 0 50000 0 50000 0 0 0 0 0 0 0 0 0 0 0 0 0 
0 0 0 0 0 50000 0 50000 0 0 0 0 0 0 0 0 0 0 0 0 
50000 0 0 0 50000 0 0 0 0 0 0 0 0 0 0 0 0 0 0 0 
0 50000 0 0 0 50000 0 0 0 0 0 0 0 0 0 0 0 0 0 0 
0 0 50000 0 0 0 50000 0 0 0 0 0 0 0 0 0 0 0 0 0 
0 0 0 50000 0 0 0 50000 0 0 0 0 0 0 0 0 0 0 0 0 
