15, 5, 11, 6, 16, 8, 20, 4, 
15, 5, 11, 6, 16, 6, 11, 5, 
15, 5, 
16, 6, 11, 5, 15, 7, 12, 8, 20, 20, 4, 10, 3, 13, 1, 
18, 2, 14, 4, 10, 4, 14, 4, 10, 4, 20, 4, 
20, 4, 10, 4, 14, 2, 
20, 4, 14, 2, 9, 1, 
11, 5, 17, 1, 13, 1, 9, 2, 
19, 3, 13, 3, 10, 3, 13, 1, 17, 5, 
16, 8, 12, 7, 15, 5, 17, 1, 17, 5, 15, 7, 
9, 1, 17, 1, 9, 2, 14, 2, 18, 6, 
19, 3, 13, 1, 9, 1, 17, 1, 13, 3, 
11, 5, 17, 1, 9, 1, 17, 1, 9, 2, 14, 4, 20, 8, 
12, 7, 19, 3, 13, 1, 9, 1, 17, 5, 15, 7, 
20, 8, 12, 7, 19, 3, 10, 4, 
13, 1, 9, 1, 17, 5, 11, 6, 
20, 8, 12, 7, 19, 7, 15, 5, 
20, 8, 12, 7, 15, 5, 17, 1, 
16, 8, 12, 7, 12, 8, 
19, 7, 12, 8, 12, 7, 19, 3, 13, 1, 9, 1, 
16, 8, 12, 7, 
19, 7, 12, 8, 16, 6, 
12, 8, 12, 7, 15, 5, 17, 1, 
20, 8, 12, 7, 15, 5, 17, 1, 9, 1, 17, 5, 17, 1, 13, 3, 
12, 8, 16, 6, 18, 2, 
15, 5, 17, 1, 9, 2, 14, 4, 20, 8, 12, 7, 15, 5, 17, 1, 9, 2, 14, 4, 20, 8, 
20, 8, 12, 7, 19, 3, 
9, 1, 17, 5, 15, 7, 
11, 6, 11, 5, 17, 1, 9, 2, 9, 2, 14, 4, 14, 2, 9, 1, 13, 3, 
13, 1, 17, 1, 9, 2, 18, 6, 18, 2, 9, 2, 14, 4, 
18, 2, 9, 1, 13, 3, 19, 3, 13, 1, 9, 2, 
12, 7, 19, 3, 13, 1, 9, 2, 18, 6, 11, 5, 
16, 8, 12, 8, 16, 6, 16, 8, 
9, 2, 18, 6, 16, 8, 12, 7, 15, 5, 
10, 3, 13, 1, 9, 2, 18, 6, 
12, 7, 15, 5, 17, 1, 
19, 12, 7, 19, 19, 9, 2, 9, 1, 13, 3, 19, 7, 12, 8, 
18, 6, 11, 6, 18, 6, 16, 8, 12, 11, 6, 12, 8, 16, 6, 11, 6, 20, 8, 12, 19, 7, 12, 12, 12, 8, 16, 6, 11, 6, 13, 3, 19, 7, 12, 12, 8, 16, 6, 18, 2, 9, 1, 13, 3, 
12, 8, 16, 6, 18, 18, 12, 8, 
14, 2, 18, 13, 1, 9, 2, 18, 6, 16, 8, 12, 7, 
13, 1, 9, 2, 18, 6, 16, 8, 12, demand: 616:7,15,5,11,6,16,8,20,4,:0,2,5,6,0,7,0,4,0,
demand: 335:7,15,5,11,6,16,6,11,5,:0,5,7,4,0,2,0,0,0,
demand: 93:7,15,5,:0,3,6,
demand: 342:8,16,6,11,5,15,7,12,8,20,20,4,10,3,13,1,:0,7,0,5,0,6,0,0,0,1,4,2,0,0,0,0,
demand: 570:6,18,2,14,4,10,4,14,4,10,4,20,4,:0,0,0,1,5,4,0,7,6,2,0,3,0,
demand: 750:8,20,4,10,4,14,2,:0,0,0,2,0,0,0,
demand: 283:8,20,4,14,2,9,1,:0,0,0,7,0,0,0,
demand: 738:6,11,5,17,1,13,1,9,2,:0,0,0,0,0,7,0,0,0,
demand: 115:7,19,3,13,3,10,3,13,1,17,5,:0,0,0,2,0,1,0,4,6,0,0,
demand: 488:6,16,8,12,7,15,5,17,1,17,5,15,7,:0,0,5,0,4,3,0,6,7,0,0,0,0,
demand: 47:2,9,1,17,1,9,2,14,2,18,6,:0,6,4,7,0,2,0,1,0,0,0,
demand: 516:7,19,3,13,1,9,1,17,1,13,3,:0,4,0,0,1,5,0,2,0,0,0,
demand: 491:5,11,5,17,1,9,1,17,1,9,2,14,4,20,8,:0,3,0,7,4,5,0,2,1,6,0,0,0,0,0,
demand: 623:8,12,7,19,3,13,1,9,1,17,5,15,7,:0,0,4,1,0,0,6,7,0,2,0,0,0,
demand: 49:8,20,8,12,7,19,3,10,4,:0,3,0,0,1,7,0,0,0,
demand: 309:3,13,1,9,1,17,5,11,6,:0,3,5,4,0,6,0,0,0,
demand: 18:4,20,8,12,7,19,7,15,5,:0,0,1,0,4,7,0,0,0,
demand: 889:4,20,8,12,7,15,5,17,1,:0,0,7,0,0,0,0,0,0,
demand: 712:6,16,8,12,7,12,8,:0,3,1,0,2,0,0,
demand: 550:3,19,7,12,8,12,7,19,3,13,1,9,1,:0,5,2,0,1,0,0,4,0,3,7,6,0,
demand: 54:6,16,8,12,7,:0,0,2,0,6,
demand: 764:3,19,7,12,8,16,6,:0,4,1,0,0,0,0,
demand: 271:7,12,8,12,7,15,5,17,1,:0,0,1,0,0,0,0,7,0,
demand: 208:4,20,8,12,7,15,5,17,1,9,1,17,5,17,1,13,3,:0,0,1,0,6,0,0,4,0,5,0,0,3,0,0,0,0,
demand: 263:7,12,8,16,6,18,2,:0,0,0,3,0,0,0,
demand: 642:7,15,5,17,1,9,2,14,4,20,8,12,7,15,5,17,1,9,2,14,4,20,8,:0,0,0,4,0,0,0,0,3,0,2,0,5,0,0,0,0,7,0,0,0,0,0,
demand: 799:4,20,8,12,7,19,3,:0,0,6,0,7,2,0,
demand: 580:2,9,1,17,5,15,7,:0,5,6,0,0,0,0,
demand: 937:5,11,6,11,5,17,1,9,2,9,2,14,4,14,2,9,1,13,3,:0,0,7,0,0,2,0,0,1,6,0,0,3,0,4,0,0,0,0,
demand: 643:3,13,1,17,1,9,2,18,6,18,2,9,2,14,4,:0,0,0,5,0,0,1,3,7,0,0,2,0,0,0,
demand: 167:6,18,2,9,1,13,3,19,3,13,1,9,2,:0,3,7,0,0,0,0,2,4,0,0,0,0,
demand: 82:8,12,7,19,3,13,1,9,2,18,6,11,5,:0,1,0,0,3,0,0,0,7,5,0,0,0,
demand: 916:6,16,8,12,8,16,6,16,8,:0,0,6,7,0,0,4,0,0,
demand: 367:1,9,2,18,6,16,8,12,7,15,5,:0,0,1,0,0,0,0,4,0,0,0,
demand: 502:4,10,3,13,1,9,2,18,6,:0,0,5,0,0,0,0,0,0,
demand: 528:8,12,7,15,5,17,1,:0,5,0,0,0,0,0,
demand: 696:1,9,2,9,1,13,3,19,7,12,8,:0,0,1,0,0,0,0,2,0,0,0,
demand: 156:8,12,8,16,6,18,2,9,1,13,3,:0,2,0,0,6,0,0,0,0,0,0,
demand: 827:7,12,8,:0,6,0,
demand: 945:3,13,1,9,2,18,6,16,8,12,7,:0,0,0,0,0,2,0,0,0,0,0,
Average Delay: 10.4
Runtime (mS): 46Acceptation rate: 0.4