36, 18, 5, 18, 36, 55, 35, 17, 7, 29, 47, 69, 47, 29, 9, 26, 44, 68, 44, 26, 7, 23, 41, 65, 
41, 23, 7, 29, 47, 69, 47, 29, 9, 26, 44, 68, 44, 26, 9, 29, 47, 69, 47, 29, 9, 26, 44, 68, 44, 26, 7, 29, 47, 69, 47, 29, 9, 26, 44, 68, 44, 26, 9, 29, 47, 69, 47, 29, 9, 26, 44, 68, 44, 26, 7, 23, 41, 65, 
30, 12, 5, 27, 45, 68, 44, 26, 9, 29, 47, 69, 47, 29, 9, 26, 44, 68, 44, 26, 9, 14, 32, 54, 
44, 26, 7, 29, 47, 69, 47, 29, 9, 17, 35, 57, 
28, 10, 1, 25, 43, 65, 41, 23, 9, 29, 47, 69, 47, 29, 9, 26, 44, 68, 39, 21, 5, 27, 45, 68, 44, 26, 9, 29, 47, 69, 44, 26, 7, 29, 47, 69, 47, 29, 9, 26, 44, 68, 44, 26, 9, 29, 47, 67, 47, 29, 9, 26, 44, 68, 44, 26, 9, 23, 41, 65, 43, 25, 3, 10, 28, 46, 
36, 18, 5, 27, 45, 68, 44, 26, 9, 29, 47, 67, 47, 29, 9, 26, 44, 66, 44, 26, 9, 29, 47, 67, 47, 29, 9, 26, 44, 66, 44, 26, 9, 29, 47, 
28, 10, 3, 25, 43, 65, 41, 23, 9, 26, 44, 66, 44, 26, 9, 29, 47, 67, 47, 29, 9, 20, 38, 62, 
33, 15, 5, 27, 45, 66, 44, 26, 9, 23, 41, 65, 41, 23, 9, 29, 47, 67, 39, 21, 5, 27, 45, 68, 44, 26, 9, 29, 47, 67, 47, 29, 9, 26, 44, 66, 44, 26, 9, 23, 41, 65, 41, 23, 9, 26, 44, 66, 45, 27, 5, 12, 30, 53, 
99, 99, 99, 47, 29, 7, 26, 44, 66, 44, 26, 9, 23, 41, 65, 41, 23, 9, 26, 44, 64, 44, 26, 9, 23, 41, 65, 43, 25, 3, 13, 31, 49, 
39, 21, 5, 24, 42, 65, 41, 23, 9, 26, 44, 64, 44, 26, 9, 23, 41, 63, 42, 24, 5, 27, 45, 64, 45, 27, 5, 24, 42, 65, 41, 23, 9, 29, 47, 69, 
47, 29, 7, 23, 41, 65, 42, 24, 5, 27, 45, 64, 45, 27, 5, 24, 42, 63, 41, 23, 9, 20, 38, 62, 29, 7, 23, 41, 65, 42, 24, 5, 27, 45, 64, 45, 27, 5, 18, 36, 57, 
demand: 691:59,36,18,5,18,36,55,35,17,7,29,47,69,47,29,9,26,44,68,44,26,7,23,41,65,:0,0,0,3,0,0,0,0,0,0,0,0,4,0,0,0,0,0,1,0,0,0,0,0,0,
demand: 717:66,44,26,7,29,47,69,47,29,9,26,44,68,44,26,9,29,47,69,47,29,9,26,44,68,44,26,7,23,41,65,:0,0,0,4,0,0,3,0,0,0,0,0,2,0,0,0,0,0,1,0,0,0,0,0,5,0,0,0,0,0,0,
demand: 825:53,30,12,5,27,45,68,44,26,9,29,47,69,47,29,9,26,44,68,44,26,9,14,32,54,:0,0,0,4,0,0,0,0,0,0,0,0,1,0,0,0,0,0,3,0,0,0,0,0,0,
demand: 196:68,44,26,7,29,47,69,47,29,9,17,35,57,:0,0,0,4,0,0,3,0,0,0,0,0,0,
demand: 64:64,44,26,7,29,47,69,47,29,9,26,44,68,44,26,9,29,47,67,47,29,9,26,44,68,44,26,9,23,41,65,43,25,3,10,28,46,:0,0,0,3,0,0,5,0,0,0,0,0,4,0,0,0,0,0,1,0,0,0,0,0,2,0,0,0,0,0,0,0,0,0,0,0,0,
demand: 818:55,36,18,5,27,45,68,44,26,9,29,47,67,47,29,9,26,44,66,44,26,9,29,47,67,47,29,9,26,44,66,44,26,9,29,47,:0,0,0,3,0,0,0,0,0,0,0,0,5,0,0,0,0,0,4,0,0,0,0,0,2,0,0,0,0,0,1,0,0,0,0,0,
demand: 601:46,28,10,3,25,43,65,41,23,9,26,44,66,44,26,9,29,47,67,47,29,9,20,38,62,:0,0,4,0,0,0,0,0,0,0,0,0,1,0,0,0,0,0,3,0,0,0,0,0,0,
demand: 406:58,39,21,5,27,45,68,44,26,9,29,47,67,47,29,9,26,44,66,44,26,9,23,41,65,41,23,9,26,44,66,45,27,5,12,30,53,:0,0,0,3,0,0,0,0,0,0,0,0,2,0,0,0,0,0,1,0,0,0,0,0,4,0,0,0,0,0,5,0,0,0,0,0,0,
demand: 324:67,47,29,7,26,44,66,44,26,9,23,41,65,41,23,9,26,44,64,44,26,9,23,41,65,43,25,3,13,31,49,:0,0,0,1,0,0,2,0,0,0,0,0,4,0,0,0,0,0,3,0,0,0,0,0,5,0,0,0,0,0,0,
demand: 915:58,39,21,5,24,42,65,41,23,9,26,44,64,44,26,9,23,41,63,42,24,5,27,45,64,45,27,5,24,42,65,41,23,9,29,47,69,:0,0,0,2,0,0,5,0,0,0,0,0,3,0,0,0,0,0,1,0,0,0,0,0,4,0,0,0,0,0,0,0,0,0,0,0,0,
demand: 948:47,29,7,23,41,65,42,24,5,27,45,64,45,27,5,18,36,57,:0,0,2,0,0,0,0,0,0,0,0,3,0,0,0,0,0,0,
Average Delay: 28.636363636363637
Runtime (mS): 218Acceptation rate: 0.36666666666666664