demand: 691:59,59,37,19,3,25,43,65,:3,4,1,0,0,0,0,0,
demand: 717:66,66,44,44,26,7,23,41,65,:4,3,2,1,5,0,0,0,0,
demand: 825:53,53,30,12,4,15,33,54,:4,1,3,0,0,0,0,0,
demand: 196:68,68,44,26,7,17,35,57,:4,3,0,0,0,0,0,0,
demand: 64:64,64,44,44,26,7,23,41,65,43,25,3,10,28,46,:3,5,4,1,2,0,0,0,0,0,0,0,0,0,0,
demand: 818:55,55,35,35,17,7,29,47,:3,5,4,2,1,0,0,0,
demand: 601:46,46,28,10,3,22,40,62,:4,1,3,0,0,0,0,0,
demand: 406:58,58,39,39,21,4,12,30,53,:3,2,1,4,5,0,0,0,0,
demand: 324:67,67,47,47,29,7,23,41,65,43,25,3,13,31,49,:1,2,4,3,5,0,0,0,0,0,0,0,0,0,0,
demand: 915:58,58,38,38,20,7,29,47,69,:2,5,3,1,4,0,0,0,0,
demand: 948:47,47,29,7,17,35,57,:2,3,0,0,0,0,0,
demand: 20:48,48,28,10,3,25,43,61,:4,1,0,0,0,0,0,0,
demand: 568:50,50,28,10,3,25,43,65,41,23,7,29,47,:3,5,4,0,0,0,0,0,0,0,0,0,0,
demand: 407:54,54,34,16,3,10,28,46,:5,4,0,0,0,0,0,0,
demand: 211:48,28,28,10,3,19,37,57,:4,1,3,5,0,0,0,0,
demand: 569:61,61,41,41,23,7,26,44,68,:1,3,4,2,5,0,0,0,0,
demand: 320:61,61,41,23,7,26,44,68,:5,4,0,0,0,0,0,0,
demand: 420:62,62,40,22,3,19,37,55,:4,2,1,0,0,0,0,0,
demand: 866:52,52,32,14,7,29,47,:2,1,0,0,0,0,0,
demand: 724:60,60,40,22,3,16,34,56,:3,5,1,0,0,0,0,0,
demand: 708:64,64,44,26,7,14,32,56,:4,2,0,0,0,0,0,0,
demand: 286:68,68,45,45,27,4,12,30,49,:5,1,3,2,0,0,0,0,0,
Average Delay: 7.636363636363637
Runtime (mS): 126Acceptation rate: 0.22