demand: 458:79,79,79,79,70,:3,1,4,5,2,
demand: 691:59,59,35,17,7,42,65,:3,4,1,0,0,0,0,
demand: 751:63,63,63,63,70,:4,3,2,1,5,
demand: 717:66,66,66,44,44,42,65,:4,3,2,1,5,0,0,
demand: 825:53,53,30,12,4,15,33,54,:4,1,3,0,0,0,0,0,
demand: 196:68,68,44,7,17,35,57,:4,3,0,0,0,0,0,
demand: 64:64,64,64,44,44,28,46,:3,5,4,1,2,0,0,
demand: 818:55,55,35,35,17,7,44,29,47,:3,5,4,2,1,0,0,0,0,
demand: 601:46,46,28,39,62,:4,1,3,0,0,
demand: 930:70,70,70,39,39,60,:2,3,5,1,4,0,
demand: 406:58,58,15,15,4,12,30,53,:3,2,1,4,5,0,0,0,
demand: 324:67,67,47,47,29,15,4,12,30,49,:1,2,4,3,5,0,0,0,0,0,
demand: 915:58,58,58,29,29,47,69,:2,5,3,1,4,0,0,
demand: 948:47,47,29,44,7,17,35,57,:2,3,0,0,0,0,0,0,
Average Delay: 5.230769230769231
Runtime (mS): 94Acceptation rate: 0.43333333333333335