36, 18, 5, 27, 45, 68, 44, 26, 8, 29, 47, 69, 47, 29, 9, 26, 44, 68, 44, 26, 7, 23, 41, 65, 
41, 23, 7, 29, 47, 69, 47, 29, 9, 26, 44, 68, 44, 26, 9, 29, 47, 69, 47, 29, 9, 26, 44, 68, 44, 26, 7, 29, 47, 69, 47, 29, 9, 26, 44, 68, 44, 26, 9, 29, 47, 69, 47, 29, 9, 26, 44, 68, 44, 26, 7, 23, 41, 65, 
31, 13, 1, 10, 28, 29, 47, 71, 47, 29, 70, 15, 33, 54, 
44, 29, 47, 71, 47, 29, 11, 7, 17, 35, 57, 
28, 58, 29, 47, 71, 47, 29, 39, 70, 39, 21, 5, 27, 45, 68, 44, 26, 9, 29, 47, 69, 44, 26, 7, 29, 47, 69, 47, 29, 9, 26, 44, 68, 44, 26, 9, 29, 47, 69, 47, 29, 9, 26, 44, 68, 44, 26, 7, 23, 41, 65, 43, 25, 1, 10, 28, 46, 
36, 18, 5, 15, 29, 47, 71, 47, 29, 11, 70, 11, 29, 47, 71, 47, 29, 44, 70, 44, 29, 47, 
28, 10, 1, 25, 43, 65, 41, 23, 9, 29, 47, 69, 47, 29, 9, 26, 44, 68, 44, 26, 9, 20, 38, 62, 
33, 54, 33, 15, 29, 47, 67, 47, 29, 15, 44, 66, 44, 15, 29, 47, 71, 39, 29, 47, 67, 47, 29, 15, 44, 66, 44, 15, 29, 47, 67, 47, 29, 15, 44, 66, 44, 39, 60, 
29, 47, 71, 47, 67, 47, 29, 39, 44, 66, 44, 42, 65, 42, 15, 5, 12, 30, 53, 
99, 99, 99, 47, 29, 42, 70, 7, 44, 66, 44, 11, 42, 65, 42, 28, 44, 66, 44, 28, 15, 5, 12, 30, 49, 
38, 20, 7, 23, 41, 65, 41, 23, 9, 26, 44, 64, 44, 26, 9, 23, 41, 65, 41, 23, 9, 26, 44, 64, 44, 26, 9, 29, 47, 69, 
47, 29, 63, 44, 64, 44, 63, 58, 44, 64, 29, 58, 44, 64, 44, 42, 7, 17, 35, 57, 
36, 55, 35, 17, 7, 58, 44, 64, 44, 63, 44, 64, 44, 79, 63, 28, 10, 1, 25, 43, 63, 41, 61, 
44, 63, 29, 79, 63, 7, 79, 44, 64, 44, 26, 7, 15, 63, 28, 7, 26, 44, 64, 39, 63, 44, 64, 44, 58, 63, 44, 64, 44, 63, 28, 10, 1, 25, 43, 65, 41, 23, 9, 26, 44, 64, 44, 26, 9, 23, 41, 63, 41, 23, 9, 29, 47, 
28, 10, 1, 25, 43, 63, 35, 55, 35, 17, 7, 63, 44, 64, 44, 79, 39, 62, 28, 58, 44, 64, 44, 63, 39, 62, 39, 63, 39, 63, 44, 64, 44, 58, 63, 44, 64, 44, 63, 39, 62, demand: 691:59,36,18,5,27,45,68,44,26,8,29,47,69,47,29,9,26,44,68,44,26,7,23,41,65,:0,0,0,3,0,0,0,0,0,0,0,0,4,0,0,0,0,0,1,0,0,0,0,0,0,
demand: 717:66,44,26,7,29,47,69,47,29,9,26,44,68,44,26,9,29,47,69,47,29,9,26,44,68,44,26,7,23,41,65,:0,0,0,4,0,0,3,0,0,0,0,0,2,0,0,0,0,0,1,0,0,0,0,0,5,0,0,0,0,0,0,
demand: 825:53,31,13,1,10,28,29,47,71,47,29,70,15,33,54,:0,0,4,0,0,0,0,0,1,0,0,3,0,0,0,
demand: 196:68,44,29,47,71,47,29,11,7,17,35,57,:0,0,4,0,3,0,0,0,0,0,0,0,
demand: 64:64,44,26,7,29,47,69,47,29,9,26,44,68,44,26,9,29,47,69,47,29,9,26,44,68,44,26,7,23,41,65,43,25,1,10,28,46,:0,0,0,3,0,0,5,0,0,0,0,0,4,0,0,0,0,0,1,0,0,0,0,0,2,0,0,0,0,0,0,0,0,0,0,0,0,
demand: 818:55,36,18,5,15,29,47,71,47,29,11,70,11,29,47,71,47,29,44,70,44,29,47,:0,0,3,0,0,0,0,5,0,0,0,4,0,0,0,2,0,0,0,1,0,0,0,
demand: 601:46,28,10,1,25,43,65,41,23,9,29,47,69,47,29,9,26,44,68,44,26,9,20,38,62,:0,0,4,0,0,0,0,0,0,0,0,0,1,0,0,0,0,0,3,0,0,0,0,0,0,
demand: 930:70,39,29,47,67,47,29,15,44,66,44,15,29,47,67,47,29,15,44,66,44,39,60,:0,2,0,0,3,0,0,0,0,5,0,0,0,0,1,0,0,0,0,4,0,0,0,
demand: 406:58,29,47,71,47,67,47,29,39,44,66,44,42,65,42,15,5,12,30,53,:0,3,0,2,0,1,0,0,0,0,4,0,0,5,0,0,0,0,0,0,
demand: 324:67,47,29,42,70,7,44,66,44,11,42,65,42,28,44,66,44,28,15,5,12,30,49,:0,0,1,0,2,0,0,4,0,0,0,3,0,0,0,5,0,0,0,0,0,0,0,
demand: 915:58,38,20,7,23,41,65,41,23,9,26,44,64,44,26,9,23,41,65,41,23,9,26,44,64,44,26,9,29,47,69,:0,0,0,2,0,0,5,0,0,0,0,0,3,0,0,0,0,0,1,0,0,0,0,0,4,0,0,0,0,0,0,
demand: 948:47,29,58,44,64,44,42,7,17,35,57,:0,2,0,0,3,0,0,0,0,0,0,
demand: 20:48,28,10,1,25,43,63,41,61,:0,0,4,0,0,0,1,0,0,
demand: 568:50,28,10,1,25,43,65,41,23,9,26,44,64,44,26,9,23,41,63,41,23,9,29,47,:0,0,3,0,0,0,0,0,0,0,0,0,5,0,0,0,0,0,4,0,0,0,0,0,
Average Delay: 22.071428571428573
Runtime (mS): 398Acceptation rate: 0.28