demand: 691:59,59,37,19,3,25,43,65,:3,4,1,0,0,0,0,0,
demand: 717:66,66,44,44,26,7,23,41,65,:4,3,2,1,5,0,0,0,0,
demand: 825:53,53,30,12,4,15,33,54,:4,1,3,0,0,0,0,0,
demand: 196:68,68,44,26,7,17,35,57,:4,3,0,0,0,0,0,0,
demand: 64:64,64,44,44,26,7,23,41,65,43,25,3,10,28,46,:3,5,4,1,2,0,0,0,0,0,0,0,0,0,0,
demand: 818:55,55,35,35,17,7,29,47,:3,5,4,2,1,0,0,0,
demand: 601:46,46,28,10,3,22,40,62,:4,1,3,0,0,0,0,0,
demand: 406:58,58,39,39,21,4,12,30,53,:3,2,1,4,5,0,0,0,0,
demand: 324:67,67,47,47,29,7,23,41,65,43,25,3,13,31,49,:1,2,4,3,5,0,0,0,0,0,0,0,0,0,0,
demand: 915:58,58,38,38,20,7,29,47,69,:2,5,3,1,4,0,0,0,0,
demand: 948:47,47,29,7,17,35,57,:2,3,0,0,0,0,0,
Average Delay: 7.909090909090909
Runtime (mS): 104Acceptation rate: 0.36666666666666664